# 1.Frequency     2.GF_LinearResponse(Re)    3.GF_LinearResponse(Im)    4.ParticleGF(Re)   5.ParticleGF(Im)   6.HoleGF(Re)   7.HoleGF(Im)    8.Old_GS    9.New_GS   10.Particle_Norm  11.Hole_Norm   12.NI_GF(Re)   13.NI_GF(Im)  14.NI_GF_Part(Re)   15.NI_GF_Part(Im)   16.NI_GF_Hole(Re)   17.NI_GF_Hole(Im)  18.SpectralWeight  19.Iters_p   20.Iters_h    
      -4.500000000         -0.2666406664          0.1323830597E-01     -0.8316832018E-01      0.7025202157E-03     -0.1834723462          0.1253578575E-01      -11.56876466          -11.56876466          0.1185344110          0.5006863367         -0.2672964896          0.4375522578E-02     -0.8341381255E-01      0.7055538330E-03     -0.1838826770          0.3669968745E-02       0.000000000         11   1115
      -4.480000000         -0.2691854558          0.1402129703E-01     -0.8345025554E-01      0.7073624654E-03     -0.1857352003          0.1331393456E-01      -11.56876466          -11.56876466          0.1189421740          0.5160520997         -0.2690589608          0.4444984190E-02     -0.8369696292E-01      0.7104181578E-03     -0.1853619979          0.3734566033E-02      0.4463117461E-04      5    898
      -4.460000000         -0.2705950768          0.1524900748E-01     -0.8373413041E-01      0.7122549480E-03     -0.1868609464          0.1453675253E-01      -11.56876466          -11.56876466          0.1193528298          0.5391615375         -0.2708495337          0.4516363065E-02     -0.8398206863E-01      0.7153336340E-03     -0.1868674651          0.3801029431E-02      0.1378014476E-03      6    904
      -4.440000000         -0.2711755684          0.1538238661E-01     -0.8401997916E-01      0.7171996319E-03     -0.1871555893          0.1466518698E-01      -11.56876466          -11.56876466          0.1197663771          0.5416044177         -0.2726689873          0.4589737773E-02     -0.8426915027E-01      0.7203009907E-03     -0.1883998370          0.3869436783E-02      0.2353042033E-03      5    904
      -4.420000000         -0.2726201901          0.1449944281E-01     -0.8430780903E-01      0.7221962078E-03     -0.1883123811          0.1377724660E-01      -11.56876466          -11.56876466          0.1201828739          0.5249081658         -0.2745181326          0.4665191240E-02     -0.8455822872E-01      0.7253209698E-03     -0.1899599039          0.3939870270E-02      0.3304210205E-03      6    894
      -4.400000000         -0.2750853778          0.1397607181E-01     -0.8459765419E-01      0.7272464515E-03     -0.1904877237          0.1324882536E-01      -11.56876466          -11.56876466          0.1206023264          0.5147630554         -0.2763978144          0.4742811046E-02     -0.8484932518E-01      0.7303943270E-03     -0.1915484892          0.4012416719E-02      0.4210613986E-03      5    886
      -4.380000000         -0.2777357180          0.1429757540E-01     -0.8488952278E-01      0.7323500863E-03     -0.1928461952          0.1356522531E-01      -11.56876466          -11.56876466          0.1210247935          0.5208703713         -0.2783089133          0.4822689769E-02     -0.8514246115E-01      0.7355218318E-03     -0.1931664521          0.4087167938E-02      0.5110592129E-03      6    882
      -4.360000000         -0.2798043924          0.1514916372E-01     -0.8518345039E-01      0.7375089773E-03     -0.1946209420          0.1441165474E-01      -11.56876466          -11.56876466          0.1214502807          0.5368735401         -0.2802523475          0.4904925339E-02     -0.8543765841E-01      0.7407042676E-03     -0.1948146891          0.4164221072E-02      0.6047910947E-03      5    882
      -4.340000000         -0.2811394998          0.1559315785E-01     -0.8547944410E-01      0.7427227703E-03     -0.1956600557          0.1485043508E-01      -11.56876466          -11.56876466          0.1218788504          0.5449784016         -0.2822290755          0.4989621436E-02     -0.8573493910E-01      0.7459424322E-03     -0.1964941364          0.4243679004E-02      0.7026469435E-03      6    884
      -4.320000000         -0.2827613156          0.1510944266E-01     -0.8577754187E-01      0.7479934691E-03     -0.1969837738          0.1436144919E-01      -11.56876466          -11.56876466          0.1223105067          0.5359436057         -0.2842400978          0.5076887920E-02     -0.8603432565E-01      0.7512371383E-03     -0.1982057722          0.4325650781E-02      0.8003763562E-03      5    880
      -4.300000000         -0.2853955408          0.1459007545E-01     -0.8607775047E-01      0.7533206776E-03     -0.1993177903          0.1383675477E-01      -11.56876466          -11.56876466          0.1227453145          0.5260541473         -0.2862864599          0.5166841299E-02     -0.8633584083E-01      0.7565892136E-03     -0.1999506191          0.4410252085E-02      0.8949128585E-03      6    870
      -4.280000000         -0.2885889412          0.1481328659E-01     -0.8638010932E-01      0.7587064972E-03     -0.2022088319          0.1405458010E-01      -11.56876466          -11.56876466          0.1231832773          0.5301817103         -0.2883692549          0.5259605244E-02     -0.8663950775E-01      0.7619995010E-03     -0.2017297471          0.4497605743E-02      0.9885066668E-03      5    862
      -4.260000000         -0.2917558349          0.1589944222E-01     -0.8668462461E-01      0.7641504704E-03     -0.2050712103          0.1513529175E-01      -11.56876466          -11.56876466          0.1236244635          0.5501811667         -0.2904896261          0.5355311150E-02     -0.8694534984E-01      0.7674688594E-03     -0.2035442763          0.4587842290E-02      0.1086268319E-02      6    859
      -4.240000000         -0.2943828674          0.1782496434E-01     -0.8699133772E-01      0.7696548233E-03     -0.2073915297          0.1705530951E-01      -11.56876466          -11.56876466          0.1240688751          0.5840574268         -0.2926487709          0.5454098750E-02     -0.8725339090E-01      0.7729981637E-03     -0.2053953800          0.4681100586E-02      0.1193616439E-02      5    860
      -4.220000000         -0.2957265934          0.2013378060E-01     -0.8730025466E-01      0.7752190591E-03     -0.2084263387          0.1935856154E-01      -11.56876466          -11.56876466          0.1245165838          0.6222094888         -0.2948479436          0.5556116792E-02     -0.8756365507E-01      0.7785883052E-03     -0.2072842885          0.4777528486E-02      0.1314442877E-02      6    862
      -4.200000000         -0.2957278786          0.2158260727E-01     -0.8761141321E-01      0.7808451093E-03     -0.2081164654          0.2080176216E-01      -11.56876466          -11.56876466          0.1249676004          0.6450297940         -0.2970884591          0.5661523779E-02     -0.8787616686E-01      0.7842401922E-03     -0.2092122922          0.4877283587E-02      0.1447230264E-02      6    862
      -4.180000000         -0.2953943516          0.2150451033E-01     -0.8792483409E-01      0.7865335975E-03     -0.2074695175          0.2071797673E-01      -11.56876466          -11.56876466          0.1254219707          0.6436883279         -0.2993716973          0.5770488790E-02     -0.8819095112E-01      0.7899547501E-03     -0.2111807462          0.4980534039E-02      0.1584380819E-02      6    855
      -4.160000000         -0.2956576932          0.1992059799E-01     -0.8824054225E-01      0.7922854325E-03     -0.2074171510          0.1912831256E-01      -11.56876466          -11.56876466          0.1258797339          0.6185290664         -0.3016991071          0.5883192376E-02     -0.8850803310E-01      0.7957329219E-03     -0.2131910740          0.5087459454E-02      0.1716241034E-02      6    836
