# 1.Frequency     2.DD_LinearResponse(Re)    3.DD_LinearResponse(Im)    4.Orthog    5.Norm    6.NewGS   7.OldGS  8.OrthogRHS    9.NI_LR(Re)   10.NI_LR(Im)   11.Iters
       4.900000000          0.6506460726E-02      0.2238655606          0.1527051378E-03       1.008641388          0.7105561446          0.7105561446          0.1255939797E-14      0.1808373508          0.2012049286        5000
       4.910000000          0.6679866860E-02      0.2146950549          0.1072252754E-03       1.016467214          0.7105561446          0.7105561446          0.1255939797E-14      0.1810649780          0.2001730874        5000
       4.920000000          0.1116194975E-03      0.2196560299          0.1927488231E-03       1.074212210          0.7105561446          0.7105561446          0.1255939797E-14      0.1812866548          0.1991467913        5000
       4.930000000          0.3907876049E-02      0.2289248026          0.2626542033E-03       1.126637627          0.7105561446          0.7105561446          0.1255939797E-14      0.1815028086          0.1981260102        5000
       4.940000000          0.1203454255E-01      0.2325772013          0.2157019814E-03       1.145460717          0.7105561446          0.7105561446          0.1255939797E-14      0.1817138509          0.1971106185        5000
       4.950000000          0.1694097572E-01      0.2314709534          0.1284379962E-03       1.142875985          0.7105561446          0.7105561446          0.1255939797E-14      0.1819201503          0.1961004036        5000
       4.960000000          0.1796102138E-01      0.2300733102          0.1935075613E-03       1.138813119          0.7105561446          0.7105561446          0.1255939797E-14      0.1821220094          0.1950950804        5000
       4.970000000          0.1818914025E-01      0.2300577709          0.2429549063E-03       1.139042980          0.7105561446          0.7105561446          0.1255939797E-14      0.1823196469          0.1940943136        5000
       4.980000000          0.1910829795E-01      0.2303681712          0.2313940577E-03       1.139300387          0.7105561446          0.7105561446          0.1255939797E-14      0.1825131865          0.1930977424        5000
       4.990000000          0.2031806939E-01      0.2301593401          0.1948563126E-03       1.136592545          0.7105561446          0.7105561446          0.1255939797E-14      0.1827026546          0.1921050090        5000
       5.000000000          0.2128647108E-01      0.2297096356          0.1713985339E-03       1.132861762          0.7105561446          0.7105561446          0.1255939797E-14      0.1828879852          0.1911157849        5000
       5.010000000          0.2202771087E-01      0.2294064064          0.1860433678E-03       1.129926860          0.7105561446          0.7105561446          0.1255939797E-14      0.1830690322          0.1901297959        5000
       5.020000000          0.2269110382E-01      0.2292569375          0.2131709249E-03       1.127840724          0.7105561446          0.7105561446          0.1255939797E-14      0.1832455892          0.1891468407        5000
       5.030000000          0.2328176261E-01      0.2291689313          0.2304917685E-03       1.126154991          0.7105561446          0.7105561446          0.1255939797E-14      0.1834174125          0.1881668046        5000
       5.040000000          0.2375612473E-01      0.2291501899          0.2336947893E-03       1.124876042          0.7105561446          0.7105561446          0.1255939797E-14      0.1835842472          0.1871896649        5000
       5.050000000          0.2415002760E-01      0.2292469850          0.2301510025E-03       1.124129256          0.7105561446          0.7105561446          0.1255939797E-14      0.1837458533          0.1862154894        5000
       5.060000000          0.2453445037E-01      0.2294390451          0.2325062160E-03       1.123841910          0.7105561446          0.7105561446          0.1255939797E-14      0.1839020306          0.1852444265        5000
       5.070000000          0.2491601924E-01      0.2296915363          0.2434473769E-03       1.123898518          0.7105561446          0.7105561446          0.1255939797E-14      0.1840526387          0.1842766908        5000
       5.080000000          0.2522783672E-01      0.2300142415          0.2573612990E-03       1.124395190          0.7105561446          0.7105561446          0.1255939797E-14      0.1841976126          0.1833125419        5000
       5.090000000          0.2546096448E-01      0.2304785245          0.2687122099E-03       1.125655439          0.7105561446          0.7105561446          0.1255939797E-14      0.1843369716          0.1823522611        5000
       5.100000000          0.2566263050E-01      0.2311416302          0.2765884325E-03       1.127904374          0.7105561446          0.7105561446          0.1255939797E-14      0.1844708211          0.1813961264        5000
       5.110000000          0.2593098729E-01      0.2319926118          0.2830120081E-03       1.131109154          0.7105561446          0.7105561446          0.1255939797E-14      0.1845993472          0.1804443875        5000
       5.120000000          0.2628904075E-01      0.2329996523          0.2902419794E-03       1.135109667          0.7105561446          0.7105561446          0.1255939797E-14      0.1847228045          0.1794972445        5000
       5.130000000          0.2673960511E-01      0.2341344034          0.2991065366E-03       1.139807171          0.7105561446          0.7105561446          0.1255939797E-14      0.1848414983          0.1785548306        5000
       5.140000000          0.2727541137E-01      0.2354031290          0.3084129903E-03       1.145238173          0.7105561446          0.7105561446          0.1255939797E-14      0.1849557621          0.1776172010        5000
       5.150000000          0.2792691625E-01      0.2368113986          0.3171119613E-03       1.151428673          0.7105561446          0.7105561446          0.1255939797E-14      0.1850659340          0.1766843291        5000
       5.160000000          0.2872708787E-01      0.2383548098          0.3247532108E-03       1.158342712          0.7105561446          0.7105561446          0.1255939797E-14      0.1851723331          0.1757561105        5000
       5.170000000          0.2970600751E-01      0.2400098757          0.3315735770E-03       1.165861232          0.7105561446          0.7105561446          0.1255939797E-14      0.1852752385          0.1748323728        5000
       5.180000000          0.3087808713E-01      0.2417452705          0.3377424803E-03       1.173832411          0.7105561446          0.7105561446          0.1255939797E-14      0.1853748730          0.1739128911        5000
       5.190000000          0.3225101482E-01      0.2435352655          0.3439855879E-03       1.182118563          0.7105561446          0.7105561446          0.1255939797E-14      0.1854713924          0.1729974071        5000
       5.200000000          0.3381818950E-01      0.2453716750          0.3502365662E-03       1.190683466          0.7105561446          0.7105561446          0.1255939797E-14      0.1855648807          0.1720856490        5000
       5.210000000          0.3559370339E-01      0.2472336045          0.3560788924E-03       1.199429789          0.7105561446          0.7105561446          0.1255939797E-14      0.1856553515          0.1711773521        5000
       5.220000000          0.3757652274E-01      0.2491124813          0.3616370722E-03       1.208329164          0.7105561446          0.7105561446          0.1255939797E-14      0.1857427539          0.1702722771        5000
       5.230000000          0.3978200920E-01      0.2509897632          0.3665723038E-03       1.217284814          0.7105561446          0.7105561446          0.1255939797E-14      0.1858269839          0.1693702252        5000
       5.240000000          0.4221914203E-01      0.2528296982          0.3707684557E-03       1.226120670          0.7105561446          0.7105561446          0.1255939797E-14      0.1859078985          0.1684710506        5000
       5.250000000          0.4489358537E-01      0.2546302921          0.3746909646E-03       1.234811803          0.7105561446          0.7105561446          0.1255939797E-14      0.1859853323          0.1675746667        5000
       5.260000000          0.4780541848E-01      0.2563555488          0.3780379675E-03       1.243181921          0.7105561446          0.7105561446          0.1255939797E-14      0.1860591157          0.1666810493        5000
       5.270000000          0.5095215208E-01      0.2579854467          0.3813040798E-03       1.251153278          0.7105561446          0.7105561446          0.1255939797E-14      0.1861290921          0.1657902326        5000
       5.280000000          0.5433915622E-01      0.2594914424          0.3844257670E-03       1.258570052          0.7105561446          0.7105561446          0.1255939797E-14      0.1861951332          0.1649023021        5000
       5.290000000          0.5796650799E-01      0.2608488580          0.3873154278E-03       1.265313329          0.7105561446          0.7105561446          0.1255939797E-14      0.1862571517          0.1640173822        5000
       5.300000000          0.6183425846E-01      0.2620254364          0.3903356630E-03       1.271218152          0.7105561446          0.7105561446          0.1255939797E-14      0.1863151088          0.1631356220        5000
       5.310000000          0.6592399125E-01      0.2629827135          0.3928604621E-03       1.276113844          0.7105561446          0.7105561446          0.1255939797E-14      0.1863690174          0.1622571796        5000
       5.320000000          0.7021955388E-01      0.2636910227          0.3955027565E-03       1.279855576          0.7105561446          0.7105561446          0.1255939797E-14      0.1864189405          0.1613822064        5000
       5.330000000          0.7469853699E-01      0.2641151278          0.3982467480E-03       1.282259953          0.7105561446          0.7105561446          0.1255939797E-14      0.1864649847          0.1605108335        5000
       5.340000000          0.7932407527E-01      0.2642201655          0.4007040313E-03       1.283148372          0.7105561446          0.7105561446          0.1255939797E-14      0.1865072911          0.1596431613        5000
       5.350000000          0.8406274121E-01      0.2639868006          0.4031073578E-03       1.282426555          0.7105561446          0.7105561446          0.1255939797E-14      0.1865460233          0.1587792522        5000
       5.360000000          0.8887030599E-01      0.2633914930          0.4047439006E-03       1.279969964          0.7105561446          0.7105561446          0.1255939797E-14      0.1865813547          0.1579191276        5000
       5.370000000          0.9370682734E-01      0.2624295715          0.4059309782E-03       1.275766940          0.7105561446          0.7105561446          0.1255939797E-14      0.1866134555          0.1570627696        5000
       5.380000000          0.9852802499E-01      0.2610937668          0.4066019692E-03       1.269771571          0.7105561446          0.7105561446          0.1255939797E-14      0.1866424827          0.1562101252        5000
       5.390000000          0.1032705238          0.2593779391          0.4075584688E-03       1.261934886          0.7105561446          0.7105561446          0.1255939797E-14      0.1866685708          0.1553611143        5000
       5.400000000          0.1078927746          0.2573042270          0.4083685910E-03       1.252363063          0.7105561446          0.7105561446          0.1255939797E-14      0.1866918279          0.1545156391        5000
       5.410000000          0.1123650000          0.2548912161          0.4087527058E-03       1.241134924          0.7105561446          0.7105561446          0.1255939797E-14      0.1867123336          0.1536735935        5000
       5.420000000          0.1166426177          0.2521570830          0.4094741396E-03       1.228325506          0.7105561446          0.7105561446          0.1255939797E-14      0.1867301415          0.1528348719        5000
       5.430000000          0.1207053994          0.2491312420          0.4098949102E-03       1.214083090          0.7105561446          0.7105561446          0.1255939797E-14      0.1867452834          0.1519993755        5000
       5.440000000          0.1245223177          0.2458421231          0.4103842687E-03       1.198540104          0.7105561446          0.7105561446          0.1255939797E-14      0.1867577750          0.1511670166        5000
       5.450000000          0.1280722989          0.2423241112          0.4106404364E-03       1.181866631          0.7105561446          0.7105561446          0.1255939797E-14      0.1867676216          0.1503377191        5000
       5.460000000          0.1313444451          0.2386074147          0.4112260870E-03       1.164202466          0.7105561446          0.7105561446          0.1255939797E-14      0.1867748224          0.1495114180        5000
       5.470000000          0.1343265884          0.2347142904          0.4121097701E-03       1.145628913          0.7105561446          0.7105561446          0.1255939797E-14      0.1867793740          0.1486880568        5000
       5.480000000          0.1370082428          0.2306802035          0.4131572526E-03       1.126326024          0.7105561446          0.7105561446          0.1255939797E-14      0.1867812706          0.1478675850        5000
       5.490000000          0.1393773784          0.2265367345          0.4139744031E-03       1.106432719          0.7105561446          0.7105561446          0.1255939797E-14      0.1867805036          0.1470499561        5000
       5.500000000          0.1414382240          0.2223112526          0.4154696873E-03       1.086083403          0.7105561446          0.7105561446          0.1255939797E-14      0.1867770598          0.1462351270        5000
       5.510000000          0.1431946570          0.2180249446          0.4173642971E-03       1.065373901          0.7105561446          0.7105561446          0.1255939797E-14      0.1867709192          0.1454230594        5000
       5.520000000          0.1446408065          0.2137192474          0.4195495307E-03       1.044514686          0.7105561446          0.7105561446          0.1255939797E-14      0.1867620541          0.1446137221        5000
       5.530000000          0.1457863962          0.2094166503          0.4223558122E-03       1.023611668          0.7105561446          0.7105561446          0.1255939797E-14      0.1867504291          0.1438070951        5000
       5.540000000          0.1466366324          0.2051408759          0.4254505530E-03       1.002767684          0.7105561446          0.7105561446          0.1255939797E-14      0.1867360037          0.1430031736        5000
       5.550000000          0.1471982667          0.2009319791          0.4286390107E-03      0.9821866257          0.7105561446          0.7105561446          0.1255939797E-14      0.1867187367          0.1422019710        5000
       5.560000000          0.1475001182          0.1968002113          0.4329831810E-03      0.9619423851          0.7105561446          0.7105561446          0.1255939797E-14      0.1866985921          0.1414035207        5000
       5.570000000          0.1475497386          0.1927726638          0.4368019318E-03      0.9421587870          0.7105561446          0.7105561446          0.1255939797E-14      0.1866755457          0.1406078749        5000
       5.580000000          0.1473662952          0.1888572361          0.4416628298E-03      0.9228768680          0.7105561446          0.7105561446          0.1255939797E-14      0.1866495920          0.1398151010        5000
       5.590000000          0.1469602678          0.1850820956          0.4465027268E-03      0.9042217386          0.7105561446          0.7105561446          0.1255939797E-14      0.1866207487          0.1390252757        5000
       5.600000000          0.1463543345          0.1814552427          0.4516811826E-03      0.8862405355          0.7105561446          0.7105561446          0.1255939797E-14      0.1865890598          0.1382384776        5000
       5.610000000          0.1455670557          0.1780042928          0.4566813369E-03      0.8690643967          0.7105561446          0.7105561446          0.1255939797E-14      0.1865545954          0.1374547791        5000
       5.620000000          0.1446242317          0.1747333747          0.4615418763E-03      0.8527229740          0.7105561446          0.7105561446          0.1255939797E-14      0.1865174494          0.1366742384        5000
       5.630000000          0.1435481969          0.1716474290          0.4664532417E-03      0.8372450851          0.7105561446          0.7105561446          0.1255939797E-14      0.1864777347          0.1358968933        5000
       5.640000000          0.1423596745          0.1687476532          0.4714416615E-03      0.8226390728          0.7105561446          0.7105561446          0.1255939797E-14      0.1864355767          0.1351227561        5000
       5.650000000          0.1410836266          0.1660398893          0.4760762053E-03      0.8089464649          0.7105561446          0.7105561446          0.1255939797E-14      0.1863911063          0.1343518112        5000
       5.660000000          0.1397411009          0.1635166412          0.4804714095E-03      0.7961428261          0.7105561446          0.7105561446          0.1255939797E-14      0.1863444524          0.1335840139        5000
       5.670000000          0.1383500786          0.1611687780          0.4847171318E-03      0.7841996409          0.7105561446          0.7105561446          0.1255939797E-14      0.1862957343          0.1328192917        5000
       5.680000000          0.1369273342          0.1589888616          0.4887495874E-03      0.7730926016          0.7105561446          0.7105561446          0.1255939797E-14      0.1862450550          0.1320575465        5000
       5.690000000          0.1354863043          0.1569623301          0.4924855598E-03      0.7627658940          0.7105561446          0.7105561446          0.1255939797E-14      0.1861924942          0.1312986587        5000
       5.700000000          0.1340348591          0.1550762619          0.4959427370E-03      0.7531641581          0.7105561446          0.7105561446          0.1255939797E-14      0.1861381027          0.1305424927        5000
       5.710000000          0.1325797005          0.1533244162          0.4987746454E-03      0.7442571050          0.7105561446          0.7105561446          0.1255939797E-14      0.1860818974          0.1297889047        5000
       5.720000000          0.1311207190          0.1516992402          0.5011022240E-03      0.7359889430          0.7105561446          0.7105561446          0.1255939797E-14      0.1860238579          0.1290377515        5000
       5.730000000          0.1296587676          0.1501972002          0.5027464882E-03      0.7283264905          0.7105561446          0.7105561446          0.1255939797E-14      0.1859639257          0.1282889016        5000
       5.740000000          0.1281989715          0.1488163242          0.5039391378E-03      0.7212522247          0.7105561446          0.7105561446          0.1255939797E-14      0.1859020069          0.1275422468        5000
       5.750000000          0.1267462763          0.1475502998          0.5047181454E-03      0.7147362648          0.7105561446          0.7105561446          0.1255939797E-14      0.1858379791          0.1267977142        5000
       5.760000000          0.1253043619          0.1463909697          0.5051879857E-03      0.7087482784          0.7105561446          0.7105561446          0.1255939797E-14      0.1857717020          0.1260552757        5000
       5.770000000          0.1238729899          0.1453337955          0.5054727235E-03      0.7032621397          0.7105561446          0.7105561446          0.1255939797E-14      0.1857030327          0.1253149536        5000
       5.780000000          0.1224590625          0.1443798901          0.5052797461E-03      0.6982806134          0.7105561446          0.7105561446          0.1255939797E-14      0.1856318428          0.1245768218        5000
       5.790000000          0.1210628129          0.1435262507          0.5048428166E-03      0.6937795747          0.7105561446          0.7105561446          0.1255939797E-14      0.1855580357          0.1238409995        5000
       5.800000000          0.1196892001          0.1427690916          0.5040130330E-03      0.6897480481          0.7105561446          0.7105561446          0.1255939797E-14      0.1854815614          0.1231076391        5000
       5.810000000          0.1183412862          0.1421032643          0.5028977846E-03      0.6861693785          0.7105561446          0.7105561446          0.1255939797E-14      0.1854024265          0.1223769085        5000
       5.820000000          0.1170249417          0.1415275649          0.5014192318E-03      0.6830344784          0.7105561446          0.7105561446          0.1255939797E-14      0.1853206970          0.1216489715        5000
       5.830000000          0.1157420829          0.1410360694          0.4996933392E-03      0.6803253711          0.7105561446          0.7105561446          0.1255939797E-14      0.1852364934          0.1209239669        5000
       5.840000000          0.1144959661          0.1406266000          0.4976537642E-03      0.6780331415          0.7105561446          0.7105561446          0.1255939797E-14      0.1851499796          0.1202019917        5000
       5.850000000          0.1132873982          0.1402952744          0.4952970627E-03      0.6761403627          0.7105561446          0.7105561446          0.1255939797E-14      0.1850613450          0.1194830891        5000
       5.860000000          0.1121204077          0.1400413348          0.4924852408E-03      0.6746401255          0.7105561446          0.7105561446          0.1255939797E-14      0.1849707856          0.1187672441        5000
       5.870000000          0.1109964207          0.1398603974          0.4892368261E-03      0.6735166342          0.7105561446          0.7105561446          0.1255939797E-14      0.1848784842          0.1180543857        5000
       5.880000000          0.1099161363          0.1397505611          0.4854295482E-03      0.6727573210          0.7105561446          0.7105561446          0.1255939797E-14      0.1847845934          0.1173443955        5000
       5.890000000          0.1088861544          0.1397101990          0.4809780392E-03      0.6723559395          0.7105561446          0.7105561446          0.1255939797E-14      0.1846892237          0.1166371213        5000
       5.900000000          0.1079099698          0.1397362156          0.4757869406E-03      0.6722967094          0.7105561446          0.7105561446          0.1255939797E-14      0.1845924365          0.1159323926        5000
       5.910000000          0.1069887728          0.1398221973          0.4699092620E-03      0.6725524490          0.7105561446          0.7105561446          0.1255939797E-14      0.1844942427          0.1152300367        5000
       5.920000000          0.1061248753          0.1399623941          0.4634387201E-03      0.6731036618          0.7105561446          0.7105561446          0.1255939797E-14      0.1843946064          0.1145298938        5000
       5.930000000          0.1053187898          0.1401534997          0.4563157849E-03      0.6739365732          0.7105561446          0.7105561446          0.1255939797E-14      0.1842934522          0.1138318293        5000
       5.940000000          0.1045647050          0.1403933976          0.4484703686E-03      0.6750387053          0.7105561446          0.7105561446          0.1255939797E-14      0.1841906756          0.1131357428        5000
       5.950000000          0.1038655052          0.1406807521          0.4401044945E-03      0.6764070648          0.7105561446          0.7105561446          0.1255939797E-14      0.1840861542          0.1124415738        5000
       5.960000000          0.1032227919          0.1410156192          0.4311076371E-03      0.6780348066          0.7105561446          0.7105561446          0.1255939797E-14      0.1839797601          0.1117493043        5000
       5.970000000          0.1026392633          0.1413979942          0.4213138616E-03      0.6799119947          0.7105561446          0.7105561446          0.1255939797E-14      0.1838713725          0.1110589574        5000
       5.980000000          0.1021190281          0.1418237234          0.4111709119E-03      0.6820153276          0.7105561446          0.7105561446          0.1255939797E-14      0.1837608885          0.1103705932        5000
       5.990000000          0.1016652864          0.1422860285          0.4006638559E-03      0.6843292173          0.7105561446          0.7105561446          0.1255939797E-14      0.1836482329          0.1096843013        5000
       6.000000000          0.1012785416          0.1427819802          0.3899234876E-03      0.6868401341          0.7105561446          0.7105561446          0.1255939797E-14      0.1835333658          0.1090001912        5000
       6.010000000          0.1009568753          0.1433091446          0.3789726081E-03      0.6895405397          0.7105561446          0.7105561446          0.1255939797E-14      0.1834162859          0.1083183808        5000
       6.020000000          0.1007045628          0.1438670557          0.3678929690E-03      0.6924200445          0.7105561446          0.7105561446          0.1255939797E-14      0.1832970316          0.1076389839        5000
       6.030000000          0.1005235393          0.1444552289          0.3566088129E-03      0.6954701222          0.7105561446          0.7105561446          0.1255939797E-14      0.1831756770          0.1069620981        5000
       6.040000000          0.1004185308          0.1450685473          0.3453248776E-03      0.6986551089          0.7105561446          0.7105561446          0.1255939797E-14      0.1830523246          0.1062877946        5000
       6.050000000          0.1003933075          0.1456961043          0.3340674411E-03      0.7019516054          0.7105561446          0.7105561446          0.1255939797E-14      0.1829270951          0.1056161113        5000
       6.060000000          0.1004499120          0.1463330704          0.3229505612E-03      0.7053320481          0.7105561446          0.7105561446          0.1255939797E-14      0.1828001151          0.1049470491        5000
       6.070000000          0.1005847150          0.1469775045          0.3121811584E-03      0.7087848255          0.7105561446          0.7105561446          0.1255939797E-14      0.1826715052          0.1042805734        5000
       6.080000000          0.1008014308          0.1476234809          0.3014911652E-03      0.7122807039          0.7105561446          0.7105561446          0.1255939797E-14      0.1825413695          0.1036166189        5000
       6.090000000          0.1011016779          0.1482675530          0.2910137465E-03      0.7157851308          0.7105561446          0.7105561446          0.1255939797E-14      0.1824097869          0.1029550975        5000
       6.100000000          0.1014891576          0.1488982655          0.2807109011E-03      0.7192438090          0.7105561446          0.7105561446          0.1255939797E-14      0.1822768074          0.1022959086        5000
       6.110000000          0.1019632912          0.1495048956          0.2707492873E-03      0.7226020173          0.7105561446          0.7105561446          0.1255939797E-14      0.1821424505          0.1016389489        5000
       6.120000000          0.1025128569          0.1500816012          0.2611219912E-03      0.7258545995          0.7105561446          0.7105561446          0.1255939797E-14      0.1820067084          0.1009841218        5000
       6.130000000          0.1031329941          0.1506253543          0.2517479135E-03      0.7289884311          0.7105561446          0.7105561446          0.1255939797E-14      0.1818695508          0.1003313445        5000
       6.140000000          0.1038223983          0.1511341010          0.2426580068E-03      0.7319740914          0.7105561446          0.7105561446          0.1255939797E-14      0.1817309313          0.9968055305E-01    5000
       6.150000000          0.1045781392          0.1516014897          0.2338505064E-03      0.7347838065          0.7105561446          0.7105561446          0.1255939797E-14      0.1815907949          0.9903170404E-01    5000
       6.160000000          0.1053960337          0.1520252223          0.2253830514E-03      0.7373962268          0.7105561446          0.7105561446          0.1255939797E-14      0.1814490843          0.9838477465E-01    5000
       6.170000000          0.1062750913          0.1523993598          0.2172115963E-03      0.7397617510          0.7105561446          0.7105561446          0.1255939797E-14      0.1813057457          0.9773976047E-01    5000
       6.180000000          0.1072066113          0.1527192368          0.2091710409E-03      0.7418710873          0.7105561446          0.7105561446          0.1255939797E-14      0.1811607327          0.9709667231E-01    5000
       6.190000000          0.1081876160          0.1529774006          0.2016076239E-03      0.7436780506          0.7105561446          0.7105561446          0.1255939797E-14      0.1810140095          0.9645553233E-01    5000
       6.200000000          0.1092071016          0.1531763523          0.1939683057E-03      0.7452061984          0.7105561446          0.7105561446          0.1255939797E-14      0.1808655513          0.9581637015E-01    5000
       6.210000000          0.1102622121          0.1533130772          0.1864364786E-03      0.7464250916          0.7105561446          0.7105561446          0.1255939797E-14      0.1807153454          0.9517921935E-01    5000
       6.220000000          0.1113446339          0.1533883202          0.1790734755E-03      0.7473467755          0.7105561446          0.7105561446          0.1255939797E-14      0.1805633891          0.9454411480E-01    5000
       6.230000000          0.1124485315          0.1534058046          0.1719485633E-03      0.7479927305          0.7105561446          0.7105561446          0.1255939797E-14      0.1804096899          0.9391109076E-01    5000
       6.240000000          0.1135713497          0.1533657095          0.1651852743E-03      0.7483578254          0.7105561446          0.7105561446          0.1255939797E-14      0.1802542634          0.9328017975E-01    5000
       6.250000000          0.1147106092          0.1532666976          0.1587332082E-03      0.7484267780          0.7105561446          0.7105561446          0.1255939797E-14      0.1800971333          0.9265141178E-01    5000
       6.260000000          0.1158590750          0.1531110709          0.1526586209E-03      0.7482336382          0.7105561446          0.7105561446          0.1255939797E-14      0.1799383313          0.9202481346E-01    5000
       6.270000000          0.1170168817          0.1528970546          0.1468104489E-03      0.7477480775          0.7105561446          0.7105561446          0.1255939797E-14      0.1797778972          0.9140040654E-01    5000
       6.280000000          0.1181800043          0.1526269091          0.1410213345E-03      0.7469819915          0.7105561446          0.7105561446          0.1255939797E-14      0.1796158787          0.9077820573E-01    5000
       6.290000000          0.1193451449          0.1522998602          0.1352914871E-03      0.7459373912          0.7105561446          0.7105561446          0.1255939797E-14      0.1794523308          0.9015821578E-01    5000
       6.300000000          0.1205074489          0.1519187381          0.1297997963E-03      0.7446395848          0.7105561446          0.7105561446          0.1255939797E-14      0.1792873128          0.8954042853E-01    5000
       6.310000000          0.1216657541          0.1514885839          0.1245452096E-03      0.7431071606          0.7105561446          0.7105561446          0.1255939797E-14      0.1791208854          0.8892482047E-01    5000
       6.320000000          0.1228177947          0.1510083706          0.1196037623E-03      0.7413476244          0.7105561446          0.7105561446          0.1255939797E-14      0.1789531047          0.8831135174E-01    5000
       6.330000000          0.1239622357          0.1504787573          0.1150304335E-03      0.7393551610          0.7105561446          0.7105561446          0.1255939797E-14      0.1787840172          0.8769996706E-01    5000
       6.340000000          0.1250978929          0.1498979351          0.1107104170E-03      0.7370976000          0.7105561446          0.7105561446          0.1255939797E-14      0.1786136538          0.8709059891E-01    5000
       6.350000000          0.1262202798          0.1492714048          0.1067857079E-03      0.7346215536          0.7105561446          0.7105561446          0.1255939797E-14      0.1784420263          0.8648317272E-01    5000
       6.360000000          0.1273262989          0.1485978179          0.1033665861E-03      0.7319277022          0.7105561446          0.7105561446          0.1255939797E-14      0.1782691244          0.8587761362E-01    5000
       6.370000000          0.1284144272          0.1478813676          0.1000106080E-03      0.7290281532          0.7105561446          0.7105561446          0.1255939797E-14      0.1780949166          0.8527385378E-01    5000
       6.380000000          0.1294831748          0.1471248925          0.9700120550E-04      0.7259347579          0.7105561446          0.7105561446          0.1255939797E-14      0.1779193528          0.8467183958E-01    5000
       6.390000000          0.1305316909          0.1463293933          0.9404404136E-04      0.7226403098          0.7105561446          0.7105561446          0.1255939797E-14      0.1777423695          0.8407153743E-01    5000
       6.400000000          0.1315573762          0.1454927561          0.9131241158E-04      0.7191204103          0.7105561446          0.7105561446          0.1255939797E-14      0.1775638974          0.8347293757E-01    5000
       6.410000000          0.1325597845          0.1446222965          0.8881280428E-04      0.7154050296          0.7105561446          0.7105561446          0.1255939797E-14      0.1773838695          0.8287605510E-01    5000
       6.420000000          0.1335369274          0.1437193044          0.8648358899E-04      0.7115076085          0.7105561446          0.7105561446          0.1255939797E-14      0.1772022297          0.8228092805E-01    5000
       6.430000000          0.1344869041          0.1427879719          0.8432440023E-04      0.7074721421          0.7105561446          0.7105561446          0.1255939797E-14      0.1770189394          0.8168761268E-01    5000
       6.440000000          0.1354110137          0.1418266605          0.8256127407E-04      0.7032472347          0.7105561446          0.7105561446          0.1255939797E-14      0.1768339835          0.8109617641E-01    5000
       6.450000000          0.1363080445          0.1408375175          0.8098423400E-04      0.6988422843          0.7105561446          0.7105561446          0.1255939797E-14      0.1766473723          0.8050668948E-01    5000
       6.460000000          0.1371775763          0.1398239096          0.7945010162E-04      0.6942847584          0.7105561446          0.7105561446          0.1255939797E-14      0.1764591411          0.7991921618E-01    5000
       6.470000000          0.1380210428          0.1387895515          0.7781695835E-04      0.6895993370          0.7105561446          0.7105561446          0.1255939797E-14      0.1762693471          0.7933380687E-01    5000
       6.480000000          0.1388372938          0.1377341229          0.7615555670E-04      0.6847926561          0.7105561446          0.7105561446          0.1255939797E-14      0.1760780630          0.7875049154E-01    5000
       6.490000000          0.1396276824          0.1366573728          0.7459899285E-04      0.6798512798          0.7105561446          0.7105561446          0.1255939797E-14      0.1758853699          0.7816927580E-01    5000
       6.500000000          0.1403944614          0.1355611959          0.7313516184E-04      0.6747746961          0.7105561446          0.7105561446          0.1255939797E-14      0.1756913484          0.7759013946E-01    5000
       6.510000000          0.1411358046          0.1344464360          0.7180186164E-04      0.6695943378          0.7105561446          0.7105561446          0.1255939797E-14      0.1754960706          0.7701303798E-01    5000
       6.520000000          0.1418522879          0.1333141250          0.7059124940E-04      0.6643220780          0.7105561446          0.7105561446          0.1255939797E-14      0.1752995918          0.7643790658E-01    5000
       6.530000000          0.1425437961          0.1321632224          0.6948156437E-04      0.6589460177          0.7105561446          0.7105561446          0.1255939797E-14      0.1751019452          0.7586466675E-01    5000
       6.540000000          0.1432112584          0.1309938459          0.6812868349E-04      0.6534597649          0.7105561446          0.7105561446          0.1255939797E-14      0.1749031379          0.7529323448E-01    5000
       6.550000000          0.1438546170          0.1298064256          0.6676523239E-04      0.6478757992          0.7105561446          0.7105561446          0.1255939797E-14      0.1747031508          0.7472352930E-01    5000
       6.560000000          0.1444722815          0.1286008844          0.6537011086E-04      0.6422007596          0.7105561446          0.7105561446          0.1255939797E-14      0.1745019406          0.7415548329E-01    5000
       6.570000000          0.1450623455          0.1273763927          0.6393262982E-04      0.6364286093          0.7105561446          0.7105561446          0.1255939797E-14      0.1742994464          0.7358904853E-01    5000
       6.580000000          0.1456234881          0.1261330238          0.6250300615E-04      0.6305601265          0.7105561446          0.7105561446          0.1255939797E-14      0.1740955972          0.7302420225E-01    5000
       6.590000000          0.1461568208          0.1248708656          0.6115584141E-04      0.6245778489          0.7105561446          0.7105561446          0.1255939797E-14      0.1738903217          0.7246094854E-01    5000
       6.600000000          0.1466576808          0.1235920921          0.5987449504E-04      0.6185305028          0.7105561446          0.7105561446          0.1255939797E-14      0.1736835578          0.7189931647E-01    5000
       6.610000000          0.1471262818          0.1222960367          0.5865802448E-04      0.6123670311          0.7105561446          0.7105561446          0.1255939797E-14      0.1734752611          0.7133935469E-01    5000
       6.620000000          0.1475612077          0.1209841661          0.5747510734E-04      0.6061070451          0.7105561446          0.7105561446          0.1255939797E-14      0.1732654101          0.7078112349E-01    5000
       6.630000000          0.1479617407          0.1196580350          0.5634178920E-04      0.5997546858          0.7105561446          0.7105561446          0.1255939797E-14      0.1730540083          0.7022468542E-01    5000
       6.640000000          0.1483241422          0.1183178159          0.5518475140E-04      0.5932944655          0.7105561446          0.7105561446          0.1255939797E-14      0.1728410826          0.6967009610E-01    5000
       6.650000000          0.1486461515          0.1169656457          0.5395005390E-04      0.5867309295          0.7105561446          0.7105561446          0.1255939797E-14      0.1726266783          0.6911739655E-01    5000
       6.660000000          0.1489273414          0.1156066757          0.5265950814E-04      0.5801166208          0.7105561446          0.7105561446          0.1255939797E-14      0.1724108521          0.6856660820E-01    5000
       6.670000000          0.1491651354          0.1142437448          0.5125112663E-04      0.5734502514          0.7105561446          0.7105561446          0.1255939797E-14      0.1721936636          0.6801773107E-01    5000
       6.680000000          0.1493587060          0.1128792263          0.5001076519E-04      0.5667466868          0.7105561446          0.7105561446          0.1255939797E-14      0.1719751678          0.6747074528E-01    5000
       6.690000000          0.1495076757          0.1115157709          0.4889228869E-04      0.5600145720          0.7105561446          0.7105561446          0.1255939797E-14      0.1717554085          0.6692561513E-01    5000
       6.700000000          0.1496141449          0.1101565728          0.4781198558E-04      0.5532738332          0.7105561446          0.7105561446          0.1255939797E-14      0.1715344144          0.6638229495E-01    5000
       6.710000000          0.1496760206          0.1088058539          0.4680555023E-04      0.5465438532          0.7105561446          0.7105561446          0.1255939797E-14      0.1713121979          0.6584073539E-01    5000
       6.720000000          0.1496948203          0.1074674541          0.4576420274E-04      0.5398385968          0.7105561446          0.7105561446          0.1255939797E-14      0.1710887566          0.6530088916E-01    5000
       6.730000000          0.1496720278          0.1061458346          0.4494799302E-04      0.5332012268          0.7105561446          0.7105561446          0.1255939797E-14      0.1708640754          0.6476271531E-01    5000
       6.740000000          0.1496112906          0.1048442209          0.4426590875E-04      0.5266582194          0.7105561446          0.7105561446          0.1255939797E-14      0.1706381309          0.6422618187E-01    5000
       6.750000000          0.1495142787          0.1035650374          0.4346275010E-04      0.5202062200          0.7105561446          0.7105561446          0.1255939797E-14      0.1704108948          0.6369126670E-01    5000
       6.760000000          0.1493848723          0.1023100596          0.4260627744E-04      0.5138626292          0.7105561446          0.7105561446          0.1255939797E-14      0.1701823371          0.6315795727E-01    5000
       6.770000000          0.1492241483          0.1010813348          0.4172564424E-04      0.5076263332          0.7105561446          0.7105561446          0.1255939797E-14      0.1699524282          0.6262624974E-01    5000
       6.780000000          0.1490344334          0.9987731825E-01      0.4110400812E-04      0.5014828344          0.7105561446          0.7105561446          0.1255939797E-14      0.1697211410          0.6209614795E-01    5000
       6.790000000          0.1488229306          0.9870376065E-01      0.4028662473E-04      0.4954982193          0.7105561446          0.7105561446          0.1255939797E-14      0.1694884520          0.6156766248E-01    5000
       6.800000000          0.1485905042          0.9755926517E-01      0.3949504313E-04      0.4896562862          0.7105561446          0.7105561446          0.1255939797E-14      0.1692543425          0.6104080968E-01    5000
       6.810000000          0.1483405796          0.9644365796E-01      0.3895551470E-04      0.4839616526          0.7105561446          0.7105561446          0.1255939797E-14      0.1690188004          0.6051561060E-01    5000
       6.820000000          0.1480757345          0.9535517798E-01      0.3837444145E-04      0.4783948831          0.7105561446          0.7105561446          0.1255939797E-14      0.1687818210          0.5999208920E-01    5000
       6.830000000          0.1477991791          0.9429449477E-01      0.3799038637E-04      0.4729695476          0.7105561446          0.7105561446          0.1255939797E-14      0.1685434088          0.5947027002E-01    5000
       6.840000000          0.1475125419          0.9325910221E-01      0.3746882584E-04      0.4676593825          0.7105561446          0.7105561446          0.1255939797E-14      0.1683035773          0.5895017514E-01    5000
       6.850000000          0.1472177631          0.9224776247E-01      0.3702916481E-04      0.4624751814          0.7105561446          0.7105561446          0.1255939797E-14      0.1680623480          0.5843182098E-01    5000
       6.860000000          0.1469165909          0.9125938230E-01      0.3661831279E-04      0.4574062279          0.7105561446          0.7105561446          0.1255939797E-14      0.1678197485          0.5791521531E-01    5000
       6.870000000          0.1466104803          0.9029260115E-01      0.3620898884E-04      0.4524479808          0.7105561446          0.7105561446          0.1255939797E-14      0.1675758090          0.5740035531E-01    5000
       6.880000000          0.1462999817          0.8934591316E-01      0.3574227429E-04      0.4475885133          0.7105561446          0.7105561446          0.1255939797E-14      0.1673305580          0.5688722694E-01    5000
       6.890000000          0.1459852998          0.8841790204E-01      0.3527164982E-04      0.4428190219          0.7105561446          0.7105561446          0.1255939797E-14      0.1670840184          0.5637580607E-01    5000
       6.900000000          0.1456667170          0.8750649376E-01      0.3473374657E-04      0.4381380516          0.7105561446          0.7105561446          0.1255939797E-14      0.1668362039          0.5586606100E-01    5000
       6.910000000          0.1453431048          0.8661260700E-01      0.3422187029E-04      0.4335291597          0.7105561446          0.7105561446          0.1255939797E-14      0.1665871169          0.5535795636E-01    5000
       6.920000000          0.1450153205          0.8573467654E-01      0.3369948053E-04      0.4289933498          0.7105561446          0.7105561446          0.1255939797E-14      0.1663367474          0.5485145747E-01    5000
       6.930000000          0.1446822854          0.8487302745E-01      0.3314843597E-04      0.4245231202          0.7105561446          0.7105561446          0.1255939797E-14      0.1660850747          0.5434653470E-01    5000
       6.940000000          0.1443443887          0.8402638052E-01      0.3257104151E-04      0.4201263004          0.7105561446          0.7105561446          0.1255939797E-14      0.1658320692          0.5384316708E-01    5000
       6.950000000          0.1440016443          0.8319583741E-01      0.3201435934E-04      0.4157999811          0.7105561446          0.7105561446          0.1255939797E-14      0.1655776969          0.5334134476E-01    5000
       6.960000000          0.1436534857          0.8238209424E-01      0.3147488736E-04      0.4115392045          0.7105561446          0.7105561446          0.1255939797E-14      0.1653219232          0.5284106983E-01    5000
       6.970000000          0.1433013526          0.8158472255E-01      0.3090146590E-04      0.4073535599          0.7105561446          0.7105561446          0.1255939797E-14      0.1650647173          0.5234235556E-01    5000
       6.980000000          0.1429457622          0.8080435309E-01      0.3027624588E-04      0.4032458399          0.7105561446          0.7105561446          0.1255939797E-14      0.1648060565          0.5184522409E-01    5000
       6.990000000          0.1425878451          0.8004136898E-01      0.2968485802E-04      0.3992156895          0.7105561446          0.7105561446          0.1255939797E-14      0.1645459280          0.5134970275E-01    5000
       7.000000000          0.1422284361          0.7929613163E-01      0.2912900926E-04      0.3952605024          0.7105561446          0.7105561446          0.1255939797E-14      0.1642843307          0.5085581982E-01    5000
