# 1.Frequency     2.DD_LinearResponse(Re)    3.DD_LinearResponse(Im)    4.Orthog    5.Norm    6.NewGS   7.OldGS  8.OrthogRHS    9.NI_LR(Re)   10.NI_LR(Im)   11.Iters
       4.900000000         -0.3763414099E-01      0.1410492183          0.7627532346E-03      0.6624269845           5.922175374           5.922175374          0.1765948499E-14      0.1784701978          0.2037939399        4500
       4.910000000         -0.3600650176E-01      0.1449582087          0.9697013949E-03      0.6732561257           5.922175374           5.922175374          0.1765948499E-14      0.1787209124          0.2027571277        4500
       4.920000000         -0.3549245990E-01      0.1412862989          0.9572635032E-03      0.6588444934           5.922175374           5.922175374          0.1765948499E-14      0.1789644485          0.2017250253        4500
       4.930000000         -0.3797653920E-01      0.1416485219          0.7969001949E-03      0.6555624603           5.922175374           5.922175374          0.1765948499E-14      0.1792010313          0.2006979104        4500
       4.940000000         -0.4118315235E-01      0.1398889260          0.7033403785E-03      0.6527519732           5.922175374           5.922175374          0.1765948499E-14      0.1794309654          0.1996760154        4500
       4.950000000         -0.4305524576E-01      0.1403400172          0.6556297868E-03      0.6590825723           5.922175374           5.922175374          0.1765948499E-14      0.1796546199          0.1986595055        4500
       4.960000000         -0.4595609233E-01      0.1401250116          0.6391665545E-03      0.6656790646           5.922175374           5.922175374          0.1765948499E-14      0.1798724060          0.1976484605        4500
       4.970000000         -0.4754074534E-01      0.1404786697          0.6906825635E-03      0.6740039159           5.922175374           5.922175374          0.1765948499E-14      0.1800847513          0.1966428657        4500
       4.980000000         -0.5010682316E-01      0.1411322648          0.7096453057E-03      0.6829357523           5.922175374           5.922175374          0.1765948499E-14      0.1802920713          0.1956426098        4500
       4.990000000         -0.5196131614E-01      0.1417646021          0.7626864578E-03      0.6918237533           5.922175374           5.922175374          0.1765948499E-14      0.1804947420          0.1946474919        4500
       5.000000000         -0.5407785251E-01      0.1429921148          0.7930822123E-03      0.7018972056           5.922175374           5.922175374          0.1765948499E-14      0.1806930761          0.1936572364        4500
       5.010000000         -0.5583467519E-01      0.1441638918          0.8341765417E-03      0.7117136264           5.922175374           5.922175374          0.1765948499E-14      0.1808873042          0.1926715139        4500
       5.020000000         -0.5743322347E-01      0.1458018371          0.8632523626E-03      0.7223069052           5.922175374           5.922175374          0.1765948499E-14      0.1810775638          0.1916899665        4500
       5.030000000         -0.5876732205E-01      0.1474757886          0.8889926624E-03      0.7327412829           5.922175374           5.922175374          0.1765948499E-14      0.1812638956          0.1907122349        4500
       5.040000000         -0.5979462951E-01      0.1494491565          0.9110921574E-03      0.7435189260           5.922175374           5.922175374          0.1765948499E-14      0.1814462476          0.1897379851        4500
       5.050000000         -0.6055875085E-01      0.1515178263          0.9271727257E-03      0.7542367682           5.922175374           5.922175374          0.1765948499E-14      0.1816244872          0.1887669325        4500
       5.060000000         -0.6099466725E-01      0.1537404202          0.9424225658E-03      0.7650065643           5.922175374           5.922175374          0.1765948499E-14      0.1817984181          0.1877988614        4500
       5.070000000         -0.6116012343E-01      0.1560302723          0.9540988302E-03      0.7757201043           5.922175374           5.922175374          0.1765948499E-14      0.1819678033          0.1868336387        4500
       5.080000000         -0.6103980851E-01      0.1583788309          0.9663180031E-03      0.7863948716           5.922175374           5.922175374          0.1765948499E-14      0.1821323891          0.1858712203        4500
       5.090000000         -0.6067917845E-01      0.1607429872          0.9757216756E-03      0.7970084344           5.922175374           5.922175374          0.1765948499E-14      0.1822919303          0.1849116513        4500
       5.100000000         -0.6009293796E-01      0.1631049455          0.9863181672E-03      0.8075569029           5.922175374           5.922175374          0.1765948499E-14      0.1824462145          0.1839550585        4500
       5.110000000         -0.5932330120E-01      0.1654339970          0.9975404814E-03      0.8180095463           5.922175374           5.922175374          0.1765948499E-14      0.1825950823          0.1830016379        4500
       5.120000000         -0.5839966870E-01      0.1677089070          0.1010472390E-02      0.8283203192           5.922175374           5.922175374          0.1765948499E-14      0.1827384440          0.1820516358        4500
       5.130000000         -0.5736007465E-01      0.1699157009          0.1025428984E-02      0.8384764488           5.922175374           5.922175374          0.1765948499E-14      0.1828762902          0.1811053275        4500
       5.140000000         -0.5623382013E-01      0.1720436056          0.1041507881E-02      0.8484452836           5.922175374           5.922175374          0.1765948499E-14      0.1830086959          0.1801629937        4500
       5.150000000         -0.5504457940E-01      0.1740981855          0.1059062938E-02      0.8582536308           5.922175374           5.922175374          0.1765948499E-14      0.1831358187          0.1792248955        4500
       5.160000000         -0.5381636916E-01      0.1760816170          0.1076538653E-02      0.8679052596           5.922175374           5.922175374          0.1765948499E-14      0.1832578885          0.1782912526        4500
       5.170000000         -0.5256082165E-01      0.1780077957          0.1093491095E-02      0.8774466366           5.922175374           5.922175374          0.1765948499E-14      0.1833751928          0.1773622239        4500
       5.180000000         -0.5129111716E-01      0.1798874349          0.1107876756E-02      0.8868929644           5.922175374           5.922175374          0.1765948499E-14      0.1834880563          0.1764378943        4500
       5.190000000         -0.5000312418E-01      0.1817361368          0.1121237669E-02      0.8962990943           5.922175374           5.922175374          0.1765948499E-14      0.1835968169          0.1755182677        4500
       5.200000000         -0.4869154583E-01      0.1835656110          0.1132001992E-02      0.9056894542           5.922175374           5.922175374          0.1765948499E-14      0.1837018027          0.1746032680        4500
       5.210000000         -0.4734529292E-01      0.1853885281          0.1140274947E-02      0.9150928335           5.922175374           5.922175374          0.1765948499E-14      0.1838033092          0.1736927464        4500
       5.220000000         -0.4594957903E-01      0.1872118562          0.1146082369E-02      0.9245103512           5.922175374           5.922175374          0.1765948499E-14      0.1839015812          0.1727864951        4500
       5.230000000         -0.4448734271E-01      0.1890373428          0.1149158914E-02      0.9339336162           5.922175374           5.922175374          0.1765948499E-14      0.1839967998          0.1718842652        4500
       5.240000000         -0.4294147700E-01      0.1908627947          0.1149736437E-02      0.9433279621           5.922175374           5.922175374          0.1765948499E-14      0.1840890750          0.1709857865        4500
       5.250000000         -0.4129582628E-01      0.1926797258          0.1146870205E-02      0.9526292198           5.922175374           5.922175374          0.1765948499E-14      0.1841784450          0.1700907886        4500
       5.260000000         -0.3953495408E-01      0.1944749957          0.1140872553E-02      0.9617729123           5.922175374           5.922175374          0.1765948499E-14      0.1842648807          0.1691990193        4500
       5.270000000         -0.3764597925E-01      0.1962337086          0.1132393028E-02      0.9706832903           5.922175374           5.922175374          0.1765948499E-14      0.1843482946          0.1683102625        4500
       5.280000000         -0.3562086520E-01      0.1979359234          0.1121660563E-02      0.9792473282           5.922175374           5.922175374          0.1765948499E-14      0.1844285550          0.1674243503        4500
       5.290000000         -0.3345552771E-01      0.1995623304          0.1106667427E-02      0.9873818651           5.922175374           5.922175374          0.1765948499E-14      0.1845055012          0.1665411727        4500
       5.300000000         -0.3115207182E-01      0.2010891787          0.1091990550E-02      0.9949654619           5.922175374           5.922175374          0.1765948499E-14      0.1845789616          0.1656606811        4500
       5.310000000         -0.2871758650E-01      0.2024979018          0.1074157031E-02       1.001922008           5.922175374           5.922175374          0.1765948499E-14      0.1846487710          0.1647828871        4500
       5.320000000         -0.2616376049E-01      0.2037683015          0.1055085597E-02       1.008163881           5.922175374           5.922175374          0.1765948499E-14      0.1847147872          0.1639078560        4500
       5.330000000         -0.2350391914E-01      0.2048865753          0.1037015158E-02       1.013641570           5.922175374           5.922175374          0.1765948499E-14      0.1847769037          0.1630356970        4500
       5.340000000         -0.2075934318E-01      0.2058373121          0.1018889433E-02       1.018291621           5.922175374           5.922175374          0.1765948499E-14      0.1848350590          0.1621665490        4500
       5.350000000         -0.1794898679E-01      0.2066137500          0.1001100428E-02       1.022098361           5.922175374           5.922175374          0.1765948499E-14      0.1848892417          0.1613005663        4500
       5.360000000         -0.1509583195E-01      0.2072094048          0.9837917272E-03       1.025044546           5.922175374           5.922175374          0.1765948499E-14      0.1849394900          0.1604379029        4500
       5.370000000         -0.1222052477E-01      0.2076248635          0.9683623467E-03       1.027147097           5.922175374           5.922175374          0.1765948499E-14      0.1849858873          0.1595786993        4500
       5.380000000         -0.9345425046E-02      0.2078616573          0.9531548521E-03       1.028422124           5.922175374           5.922175374          0.1765948499E-14      0.1850285552          0.1587230706        4500
       5.390000000         -0.6486240473E-02      0.2079254739          0.9397033097E-03       1.028909877           5.922175374           5.922175374          0.1765948499E-14      0.1850676425          0.1578710990        4500
       5.400000000         -0.3663681692E-02      0.2078236128          0.9257446313E-03       1.028648449           5.922175374           5.922175374          0.1765948499E-14      0.1851033143          0.1570228286        4500
       5.410000000         -0.8925594138E-03      0.2075665586          0.9129304096E-03       1.027696735           5.922175374           5.922175374          0.1765948499E-14      0.1851357395          0.1561782648        4500
       5.420000000          0.1813888395E-02      0.2071630709          0.8992463196E-03       1.026093287           5.922175374           5.922175374          0.1765948499E-14      0.1851650804          0.1553373764        4500
       5.430000000          0.4444776954E-02      0.2066250537          0.8848401386E-03       1.023898621           5.922175374           5.922175374          0.1765948499E-14      0.1851914830          0.1545001016        4500
       5.440000000          0.6988489212E-02      0.2059634282          0.8699030098E-03       1.021154821           5.922175374           5.922175374          0.1765948499E-14      0.1852150705          0.1536663555        4500
       5.450000000          0.9438843332E-02      0.2051876750          0.8540949316E-03       1.017901224           5.922175374           5.922175374          0.1765948499E-14      0.1852359399          0.1528360390        4500
       5.460000000          0.1178600441E-01      0.2043115076          0.8360839773E-03       1.014199651           5.922175374           5.922175374          0.1765948499E-14      0.1852541616          0.1520090475        4500
       5.470000000          0.1402546833E-01      0.2033450834          0.8170402157E-03       1.010089700           5.922175374           5.922175374          0.1765948499E-14      0.1852697823          0.1511852784        4500
       5.480000000          0.1615142580E-01      0.2022972060          0.7982827258E-03       1.005598733           5.922175374           5.922175374          0.1765948499E-14      0.1852828286          0.1503646362        4500
       5.490000000          0.1815876341E-01      0.2011820718          0.7787261651E-03       1.000790448           5.922175374           5.922175374          0.1765948499E-14      0.1852933132          0.1495470358        4500
       5.500000000          0.2004432561E-01      0.2000081625          0.7578433427E-03      0.9956892436           5.922175374           5.922175374          0.1765948499E-14      0.1853012387          0.1487324031        4500
       5.510000000          0.2180402217E-01      0.1987871287          0.7362595825E-03      0.9903396657           5.922175374           5.922175374          0.1765948499E-14      0.1853066020          0.1479206734        4500
       5.520000000          0.2343575533E-01      0.1975310934          0.7170684382E-03      0.9847901078           5.922175374           5.922175374          0.1765948499E-14      0.1853093964          0.1471117903        4500
       5.530000000          0.2493461227E-01      0.1962538048          0.6986723652E-03      0.9790901208           5.922175374           5.922175374          0.1765948499E-14      0.1853096119          0.1463057030        4500
       5.540000000          0.2630571480E-01      0.1949663735          0.6817636442E-03      0.9732881904           5.922175374           5.922175374          0.1765948499E-14      0.1853072343          0.1455023654        4500
       5.550000000          0.2754498964E-01      0.1936833273          0.6691803839E-03      0.9674393787           5.922175374           5.922175374          0.1765948499E-14      0.1853022441          0.1447017363        4500
       5.560000000          0.2865624506E-01      0.1924207440          0.6595657592E-03      0.9616079109           5.922175374           5.922175374          0.1765948499E-14      0.1852946150          0.1439037805        4500
       5.570000000          0.2964492237E-01      0.1911930735          0.6551145869E-03      0.9558603998           5.922175374           5.922175374          0.1765948499E-14      0.1852843129          0.1431084724        4500
       5.580000000          0.3051939905E-01      0.1900190463          0.6536981978E-03      0.9502750001           5.922175374           5.922175374          0.1765948499E-14      0.1852712976          0.1423157990        4500
       5.590000000          0.3129192657E-01      0.1889112997          0.6565531093E-03      0.9449182974           5.922175374           5.922175374          0.1765948499E-14      0.1852555254          0.1415257640        4500
       5.600000000          0.3197668397E-01      0.1878799098          0.6651940664E-03      0.9398507135           5.922175374           5.922175374          0.1765948499E-14      0.1852369544          0.1407383904        4500
       5.610000000          0.3258957675E-01      0.1869365261          0.6768529231E-03      0.9351294755           5.922175374           5.922175374          0.1765948499E-14      0.1852155503          0.1399537206        4500
       5.620000000          0.3315014563E-01      0.1860900030          0.6921736658E-03      0.9308085741           5.922175374           5.922175374          0.1765948499E-14      0.1851912936          0.1391718151        4500
       5.630000000          0.3367734736E-01      0.1853422637          0.7086023061E-03      0.9269116302           5.922175374           5.922175374          0.1765948499E-14      0.1851641854          0.1383927480        4500
       5.640000000          0.3419458519E-01      0.1846956794          0.7264307360E-03      0.9234575409           5.922175374           5.922175374          0.1765948499E-14      0.1851342516          0.1376166000        4500
       5.650000000          0.3472280691E-01      0.1841440792          0.7471152691E-03      0.9204372692           5.922175374           5.922175374          0.1765948499E-14      0.1851015450          0.1368434509        4500
       5.660000000          0.3527816030E-01      0.1836761257          0.7671773879E-03      0.9178117831           5.922175374           5.922175374          0.1765948499E-14      0.1850661441          0.1360733713        4500
       5.670000000          0.3587536575E-01      0.1832817355          0.7886506068E-03      0.9155416754           5.922175374           5.922175374          0.1765948499E-14      0.1850281499          0.1353064152        4500
       5.680000000          0.3652947526E-01      0.1829466235          0.8085901253E-03      0.9135644882           5.922175374           5.922175374          0.1765948499E-14      0.1849876804          0.1345426142        4500
       5.690000000          0.3724744499E-01      0.1826546822          0.8263116897E-03      0.9118144956           5.922175374           5.922175374          0.1765948499E-14      0.1849448637          0.1337819734        4500
       5.700000000          0.3803668048E-01      0.1823868783          0.8449660391E-03      0.9102141494           5.922175374           5.922175374          0.1765948499E-14      0.1848998310          0.1330244696        4500
       5.710000000          0.3889749741E-01      0.1821257490          0.8631399802E-03      0.9086791214           5.922175374           5.922175374          0.1765948499E-14      0.1848527091          0.1322700512        4500
       5.720000000          0.3982798372E-01      0.1818537909          0.8803271394E-03      0.9071277639           5.922175374           5.922175374          0.1765948499E-14      0.1848036135          0.1315186394        4500
       5.730000000          0.4082117313E-01      0.1815550596          0.8974580761E-03      0.9054806567           5.922175374           5.922175374          0.1765948499E-14      0.1847526415          0.1307701316        4500
       5.740000000          0.4186832795E-01      0.1812168175          0.9132095731E-03      0.9036668191           5.922175374           5.922175374          0.1765948499E-14      0.1846998668          0.1300244049        4500
       5.750000000          0.4295912096E-01      0.1808277821          0.9285628977E-03      0.9016262789           5.922175374           5.922175374          0.1765948499E-14      0.1846453328          0.1292813224        4500
       5.760000000          0.4408223098E-01      0.1803805028          0.9416490979E-03      0.8993115157           5.922175374           5.922175374          0.1765948499E-14      0.1845890492          0.1285407403        4500
       5.770000000          0.4522414041E-01      0.1798676840          0.9568389008E-03      0.8966848096           5.922175374           5.922175374          0.1765948499E-14      0.1845309882          0.1278025175        4500
       5.780000000          0.4637249825E-01      0.1792886055          0.9706310366E-03      0.8937248001           5.922175374           5.922175374          0.1765948499E-14      0.1844710844          0.1270665262        4500
       5.790000000          0.4751302872E-01      0.1786421737          0.9852360257E-03      0.8904211285           5.922175374           5.922175374          0.1765948499E-14      0.1844092378          0.1263326637        4500
       5.800000000          0.4863420598E-01      0.1779314799          0.9997861619E-03      0.8867725470           5.922175374           5.922175374          0.1765948499E-14      0.1843453208          0.1256008644        4500
       5.810000000          0.4972499402E-01      0.1771603176          0.1013961930E-02      0.8827907077           5.922175374           5.922175374          0.1765948499E-14      0.1842791902          0.1248711086        4500
       5.820000000          0.5077460323E-01      0.1763342951          0.1027138127E-02      0.8784888720           5.922175374           5.922175374          0.1765948499E-14      0.1842107021          0.1241434284        4500
       5.830000000          0.5177503094E-01      0.1754589788          0.1041287443E-02      0.8738825698           5.922175374           5.922175374          0.1765948499E-14      0.1841397297          0.1234179074        4500
       5.840000000          0.5271953259E-01      0.1745405320          0.1055623517E-02      0.8689954762           5.922175374           5.922175374          0.1765948499E-14      0.1840661809          0.1226946741        4500
       5.850000000          0.5360425063E-01      0.1735852797          0.1070506828E-02      0.8638579592           5.922175374           5.922175374          0.1765948499E-14      0.1839900125          0.1219738891        4500
       5.860000000          0.5442727870E-01      0.1726014063          0.1084813252E-02      0.8585084613           5.922175374           5.922175374          0.1765948499E-14      0.1839112401          0.1212557266        4500
       5.870000000          0.5518802492E-01      0.1715965971          0.1098263729E-02      0.8529961355           5.922175374           5.922175374          0.1765948499E-14      0.1838299398          0.1205403535        4500
       5.880000000          0.5588549267E-01      0.1705817983          0.1111870066E-02      0.8473714048           5.922175374           5.922175374          0.1765948499E-14      0.1837462431          0.1198279095        4500
       5.890000000          0.5651632596E-01      0.1695653258          0.1126103393E-02      0.8416593398           5.922175374           5.922175374          0.1765948499E-14      0.1836603240          0.1191184894        4500
       5.900000000          0.5708019114E-01      0.1685506234          0.1140185019E-02      0.8358777954           5.922175374           5.922175374          0.1765948499E-14      0.1835723811          0.1184121321        4500
       5.910000000          0.5758383656E-01      0.1675408378          0.1151778817E-02      0.8300603723           5.922175374           5.922175374          0.1765948499E-14      0.1834826180          0.1177088165        4500
       5.920000000          0.5803702552E-01      0.1665441056          0.1160721934E-02      0.8242743573           5.922175374           5.922175374          0.1765948499E-14      0.1833912229          0.1170084645        4500
       5.930000000          0.5843531986E-01      0.1655737390          0.1169799917E-02      0.8185678485           5.922175374           5.922175374          0.1765948499E-14      0.1832983526          0.1163109503        4500
       5.940000000          0.5877096430E-01      0.1646218225          0.1178831887E-02      0.8128976191           5.922175374           5.922175374          0.1765948499E-14      0.1832041199          0.1156161144        4500
       5.950000000          0.5905874319E-01      0.1636837686          0.1184963103E-02      0.8073061826           5.922175374           5.922175374          0.1765948499E-14      0.1831085874          0.1149237793        4500
       5.960000000          0.5930259502E-01      0.1627864743          0.1191083142E-02      0.8019017304           5.922175374           5.922175374          0.1765948499E-14      0.1830117667          0.1142337656        4500
       5.970000000          0.5948437768E-01      0.1619254968          0.1196505193E-02      0.7965991666           5.922175374           5.922175374          0.1765948499E-14      0.1829136221          0.1135459072        4500
       5.980000000          0.5963195776E-01      0.1610920639          0.1196953530E-02      0.7915017843           5.922175374           5.922175374          0.1765948499E-14      0.1828140782          0.1128600630        4500
       5.990000000          0.5973902304E-01      0.1603270703          0.1198950595E-02      0.7866512460           5.922175374           5.922175374          0.1765948499E-14      0.1827130295          0.1121761259        4500
       6.000000000          0.5980918804E-01      0.1595879515          0.1198038493E-02      0.7819327063           5.922175374           5.922175374          0.1765948499E-14      0.1826103526          0.1114940289        4500
       6.010000000          0.5985841022E-01      0.1589144439          0.1196110544E-02      0.7775561912           5.922175374           5.922175374          0.1765948499E-14      0.1825059177          0.1108137467        4500
       6.020000000          0.5987440383E-01      0.1582841376          0.1192757015E-02      0.7733054448           5.922175374           5.922175374          0.1765948499E-14      0.1823996006          0.1101352951        4500
       6.030000000          0.5989056429E-01      0.1577123783          0.1186571502E-02      0.7694339715           5.922175374           5.922175374          0.1765948499E-14      0.1822912940          0.1094587269        4500
       6.040000000          0.5987707523E-01      0.1571807704          0.1179232611E-02      0.7656559195           5.922175374           5.922175374          0.1765948499E-14      0.1821809170          0.1087841252        4500
       6.050000000          0.5987305918E-01      0.1567182007          0.1170131905E-02      0.7622558407           5.922175374           5.922175374          0.1765948499E-14      0.1820684222          0.1081115939        4500
       6.060000000          0.5985984620E-01      0.1562801312          0.1161176464E-02      0.7589725833           5.922175374           5.922175374          0.1765948499E-14      0.1819538006          0.1074412463        4500
       6.070000000          0.5985130177E-01      0.1559151455          0.1151392951E-02      0.7559618904           5.922175374           5.922175374          0.1765948499E-14      0.1818370815          0.1067731935        4500
       6.080000000          0.5985554127E-01      0.1555705871          0.1137293069E-02      0.7532192966           5.922175374           5.922175374          0.1765948499E-14      0.1817183301          0.1061075320        4500
       6.090000000          0.5985002439E-01      0.1552816989          0.1125121488E-02      0.7505178315           5.922175374           5.922175374          0.1765948499E-14      0.1815976402          0.1054443336        4500
       6.100000000          0.5987620877E-01      0.1550338674          0.1110660160E-02      0.7482017513           5.922175374           5.922175374          0.1765948499E-14      0.1814751244          0.1047836381        4500
       6.110000000          0.5989908116E-01      0.1548006735          0.1094198187E-02      0.7459486987           5.922175374           5.922175374          0.1765948499E-14      0.1813509026          0.1041254497        4500
       6.120000000          0.5992880877E-01      0.1546284916          0.1080277786E-02      0.7438078134           5.922175374           5.922175374          0.1765948499E-14      0.1812250896          0.1034697374        4500
       6.130000000          0.5999041107E-01      0.1544822758          0.1062239316E-02      0.7420170946           5.922175374           5.922175374          0.1765948499E-14      0.1810977849          0.1028164399        4500
       6.140000000          0.6004880375E-01      0.1543493806          0.1042004041E-02      0.7402541213           5.922175374           5.922175374          0.1765948499E-14      0.1809690639          0.1021654732        4500
       6.150000000          0.6011327347E-01      0.1542700059          0.1024258400E-02      0.7385587509           5.922175374           5.922175374          0.1765948499E-14      0.1808389737          0.1015167402        4500
       6.160000000          0.6021173889E-01      0.1542287806          0.1002499130E-02      0.7372163486           5.922175374           5.922175374          0.1765948499E-14      0.1807075318          0.1008701407        4500
       6.170000000          0.6032239714E-01      0.1541970653          0.9779266095E-03      0.7359939113           5.922175374           5.922175374          0.1765948499E-14      0.1805747282          0.1002255810        4500
       6.180000000          0.6042944728E-01      0.1541965037          0.9564266212E-03      0.7347157184           5.922175374           5.922175374          0.1765948499E-14      0.1804405306          0.9958298085E-01    4500
       6.190000000          0.6055754452E-01      0.1542448439          0.9345945983E-03      0.7336603038           5.922175374           5.922175374          0.1765948499E-14      0.1803048909          0.9894227865E-01    4500
       6.200000000          0.6071637638E-01      0.1543172697          0.9088392927E-03      0.7329502940           5.922175374           5.922175374          0.1765948499E-14      0.1801677519          0.9830343337E-01    4500
       6.210000000          0.6088438029E-01      0.1544090068          0.8843042992E-03      0.7323511763           5.922175374           5.922175374          0.1765948499E-14      0.1800290544          0.9766642458E-01    4500
       6.220000000          0.6105645654E-01      0.1545411268          0.8602854237E-03      0.7317669146           5.922175374           5.922175374          0.1765948499E-14      0.1798887425          0.9703125046E-01    4500
       6.230000000          0.6125626791E-01      0.1547254330          0.8340600753E-03      0.7314464508           5.922175374           5.922175374          0.1765948499E-14      0.1797467682          0.9639792456E-01    4500
       6.240000000          0.6150067762E-01      0.1549473625          0.8060342342E-03      0.7315238543           5.922175374           5.922175374          0.1765948499E-14      0.1796030940          0.9576647193E-01    4500
       6.250000000          0.6178481675E-01      0.1551920103          0.7802966501E-03      0.7318355554           5.922175374           5.922175374          0.1765948499E-14      0.1794576939          0.9513692517E-01    4500
       6.260000000          0.6209675355E-01      0.1554652334          0.7554593697E-03      0.7322135411           5.922175374           5.922175374          0.1765948499E-14      0.1793105541          0.9450932085E-01    4500
       6.270000000          0.6244305085E-01      0.1557784666          0.7297341889E-03      0.7327530441           5.922175374           5.922175374          0.1765948499E-14      0.1791616713          0.9388369669E-01    4500
       6.280000000          0.6284210508E-01      0.1561286613          0.7029879404E-03      0.7336240668           5.922175374           5.922175374          0.1765948499E-14      0.1790110522          0.9326008967E-01    4500
       6.290000000          0.6330244613E-01      0.1565020631          0.6757986510E-03      0.7348005858           5.922175374           5.922175374          0.1765948499E-14      0.1788587119          0.9263853483E-01    4500
       6.300000000          0.6381817855E-01      0.1568850925          0.6481691349E-03      0.7361164089           5.922175374           5.922175374          0.1765948499E-14      0.1787046735          0.9201906471E-01    4500
       6.310000000          0.6438053475E-01      0.1572820751          0.6210297587E-03      0.7374616557           5.922175374           5.922175374          0.1765948499E-14      0.1785489677          0.9140170858E-01    4500
       6.320000000          0.6499256166E-01      0.1577013758          0.5933975618E-03      0.7388980012           5.922175374           5.922175374          0.1765948499E-14      0.1783916331          0.9078649137E-01    4500
       6.330000000          0.6567130526E-01      0.1581438583          0.5646540174E-03      0.7405177501           5.922175374           5.922175374          0.1765948499E-14      0.1782327167          0.9017343161E-01    4500
       6.340000000          0.6642690491E-01      0.1585931779          0.5368536137E-03      0.7423028501           5.922175374           5.922175374          0.1765948499E-14      0.1780722728          0.8956253868E-01    4500
       6.350000000          0.6725562782E-01      0.1590316279          0.5099023376E-03      0.7441245992           5.922175374           5.922175374          0.1765948499E-14      0.1779103616          0.8895380973E-01    4500
       6.360000000          0.6814793048E-01      0.1594523166          0.4829957104E-03      0.7458827546           5.922175374           5.922175374          0.1765948499E-14      0.1777470456          0.8834722688E-01    4500
       6.370000000          0.6909689428E-01      0.1598594117          0.4556732219E-03      0.7475592025           5.922175374           5.922175374          0.1765948499E-14      0.1775823847          0.8774275569E-01    4500
       6.380000000          0.7010821723E-01      0.1602588346          0.4271240522E-03      0.7491999212           5.922175374           5.922175374          0.1765948499E-14      0.1774164307          0.8714034536E-01    4500
       6.390000000          0.7119309203E-01      0.1606451589          0.3970431370E-03      0.7508317588           5.922175374           5.922175374          0.1765948499E-14      0.1772492215          0.8653993131E-01    4500
       6.400000000          0.7235848452E-01      0.1609999293          0.3690433159E-03      0.7524136035           5.922175374           5.922175374          0.1765948499E-14      0.1770807763          0.8594143975E-01    4500
       6.410000000          0.7359602515E-01      0.1613048677          0.3444623403E-03      0.7538492510           5.922175374           5.922175374          0.1765948499E-14      0.1769110927          0.8534479411E-01    4500
       6.420000000          0.7489150074E-01      0.1615523269          0.3238512520E-03      0.7550567564           5.922175374           5.922175374          0.1765948499E-14      0.1767401460          0.8474992243E-01    4500
       6.430000000          0.7623305117E-01      0.1617456904          0.3025319131E-03      0.7560310397           5.922175374           5.922175374          0.1765948499E-14      0.1765678915          0.8415676470E-01    4500
       6.440000000          0.7762333964E-01      0.1618895821          0.2805008500E-03      0.7567899052           5.922175374           5.922175374          0.1765948499E-14      0.1763942686          0.8356527939E-01    4500
       6.450000000          0.7906624130E-01      0.1619783353          0.2630662796E-03      0.7573476871           5.922175374           5.922175374          0.1765948499E-14      0.1762192081          0.8297544807E-01    4500
       6.460000000          0.8056033335E-01      0.1620008862          0.2476443126E-03      0.7576813822           5.922175374           5.922175374          0.1765948499E-14      0.1760426398          0.8238727750E-01    4500
       6.470000000          0.8209430794E-01      0.1619456608          0.2376030687E-03      0.7577412054           5.922175374           5.922175374          0.1765948499E-14      0.1758645015          0.8180079877E-01    4500
       6.480000000          0.8365387513E-01      0.1618063105          0.2333510008E-03      0.7574755128           5.922175374           5.922175374          0.1765948499E-14      0.1756847466          0.8121606356E-01    4500
       6.490000000          0.8522334621E-01      0.1615851173          0.2327396555E-03      0.7568638704           5.922175374           5.922175374          0.1765948499E-14      0.1755033503          0.8063313779E-01    4500
       6.500000000          0.8679583971E-01      0.1612904325          0.2323980758E-03      0.7559176947           5.922175374           5.922175374          0.1765948499E-14      0.1753203129          0.8005209359E-01    4500
       6.510000000          0.8837290745E-01      0.1609253647          0.2330331626E-03      0.7546710878           5.922175374           5.922175374          0.1765948499E-14      0.1751356610          0.7947300048E-01    4500
       6.520000000          0.8995280965E-01      0.1604929715          0.2380957212E-03      0.7531110344           5.922175374           5.922175374          0.1765948499E-14      0.1749494447          0.7889591692E-01    4500
       6.530000000          0.9153011840E-01      0.1599924895          0.2452895179E-03      0.7512526578           5.922175374           5.922175374          0.1765948499E-14      0.1747617328          0.7832088308E-01    4500
       6.540000000          0.9309720115E-01      0.1594164747          0.2538266850E-03      0.7491035276           5.922175374           5.922175374          0.1765948499E-14      0.1745726057          0.7774791580E-01    4500
       6.550000000          0.9464236546E-01      0.1587702583          0.2622986938E-03      0.7466389317           5.922175374           5.922175374          0.1765948499E-14      0.1743821473          0.7717700597E-01    4500
       6.560000000          0.9615342312E-01      0.1580557863          0.2708206305E-03      0.7439185398           5.922175374           5.922175374          0.1765948499E-14      0.1741904361          0.7660811883E-01    4500
       6.570000000          0.9763445669E-01      0.1572974818          0.2761404203E-03      0.7408885516           5.922175374           5.922175374          0.1765948499E-14      0.1739975373          0.7604119690E-01    4500
       6.580000000          0.9908261731E-01      0.1564915392          0.2829426122E-03      0.7376858081           5.922175374           5.922175374          0.1765948499E-14      0.1738034957          0.7547616556E-01    4500
       6.590000000          0.1005029832          0.1556462209          0.2861332007E-03      0.7342649791           5.922175374           5.922175374          0.1765948499E-14      0.1736083312          0.7491294053E-01    4500
       6.600000000          0.1018974707          0.1547640417          0.2930495912E-03      0.7306597585           5.922175374           5.922175374          0.1765948499E-14      0.1734120367          0.7435143682E-01    4500
       6.610000000          0.1032654435          0.1538420999          0.2983664328E-03      0.7269100982           5.922175374           5.922175374          0.1765948499E-14      0.1732145792          0.7379157789E-01    4500
       6.620000000          0.1045994628          0.1528765547          0.3007620515E-03      0.7230885859           5.922175374           5.922175374          0.1765948499E-14      0.1730159039          0.7323330415E-01    4500
       6.630000000          0.1058984219          0.1518831264          0.3024278650E-03      0.7191293991           5.922175374           5.922175374          0.1765948499E-14      0.1728159420          0.7267657942E-01    4500
       6.640000000          0.1071714304          0.1508702923          0.3033249646E-03      0.7150018260           5.922175374           5.922175374          0.1765948499E-14      0.1726146191          0.7212139448E-01    4500
       6.650000000          0.1084201150          0.1498340330          0.3030209712E-03      0.7107538343           5.922175374           5.922175374          0.1765948499E-14      0.1724118657          0.7156776700E-01    4500
       6.660000000          0.1096409428          0.1487768501          0.3045980938E-03      0.7064707494           5.922175374           5.922175374          0.1765948499E-14      0.1722076259          0.7101573785E-01    4500
       6.670000000          0.1108471836          0.1476993553          0.3049357544E-03      0.7020916960           5.922175374           5.922175374          0.1765948499E-14      0.1720018649          0.7046536420E-01    4500
       6.680000000          0.1120429946          0.1465977176          0.3070878373E-03      0.6975834823           5.922175374           5.922175374          0.1765948499E-14      0.1717945730          0.6991671063E-01    4500
       6.690000000          0.1132242869          0.1454694822          0.3085457686E-03      0.6930153369           5.922175374           5.922175374          0.1765948499E-14      0.1715857653          0.6936983943E-01    4500
       6.700000000          0.1143928293          0.1443113554          0.3106909055E-03      0.6883069613           5.922175374           5.922175374          0.1765948499E-14      0.1713754794          0.6882480191E-01    4500
       6.710000000          0.1155502623          0.1431222750          0.3149493724E-03      0.6834161664           5.922175374           5.922175374          0.1765948499E-14      0.1711637680          0.6828163167E-01    4500
       6.720000000          0.1166925724          0.1418975233          0.3171033448E-03      0.6783616374           5.922175374           5.922175374          0.1765948499E-14      0.1709506919          0.6774034102E-01    4500
       6.730000000          0.1178165150          0.1406382552          0.3217314177E-03      0.6731371605           5.922175374           5.922175374          0.1765948499E-14      0.1707363113          0.6720092070E-01    4500
       6.740000000          0.1189256701          0.1393431002          0.3255200032E-03      0.6676933148           5.922175374           5.922175374          0.1765948499E-14      0.1705206781          0.6666334263E-01    4500
       6.750000000          0.1200178005          0.1380078138          0.3338397815E-03      0.6620263846           5.922175374           5.922175374          0.1765948499E-14      0.1703038309          0.6612756511E-01    4500
       6.760000000          0.1210895012          0.1366282538          0.3446381545E-03      0.6561288275           5.922175374           5.922175374          0.1765948499E-14      0.1700857921          0.6559353904E-01    4500
       6.770000000          0.1221326331          0.1352025893          0.3546195887E-03      0.6500248848           5.922175374           5.922175374          0.1765948499E-14      0.1698665675          0.6506121426E-01    4500
       6.780000000          0.1231448215          0.1337280403          0.3680116640E-03      0.6436643325           5.922175374           5.922175374          0.1765948499E-14      0.1696461488          0.6453054483E-01    4500
       6.790000000          0.1241184859          0.1322043042          0.3820588417E-03      0.6370334876           5.922175374           5.922175374          0.1765948499E-14      0.1694245166          0.6400149266E-01    4500
       6.800000000          0.1250459086          0.1306337489          0.3949390663E-03      0.6301326462           5.922175374           5.922175374          0.1765948499E-14      0.1692016446          0.6347402938E-01    4500
       6.810000000          0.1259209356          0.1290213150          0.4096676528E-03      0.6229846771           5.922175374           5.922175374          0.1765948499E-14      0.1689775029          0.6294813658E-01    4500
       6.820000000          0.1267407853          0.1273699042          0.4273974177E-03      0.6155779762           5.922175374           5.922175374          0.1765948499E-14      0.1687520610          0.6242380522E-01    4500
       6.830000000          0.1274989741          0.1256868004          0.4445823200E-03      0.6079698101           5.922175374           5.922175374          0.1765948499E-14      0.1685252900          0.6190103453E-01    4500
       6.840000000          0.1281957301          0.1239750389          0.4615435702E-03      0.6001701536           5.922175374           5.922175374          0.1765948499E-14      0.1682971634          0.6137983100E-01    4500
       6.850000000          0.1288254032          0.1222400019          0.4816541036E-03      0.5922059262           5.922175374           5.922175374          0.1765948499E-14      0.1680676590          0.6086020747E-01    4500
       6.860000000          0.1293874487          0.1204870882          0.5023846782E-03      0.5841161672           5.922175374           5.922175374          0.1765948499E-14      0.1678367598          0.6034218231E-01    4500
       6.870000000          0.1298808388          0.1187224171          0.5219271460E-03      0.5759387318           5.922175374           5.922175374          0.1765948499E-14      0.1676044556          0.5982577811E-01    4500
       6.880000000          0.1303052408          0.1169508551          0.5405375292E-03      0.5676874729           5.922175374           5.922175374          0.1765948499E-14      0.1673707446          0.5931101989E-01    4500
       6.890000000          0.1306597316          0.1151807018          0.5587456611E-03      0.5594029993           5.922175374           5.922175374          0.1765948499E-14      0.1671356337          0.5879793246E-01    4500
       6.900000000          0.1309467777          0.1134169203          0.5754904173E-03      0.5511003929           5.922175374           5.922175374          0.1765948499E-14      0.1668991393          0.5828653731E-01    4500
       6.910000000          0.1311699705          0.1116659485          0.5936282360E-03      0.5428298569           5.922175374           5.922175374          0.1765948499E-14      0.1666612855          0.5777684932E-01    4500
       6.920000000          0.1313330970          0.1099279382          0.6102105831E-03      0.5345694728           5.922175374           5.922175374          0.1765948499E-14      0.1664221017          0.5726887395E-01    4500
       6.930000000          0.1314394658          0.1082137103          0.6274789731E-03      0.5264129289           5.922175374           5.922175374          0.1765948499E-14      0.1661816190          0.5676260551E-01    4500
       6.940000000          0.1314925157          0.1065187987          0.6420794604E-03      0.5183212173           5.922175374           5.922175374          0.1765948499E-14      0.1659398658          0.5625802701E-01    4500
       6.950000000          0.1314967418          0.1048492636          0.6585329039E-03      0.5103559449           5.922175374           5.922175374          0.1765948499E-14      0.1656968637          0.5575511160E-01    4500
       6.960000000          0.1314521661          0.1032013337          0.6708755552E-03      0.5024636070           5.922175374           5.922175374          0.1765948499E-14      0.1654526245          0.5525382557E-01    4500
       6.970000000          0.1313635768          0.1015796081          0.6850383576E-03      0.4947014139           5.922175374           5.922175374          0.1765948499E-14      0.1652071477          0.5475413241E-01    4500
       6.980000000          0.1312314568          0.9998332575E-01      0.6962923675E-03      0.4870529028           5.922175374           5.922175374          0.1765948499E-14      0.1649604209          0.5425599736E-01    4500
       6.990000000          0.1310579655          0.9841555880E-01      0.7056357271E-03      0.4795357228           5.922175374           5.922175374          0.1765948499E-14      0.1647124205          0.5375939166E-01    4500
       7.000000000          0.1308436061          0.9687578265E-01      0.7146064354E-03      0.4721246123           5.922175374           5.922175374          0.1765948499E-14      0.1644631151          0.5326429605E-01    4500
       7.010000000          0.1305930393          0.9536760182E-01      0.7214058140E-03      0.4648698900           5.922175374           5.922175374          0.1765948499E-14      0.1642124693          0.5277070289E-01    4500
       7.020000000          0.1303078085          0.9389123136E-01      0.7291748338E-03      0.4577671569           5.922175374           5.922175374          0.1765948499E-14      0.1639604481          0.5227861673E-01    4500
       7.030000000          0.1299892570          0.9244631868E-01      0.7350856182E-03      0.4508005164           5.922175374           5.922175374          0.1765948499E-14      0.1637070215          0.5178805322E-01    4500
       7.040000000          0.1296395937          0.9103417393E-01      0.7398383199E-03      0.4439768447           5.922175374           5.922175374          0.1765948499E-14      0.1634521677          0.5129903645E-01    4500
       7.050000000          0.1292609584          0.8965547398E-01      0.7435055768E-03      0.4373062855           5.922175374           5.922175374          0.1765948499E-14      0.1631958758          0.5081159517E-01    4500
       7.060000000          0.1288547882          0.8831008215E-01      0.7457714601E-03      0.4307848991           5.922175374           5.922175374          0.1765948499E-14      0.1629381468          0.5032575831E-01    4500
       7.070000000          0.1284233424          0.8699954170E-01      0.7471012352E-03      0.4244272469           5.922175374           5.922175374          0.1765948499E-14      0.1626789924          0.4984155051E-01    4500
       7.080000000          0.1279674068          0.8572358039E-01      0.7473619597E-03      0.4182236188           5.922175374           5.922175374          0.1765948499E-14      0.1624184325          0.4935898829E-01    4500
       7.090000000          0.1274888384          0.8448365901E-01      0.7463087764E-03      0.4121755756           5.922175374           5.922175374          0.1765948499E-14      0.1621564914          0.4887807759E-01    4500
       7.100000000          0.1269901339          0.8328105948E-01      0.7437931427E-03      0.4062917753           5.922175374           5.922175374          0.1765948499E-14      0.1618931934          0.4839881288E-01    4500
       7.110000000          0.1264733078          0.8211570201E-01      0.7398215792E-03      0.4005689690           5.922175374           5.922175374          0.1765948499E-14      0.1616285580          0.4792117820E-01    4500
       7.120000000          0.1259417113          0.8098872288E-01      0.7351790088E-03      0.3950149729           5.922175374           5.922175374          0.1765948499E-14      0.1613625966          0.4744514984E-01    4500
       7.130000000          0.1253984345          0.7989993853E-01      0.7303005756E-03      0.3896322819           5.922175374           5.922175374          0.1765948499E-14      0.1610953099          0.4697070020E-01    4500
       7.140000000          0.1248468462          0.7884900887E-01      0.7247442091E-03      0.3844267201           5.922175374           5.922175374          0.1765948499E-14      0.1608266876          0.4649780220E-01    4500
       7.150000000          0.1242890489          0.7783471576E-01      0.7186878342E-03      0.3793910551           5.922175374           5.922175374          0.1765948499E-14      0.1605567094          0.4602643347E-01    4500
       7.160000000          0.1237271674          0.7685584050E-01      0.7124988059E-03      0.3745173593           5.922175374           5.922175374          0.1765948499E-14      0.1602853480          0.4555657966E-01    4500
       7.170000000          0.1231640480          0.7591101714E-01      0.7046558871E-03      0.3698120118           5.922175374           5.922175374          0.1765948499E-14      0.1600125728          0.4508823616E-01    4500
       7.180000000          0.1226003412          0.7499898908E-01      0.6961202214E-03      0.3652606356           5.922175374           5.922175374          0.1765948499E-14      0.1597383538          0.4462140828E-01    4500
       7.190000000          0.1220373745          0.7411836020E-01      0.6862067764E-03      0.3608578555           5.922175374           5.922175374          0.1765948499E-14      0.1594626657          0.4415610965E-01    4500
       7.200000000          0.1214785206          0.7326771571E-01      0.6753790950E-03      0.3566073368           5.922175374           5.922175374          0.1765948499E-14      0.1591854900          0.4369235943E-01    4500
       7.210000000          0.1209230828          0.7244617769E-01      0.6630249503E-03      0.3524924479           5.922175374           5.922175374          0.1765948499E-14      0.1589068161          0.4323017888E-01    4500
       7.220000000          0.1203740684          0.7165208439E-01      0.6502740168E-03      0.3485133303           5.922175374           5.922175374          0.1765948499E-14      0.1586266413          0.4276958792E-01    4500
       7.230000000          0.1198304451          0.7088519071E-01      0.6356819501E-03      0.3446499270           5.922175374           5.922175374          0.1765948499E-14      0.1583449689          0.4231060232E-01    4500
       7.240000000          0.1192979894          0.7014025853E-01      0.6216444026E-03      0.3409208606           5.922175374           5.922175374          0.1765948499E-14      0.1580618057          0.4185323195E-01    4500
       7.250000000          0.1187740768          0.6941855746E-01      0.6058020617E-03      0.3372966178           5.922175374           5.922175374          0.1765948499E-14      0.1577771593          0.4139748021E-01    4500
       7.260000000          0.1182604154          0.6871720425E-01      0.5888831489E-03      0.3337695898           5.922175374           5.922175374          0.1765948499E-14      0.1574910351          0.4094334454E-01    4500
       7.270000000          0.1177575889          0.6803394570E-01      0.5712586231E-03      0.3303284330           5.922175374           5.922175374          0.1765948499E-14      0.1572034349          0.4049081791E-01    4500
       7.280000000          0.1172657158          0.6736623076E-01      0.5529842534E-03      0.3269640693           5.922175374           5.922175374          0.1765948499E-14      0.1569143551          0.4003989064E-01    4500
       7.290000000          0.1167845371          0.6671205796E-01      0.5336867426E-03      0.3236655122           5.922175374           5.922175374          0.1765948499E-14      0.1566237865          0.3959055259E-01    4500
       7.300000000          0.1163134241          0.6607020709E-01      0.5130066251E-03      0.3204183695           5.922175374           5.922175374          0.1765948499E-14      0.1563317146          0.3914279509E-01    4500
       7.310000000          0.1158515874          0.6543772148E-01      0.4920489321E-03      0.3172187377           5.922175374           5.922175374          0.1765948499E-14      0.1560381205          0.3869661262E-01    4500
       7.320000000          0.1153978420          0.6481324834E-01      0.4703418367E-03      0.3140597040           5.922175374           5.922175374          0.1765948499E-14      0.1557429823          0.3825200402E-01    4500
       7.330000000          0.1149517898          0.6419689226E-01      0.4467187332E-03      0.3109227519           5.922175374           5.922175374          0.1765948499E-14      0.1554462771          0.3780897299E-01    4500
       7.340000000          0.1145111561          0.6358576649E-01      0.4244905904E-03      0.3078123352           5.922175374           5.922175374          0.1765948499E-14      0.1551479821          0.3736752808E-01    4500
       7.350000000          0.1140752059          0.6298000642E-01      0.4012766676E-03      0.3047185620           5.922175374           5.922175374          0.1765948499E-14      0.1548480769          0.3692768186E-01    4500
       7.360000000          0.1136421419          0.6237845636E-01      0.3791571872E-03      0.3016428735           5.922175374           5.922175374          0.1765948499E-14      0.1545465444          0.3648944967E-01    4500
       7.370000000          0.1132107728          0.6178080716E-01      0.3572120517E-03      0.2985801578           5.922175374           5.922175374          0.1765948499E-14      0.1542433712          0.3605284792E-01    4500
       7.380000000          0.1127797717          0.6118715925E-01      0.3358641818E-03      0.2955252917           5.922175374           5.922175374          0.1765948499E-14      0.1539385475          0.3561789237E-01    4500
       7.390000000          0.1123469519          0.6059688591E-01      0.3150318967E-03      0.2924831381           5.922175374           5.922175374          0.1765948499E-14      0.1536320663          0.3518459663E-01    4500
       7.400000000          0.1119116311          0.6001112820E-01      0.2965549542E-03      0.2894495980           5.922175374           5.922175374          0.1765948499E-14      0.1533239219          0.3475297117E-01    4500
       7.410000000          0.1114714835          0.5943026193E-01      0.2794724141E-03      0.2864288936           5.922175374           5.922175374          0.1765948499E-14      0.1530141081          0.3432302303E-01    4500
       7.420000000          0.1110254305          0.5885549443E-01      0.2649199164E-03      0.2834249167           5.922175374           5.922175374          0.1765948499E-14      0.1527026167          0.3389475631E-01    4500
       7.430000000          0.1105723109          0.5828840081E-01      0.2531934911E-03      0.2804390817           5.922175374           5.922175374          0.1765948499E-14      0.1523894360          0.3346817325E-01    4500
       7.440000000          0.1101113956          0.5773055746E-01      0.2429274092E-03      0.2774839156           5.922175374           5.922175374          0.1765948499E-14      0.1520745503          0.3304327586E-01    4500
       7.450000000          0.1096423228          0.5718365749E-01      0.2353888397E-03      0.2745625414           5.922175374           5.922175374          0.1765948499E-14      0.1517579398          0.3262006758E-01    4500
       7.460000000          0.1091650213          0.5664982526E-01      0.2308173786E-03      0.2716851663           5.922175374           5.922175374          0.1765948499E-14      0.1514395814          0.3219855472E-01    4500
       7.470000000          0.1086799274          0.5613095271E-01      0.2277903342E-03      0.2688594886           5.922175374           5.922175374          0.1765948499E-14      0.1511194499          0.3177874748E-01    4500
       7.480000000          0.1081879725          0.5562895821E-01      0.2263020355E-03      0.2660931479           5.922175374           5.922175374          0.1765948499E-14      0.1507975200          0.3136066017E-01    4500
       7.490000000          0.1076898283          0.5514569545E-01      0.2269459599E-03      0.2633994821           5.922175374           5.922175374          0.1765948499E-14      0.1504737671          0.3094431078E-01    4500
       7.500000000          0.1071870458          0.5468302237E-01      0.2288793392E-03      0.2607867665           5.922175374           5.922175374          0.1765948499E-14      0.1501481688          0.3052971987E-01    4500
       7.510000000          0.1066818723          0.5424239020E-01      0.2313475378E-03      0.2582633184           5.922175374           5.922175374          0.1765948499E-14      0.1498207051          0.3011690923E-01    4500
       7.520000000          0.1061765722          0.5382461862E-01      0.2348559361E-03      0.2558349714           5.922175374           5.922175374          0.1765948499E-14      0.1494913581          0.2970590051E-01    4500
       7.530000000          0.1056735479          0.5343091472E-01      0.2380834613E-03      0.2535118482           5.922175374           5.922175374          0.1765948499E-14      0.1491601111          0.2929671426E-01    4500
       7.540000000          0.1051754979          0.5306062147E-01      0.2408920607E-03      0.2512949631           5.922175374           5.922175374          0.1765948499E-14      0.1488269470          0.2888936955E-01    4500
       7.550000000          0.1046848174          0.5271386500E-01      0.2434931799E-03      0.2491879949           5.922175374           5.922175374          0.1765948499E-14      0.1484918476          0.2848388428E-01    4500
       7.560000000          0.1042046260          0.5239008571E-01      0.2452495942E-03      0.2471889679           5.922175374           5.922175374          0.1765948499E-14      0.1481547923          0.2808027606E-01    4500
       7.570000000          0.1037369276          0.5208821804E-01      0.2471139686E-03      0.2452967846           5.922175374           5.922175374          0.1765948499E-14      0.1478157575          0.2767856330E-01    4500
       7.580000000          0.1032843240          0.5180613921E-01      0.2482507391E-03      0.2435056907           5.922175374           5.922175374          0.1765948499E-14      0.1474747175          0.2727876636E-01    4500
       7.590000000          0.1028487629          0.5154238675E-01      0.2489693850E-03      0.2418107332           5.922175374           5.922175374          0.1765948499E-14      0.1471316444          0.2688090842E-01    4500
       7.600000000          0.1024320714          0.5129465835E-01      0.2490349338E-03      0.2402013154           5.922175374           5.922175374          0.1765948499E-14      0.1467865092          0.2648501585E-01    4500
       7.610000000          0.1020359215          0.5106058457E-01      0.2487047027E-03      0.2386661417           5.922175374           5.922175374          0.1765948499E-14      0.1464392828          0.2609111825E-01    4500
       7.620000000          0.1016615530          0.5083779631E-01      0.2487924629E-03      0.2371934004           5.922175374           5.922175374          0.1765948499E-14      0.1460899363          0.2569924802E-01    4500
       7.630000000          0.1013094849          0.5062308601E-01      0.2480604061E-03      0.2357722542           5.922175374           5.922175374          0.1765948499E-14      0.1457384417          0.2530943985E-01    4500
       7.640000000          0.1009796430          0.5041327184E-01      0.2474522512E-03      0.2343915775           5.922175374           5.922175374          0.1765948499E-14      0.1453847714          0.2492173021E-01    4500
       7.650000000          0.1006712865          0.5020558266E-01      0.2465812460E-03      0.2330416349           5.922175374           5.922175374          0.1765948499E-14      0.1450288979          0.2453615703E-01    4500
       7.660000000          0.1003839314          0.4999732174E-01      0.2464091878E-03      0.2317065104           5.922175374           5.922175374          0.1765948499E-14      0.1446707939          0.2415275954E-01    4500
       7.670000000          0.1001171074          0.4978638504E-01      0.2472380966E-03      0.2303728102           5.922175374           5.922175374          0.1765948499E-14      0.1443104312          0.2377157855E-01    4500
       7.680000000          0.9986881947E-01      0.4957017338E-01      0.2492721732E-03      0.2290322030           5.922175374           5.922175374          0.1765948499E-14      0.1439477806          0.2339265683E-01    4500
       7.690000000          0.9963793863E-01      0.4934686766E-01      0.2521462239E-03      0.2276709263           5.922175374           5.922175374          0.1765948499E-14      0.1435828117          0.2301603969E-01    4500
       7.700000000          0.9942215673E-01      0.4911480580E-01      0.2568780188E-03      0.2262847090           5.922175374           5.922175374          0.1765948499E-14      0.1432154932          0.2264177557E-01    4500
       7.710000000          0.9921966412E-01      0.4887277331E-01      0.2623292277E-03      0.2248617890           5.922175374           5.922175374          0.1765948499E-14      0.1428457931          0.2226991651E-01    4500
       7.720000000          0.9902848421E-01      0.4861980560E-01      0.2690044787E-03      0.2233955110           5.922175374           5.922175374          0.1765948499E-14      0.1424736790          0.2190051858E-01    4500
       7.730000000          0.9884625460E-01      0.4835526047E-01      0.2765096524E-03      0.2218839215           5.922175374           5.922175374          0.1765948499E-14      0.1420991186          0.2153364195E-01    4500
       7.740000000          0.9867050694E-01      0.4807864556E-01      0.2859674075E-03      0.2203182353           5.922175374           5.922175374          0.1765948499E-14      0.1417220802          0.2116935104E-01    4500
       7.750000000          0.9849917657E-01      0.4778995486E-01      0.2956807677E-03      0.2187005048           5.922175374           5.922175374          0.1765948499E-14      0.1413425329          0.2080771445E-01    4500
       7.760000000          0.9833013845E-01      0.4748879289E-01      0.3067923818E-03      0.2170229847           5.922175374           5.922175374          0.1765948499E-14      0.1409604465          0.2044880498E-01    4500
       7.770000000          0.9816174516E-01      0.4717578259E-01      0.3181526736E-03      0.2152910878           5.922175374           5.922175374          0.1765948499E-14      0.1405757918          0.2009269985E-01    4500
       7.780000000          0.9799198034E-01      0.4685127260E-01      0.3294129304E-03      0.2134973465           5.922175374           5.922175374          0.1765948499E-14      0.1401885407          0.1973948089E-01    4500
       7.790000000          0.9781989489E-01      0.4651642194E-01      0.3406491886E-03      0.2116533858           5.922175374           5.922175374          0.1765948499E-14      0.1397986661          0.1938923499E-01    4500
       7.800000000          0.9764375482E-01      0.4617180230E-01      0.3512638625E-03      0.2097509093           5.922175374           5.922175374          0.1765948499E-14      0.1394061424          0.1904205459E-01    4500
       7.810000000          0.9746219442E-01      0.4581857763E-01      0.3615932321E-03      0.2077933409           5.922175374           5.922175374          0.1765948499E-14      0.1390109461          0.1869803807E-01    4500
       7.820000000          0.9727436591E-01      0.4545786542E-01      0.3718156668E-03      0.2057835846           5.922175374           5.922175374          0.1765948499E-14      0.1386130562          0.1835729021E-01    4500
       7.830000000          0.9707917977E-01      0.4509106739E-01      0.3805382808E-03      0.2037330435           5.922175374           5.922175374          0.1765948499E-14      0.1382124548          0.1801992244E-01    4500
       7.840000000          0.9687627585E-01      0.4471950787E-01      0.3886939861E-03      0.2016442499           5.922175374           5.922175374          0.1765948499E-14      0.1378091281          0.1768605309E-01    4500
       7.850000000          0.9666526007E-01      0.4434434094E-01      0.3955883723E-03      0.1995235232           5.922175374           5.922175374          0.1765948499E-14      0.1374030671          0.1735580759E-01    4500
       7.860000000          0.9644529955E-01      0.4396678361E-01      0.4011593280E-03      0.1973791656           5.922175374           5.922175374          0.1765948499E-14      0.1369942683          0.1702931856E-01    4500
       7.870000000          0.9621617914E-01      0.4358783105E-01      0.4054360798E-03      0.1952109282           5.922175374           5.922175374          0.1765948499E-14      0.1365827348          0.1670672592E-01    4500
       7.880000000          0.9597789858E-01      0.4320882586E-01      0.4082961894E-03      0.1930283712           5.922175374           5.922175374          0.1765948499E-14      0.1361684771          0.1638817700E-01    4500
       7.890000000          0.9573073620E-01      0.4283110374E-01      0.4098520783E-03      0.1908405851           5.922175374           5.922175374          0.1765948499E-14      0.1357515144          0.1607382645E-01    4500
       7.900000000          0.9547496464E-01      0.4245611127E-01      0.4094578600E-03      0.1886565640           5.922175374           5.922175374          0.1765948499E-14      0.1353318762          0.1576383609E-01    4500
       7.910000000          0.9521059970E-01      0.4208497629E-01      0.4087178617E-03      0.1864732947           5.922175374           5.922175374          0.1765948499E-14      0.1349096028          0.1545837455E-01    4500
       7.920000000          0.9493840596E-01      0.4171908819E-01      0.4058387324E-03      0.1843082373           5.922175374           5.922175374          0.1765948499E-14      0.1344847479          0.1515761670E-01    4500
       7.930000000          0.9465875512E-01      0.4135877149E-01      0.4026765544E-03      0.1821674049           5.922175374           5.922175374          0.1765948499E-14      0.1340573795          0.1486174277E-01    4500
       7.940000000          0.9437279992E-01      0.4100453447E-01      0.3976038596E-03      0.1800515763           5.922175374           5.922175374          0.1765948499E-14      0.1336275814          0.1457093723E-01    4500
       7.950000000          0.9408168691E-01      0.4065774832E-01      0.3916803592E-03      0.1779714930           5.922175374           5.922175374          0.1765948499E-14      0.1331954552          0.1428538731E-01    4500
       7.960000000          0.9378648151E-01      0.4031913527E-01      0.3857943340E-03      0.1759354363           5.922175374           5.922175374          0.1765948499E-14      0.1327611215          0.1400528111E-01    4500
       7.970000000          0.9348815807E-01      0.3998898449E-01      0.3784586470E-03      0.1739514715           5.922175374           5.922175374          0.1765948499E-14      0.1323247211          0.1373080546E-01    4500
       7.980000000          0.9318796910E-01      0.3966690975E-01      0.3710658553E-03      0.1720281072           5.922175374           5.922175374          0.1765948499E-14      0.1318864163          0.1346214327E-01    4500
       7.990000000          0.9288827403E-01      0.3935232043E-01      0.3637100107E-03      0.1701744557           5.922175374           5.922175374          0.1765948499E-14      0.1314463912          0.1319947062E-01    4500
       8.000000000          0.9259038165E-01      0.3904554163E-01      0.3560240066E-03      0.1683981759           5.922175374           5.922175374          0.1765948499E-14      0.1310048520          0.1294295348E-01    4500
