   5.00000000000000                       2475   3.70412262039235     
 -0.180611507473407      -1.042874290922600E-002  4.790046914810000E-002
 -1.042874742225200E-002 -0.180611538246189      -0.180611507473407     
   1.29587736776015      -0.180611518973054       1.042874281113500E-002
  4.790049352809500E-002  1.042874786717700E-002 -1.042874290922600E-002
 -0.180611518973054        3.70412264002921      -0.180611494893722     
 -1.042874441442200E-002  4.790049254114200E-002  4.790046914810000E-002
  1.042874281113500E-002 -0.180611494893722        1.29587736465540     
 -0.180611527737378       1.042874648849700E-002 -1.042874742225200E-002
  4.790049352809500E-002 -1.042874441442200E-002 -0.180611527737378     
   3.70412259972077      -0.180611548471824      -0.180611538246189     
  1.042874786717700E-002  4.790049254114200E-002  1.042874648849700E-002
 -0.180611548471824        1.29587740557364     
