# 1.Frequency     2.DD_LinearResponse(Re)    3.DD_LinearResponse(Im)    4.Orthog    5.Norm    6.NewGS   7.OldGS  8.OrthogRHS    9.NI_LR(Re)   10.NI_LR(Im)   11.Iters
       9.800000000         -0.1460605855E-01      0.2845618861E-01      0.6471648793E-05      0.1267204874           1.270178751           1.270178751          0.1097158388E-14      0.9058741554E-01      0.2654820256        5000
       9.810000000         -0.1312072188E-01      0.2728342990E-01      0.5010369331E-05      0.1293823659           1.270178751           1.270178751          0.1097158388E-14      0.9107513080E-01      0.2650950000        5000
       9.820000000         -0.1321430534E-01      0.2688552266E-01      0.1572206089E-05      0.1330568928           1.270178751           1.270178751          0.1097158388E-14      0.9156535342E-01      0.2647180921        5000
       9.830000000         -0.1314252101E-01      0.2692517017E-01      0.1505234485E-05      0.1348851531           1.270178751           1.270178751          0.1097158388E-14      0.9205841987E-01      0.2643511094        5000
       9.840000000         -0.1274922922E-01      0.2689231495E-01      0.2064024368E-05      0.1347829784           1.270178751           1.270178751          0.1097158388E-14      0.9255466213E-01      0.2639938582        5000
       9.850000000         -0.1251643006E-01      0.2676509818E-01      0.1008631085E-05      0.1341503769           1.270178751           1.270178751          0.1097158388E-14      0.9305440784E-01      0.2636461435        5000
       9.860000000         -0.1244227850E-01      0.2660609089E-01      0.6607852025E-06      0.1333428940           1.270178751           1.270178751          0.1097158388E-14      0.9355798076E-01      0.2633077691        5000
       9.870000000         -0.1245408409E-01      0.2652717114E-01      0.4072941478E-06      0.1328839666           1.270178751           1.270178751          0.1097158388E-14      0.9406570131E-01      0.2629785378        5000
       9.880000000         -0.1247719484E-01      0.2650685469E-01      0.3626573191E-06      0.1326819340           1.270178751           1.270178751          0.1097158388E-14      0.9457788731E-01      0.2626582513        5000
       9.890000000         -0.1248305262E-01      0.2651559410E-01      0.2652558184E-06      0.1326741841           1.270178751           1.270178751          0.1097158388E-14      0.9509485473E-01      0.2623467104        5000
       9.900000000         -0.1247776159E-01      0.2653076423E-01      0.3530255434E-06      0.1327498563           1.270178751           1.270178751          0.1097158388E-14      0.9561691853E-01      0.2620437146        5000
       9.910000000         -0.1246744854E-01      0.2654442668E-01      0.3689253741E-06      0.1328209547           1.270178751           1.270178751          0.1097158388E-14      0.9614439354E-01      0.2617490621        5000
       9.920000000         -0.1245608515E-01      0.2655357638E-01      0.2525024106E-06      0.1328568194           1.270178751           1.270178751          0.1097158388E-14      0.9667759557E-01      0.2614625493        5000
       9.930000000         -0.1244917142E-01      0.2655722326E-01      0.1609691093E-06      0.1328652334           1.270178751           1.270178751          0.1097158388E-14      0.9721684253E-01      0.2611839704        5000
       9.940000000         -0.1245083402E-01      0.2655798676E-01      0.1320369038E-06      0.1328712989           1.270178751           1.270178751          0.1097158388E-14      0.9776245571E-01      0.2609131162        5000
       9.950000000         -0.1246261291E-01      0.2656024804E-01      0.1743028577E-06      0.1328916367           1.270178751           1.270178751          0.1097158388E-14      0.9831476082E-01      0.2606497730        5000
       9.960000000         -0.1248275028E-01      0.2656697971E-01      0.1352924259E-06      0.1329324151           1.270178751           1.270178751          0.1097158388E-14      0.9887408871E-01      0.2603937206        5000
       9.970000000         -0.1250959570E-01      0.2657923499E-01      0.2667474634E-06      0.1329948944           1.270178751           1.270178751          0.1097158388E-14      0.9944077556E-01      0.2601447302        5000
       9.980000000         -0.1254188583E-01      0.2659683759E-01      0.3813665456E-06      0.1330803244           1.270178751           1.270178751          0.1097158388E-14      0.1000151625          0.2599025629        5000
       9.990000000         -0.1257929872E-01      0.2661986608E-01      0.2676435096E-06      0.1331921554           1.270178751           1.270178751          0.1097158388E-14      0.1005975950          0.2596669681        5000
       10.00000000         -0.1262152105E-01      0.2664868214E-01      0.2816528819E-06      0.1333335596           1.270178751           1.270178751          0.1097158388E-14      0.1011884216          0.2594376817        5000
       10.01000000         -0.1266844233E-01      0.2668407103E-01      0.2426849915E-06      0.1335062016           1.270178751           1.270178751          0.1097158388E-14      0.1017879932          0.2592144263        5000
       10.02000000         -0.1271906263E-01      0.2672636754E-01      0.2600577433E-06      0.1337137581           1.270178751           1.270178751          0.1097158388E-14      0.1023966623          0.2589969100        5000
       10.03000000         -0.1277262901E-01      0.2677571490E-01      0.2341940624E-06      0.1339572809           1.270178751           1.270178751          0.1097158388E-14      0.1030147827          0.2587848267        5000
       10.04000000         -0.1282846461E-01      0.2683210396E-01      0.1636097386E-06      0.1342375492           1.270178751           1.270178751          0.1097158388E-14      0.1036427098          0.2585778553        5000
       10.05000000         -0.1288625693E-01      0.2689599384E-01      0.3089001547E-06      0.1345541754           1.270178751           1.270178751          0.1097158388E-14      0.1042808009          0.2583756589        5000
       10.06000000         -0.1294508536E-01      0.2696680331E-01      0.3918694665E-06      0.1349064845           1.270178751           1.270178751          0.1097158388E-14      0.1049294164          0.2581778828        5000
       10.07000000         -0.1300457417E-01      0.2704475665E-01      0.3708816900E-06      0.1352942678           1.270178751           1.270178751          0.1097158388E-14      0.1055889193          0.2579841526        5000
       10.08000000         -0.1306416809E-01      0.2712958930E-01      0.4947527955E-06      0.1357165957           1.270178751           1.270178751          0.1097158388E-14      0.1062596757          0.2577940705        5000
       10.09000000         -0.1312348800E-01      0.2722135565E-01      0.4121834654E-06      0.1361721312           1.270178751           1.270178751          0.1097158388E-14      0.1069420525          0.2576072120        5000
       10.10000000         -0.1318187772E-01      0.2731965850E-01      0.4383532298E-06      0.1366605642           1.270178751           1.270178751          0.1097158388E-14      0.1076364157          0.2574231223        5000
       10.11000000         -0.1323905532E-01      0.2742365304E-01      0.3714721133E-06      0.1371785180           1.270178751           1.270178751          0.1097158388E-14      0.1083431260          0.2572413134        5000
       10.12000000         -0.1329465808E-01      0.2753355996E-01      0.4099907432E-06      0.1377247951           1.270178751           1.270178751          0.1097158388E-14      0.1090625349          0.2570612618        5000
       10.13000000         -0.1334836155E-01      0.2764880588E-01      0.3772416562E-06      0.1382963999           1.270178751           1.270178751          0.1097158388E-14      0.1097949788          0.2568824074        5000
       10.14000000         -0.1340009492E-01      0.2776891015E-01      0.5020239294E-06      0.1388907718           1.270178751           1.270178751          0.1097158388E-14      0.1105407748          0.2567041536        5000
       10.15000000         -0.1344968073E-01      0.2789336437E-01      0.5105479718E-06      0.1395070969           1.270178751           1.270178751          0.1097158388E-14      0.1113002155          0.2565258680        5000
       10.16000000         -0.1349737440E-01      0.2802133509E-01      0.5141266088E-06      0.1401434129           1.270178751           1.270178751          0.1097158388E-14      0.1120735644          0.2563468838        5000
       10.17000000         -0.1354333116E-01      0.2815255196E-01      0.6009670820E-06      0.1407966516           1.270178751           1.270178751          0.1097158388E-14      0.1128610523          0.2561665013        5000
       10.18000000         -0.1358775913E-01      0.2828661216E-01      0.5984357173E-06      0.1414643042           1.270178751           1.270178751          0.1097158388E-14      0.1136628725          0.2559839893        5000
       10.19000000         -0.1363109337E-01      0.2842319814E-01      0.6952751409E-06      0.1421441230           1.270178751           1.270178751          0.1097158388E-14      0.1144791764          0.2557985872        5000
       10.20000000         -0.1367372698E-01      0.2856205389E-01      0.7987393838E-06      0.1428352315           1.270178751           1.270178751          0.1097158388E-14      0.1153100685          0.2556095076        5000
       10.21000000         -0.1371591939E-01      0.2870309915E-01      0.7298596642E-06      0.1435372016           1.270178751           1.270178751          0.1097158388E-14      0.1161556010          0.2554159399        5000
       10.22000000         -0.1375829044E-01      0.2884629395E-01      0.8456866789E-06      0.1442500132           1.270178751           1.270178751          0.1097158388E-14      0.1170157683          0.2552170553        5000
       10.23000000         -0.1380126216E-01      0.2899174874E-01      0.7140376299E-06      0.1449737134           1.270178751           1.270178751          0.1097158388E-14      0.1178905024          0.2550120133        5000
       10.24000000         -0.1384483439E-01      0.2913930879E-01      0.7207786871E-06      0.1457086800           1.270178751           1.270178751          0.1097158388E-14      0.1187796684          0.2547999699        5000
       10.25000000         -0.1388958016E-01      0.2928924414E-01      0.8205665883E-06      0.1464555679           1.270178751           1.270178751          0.1097158388E-14      0.1196830629          0.2545800871        5000
       10.26000000         -0.1393569747E-01      0.2944144349E-01      0.1001331661E-05      0.1472146413           1.270178751           1.270178751          0.1097158388E-14      0.1206004130          0.2543515431        5000
       10.27000000         -0.1398354970E-01      0.2959615639E-01      0.9261255297E-06      0.1479869322           1.270178751           1.270178751          0.1097158388E-14      0.1215313787          0.2541135430        5000
       10.28000000         -0.1403378483E-01      0.2975332398E-01      0.1055489005E-05      0.1487739675           1.270178751           1.270178751          0.1097158388E-14      0.1224755568          0.2538653289        5000
       10.29000000         -0.1408658034E-01      0.2991359513E-01      0.9630962754E-06      0.1495779067           1.270178751           1.270178751          0.1097158388E-14      0.1234324878          0.2536061898        5000
       10.30000000         -0.1414237490E-01      0.3007723955E-01      0.8950340582E-06      0.1504012008           1.270178751           1.270178751          0.1097158388E-14      0.1244016644          0.2533354689        5000
       10.31000000         -0.1420169022E-01      0.3024495891E-01      0.8402236033E-06      0.1512467099           1.270178751           1.270178751          0.1097158388E-14      0.1253825418          0.2530525697        5000
       10.32000000         -0.1426447961E-01      0.3041729642E-01      0.9542812839E-06      0.1521172282           1.270178751           1.270178751          0.1097158388E-14      0.1263745484          0.2527569587        5000
       10.33000000         -0.1433089788E-01      0.3059489954E-01      0.8217274036E-06      0.1530155237           1.270178751           1.270178751          0.1097158388E-14      0.1273770974          0.2524481667        5000
       10.34000000         -0.1440096509E-01      0.3077846604E-01      0.9419523752E-06      0.1539451669           1.270178751           1.270178751          0.1097158388E-14      0.1283895972          0.2521257868        5000
       10.35000000         -0.1447462378E-01      0.3096873880E-01      0.9754655053E-06      0.1549095058           1.270178751           1.270178751          0.1097158388E-14      0.1294114611          0.2517894709        5000
       10.36000000         -0.1455184314E-01      0.3116637291E-01      0.8932614170E-06      0.1559116987           1.270178751           1.270178751          0.1097158388E-14      0.1304421156          0.2514389241        5000
       10.37000000         -0.1463251232E-01      0.3137214760E-01      0.9921673446E-06      0.1569553740           1.270178751           1.270178751          0.1097158388E-14      0.1314810067          0.2510738985        5000
       10.38000000         -0.1471613268E-01      0.3158722624E-01      0.8776849749E-06      0.1580458455           1.270178751           1.270178751          0.1097158388E-14      0.1325276049          0.2506941860        5000
       10.39000000         -0.1480231265E-01      0.3181227412E-01      0.8554703552E-06      0.1591867054           1.270178751           1.270178751          0.1097158388E-14      0.1335814079          0.2502996110        5000
       10.40000000         -0.1489049664E-01      0.3204822009E-01      0.6485728634E-06      0.1603817617           1.270178751           1.270178751          0.1097158388E-14      0.1346419423          0.2498900234        5000
       10.41000000         -0.1497979968E-01      0.3229592813E-01      0.5014194679E-06      0.1616348192           1.270178751           1.270178751          0.1097158388E-14      0.1357087637          0.2494652926        5000
       10.42000000         -0.1506903308E-01      0.3255623778E-01      0.3997994643E-06      0.1629503702           1.270178751           1.270178751          0.1097158388E-14      0.1367814562          0.2490253017        5000
       10.43000000         -0.1515709911E-01      0.3282972834E-01      0.3934902321E-06      0.1643309664           1.270178751           1.270178751          0.1097158388E-14      0.1378596316          0.2485699428        5000
       10.44000000         -0.1524331231E-01      0.3311680131E-01      0.2509333631E-06      0.1657780858           1.270178751           1.270178751          0.1097158388E-14      0.1389429284          0.2480991125        5000
       10.45000000         -0.1532612491E-01      0.3341781672E-01      0.3178098967E-06      0.1672945841           1.270178751           1.270178751          0.1097158388E-14      0.1400310101          0.2476127077        5000
       10.46000000         -0.1540412366E-01      0.3373307448E-01      0.3502465577E-06      0.1688818882           1.270178751           1.270178751          0.1097158388E-14      0.1411235645          0.2471106217        5000
       10.47000000         -0.1547599952E-01      0.3406267978E-01      0.4608441013E-06      0.1705396459           1.270178751           1.270178751          0.1097158388E-14      0.1422203013          0.2465927397        5000
       10.48000000         -0.1554032182E-01      0.3440624851E-01      0.4775011010E-06      0.1722673756           1.270178751           1.270178751          0.1097158388E-14      0.1433209498          0.2460589349        5000
       10.49000000         -0.1559569588E-01      0.3476356655E-01      0.3539793125E-06      0.1740624808           1.270178751           1.270178751          0.1097158388E-14      0.1444252559          0.2455090642        5000
       10.50000000         -0.1564074933E-01      0.3513387185E-01      0.5357312700E-06      0.1759203850           1.270178751           1.270178751          0.1097158388E-14      0.1455329777          0.2449429654        5000
       10.51000000         -0.1567451725E-01      0.3551644728E-01      0.6529325766E-06      0.1778372918           1.270178751           1.270178751          0.1097158388E-14      0.1466438814          0.2443604538        5000
       10.52000000         -0.1569563506E-01      0.3591049629E-01      0.8289101306E-06      0.1798079487           1.270178751           1.270178751          0.1097158388E-14      0.1477577359          0.2437613210        5000
       10.53000000         -0.1570326928E-01      0.3631502319E-01      0.8591855805E-06      0.1818266647           1.270178751           1.270178751          0.1097158388E-14      0.1488743079          0.2431453343        5000
       10.54000000         -0.1569624352E-01      0.3672912114E-01      0.9970176209E-06      0.1838892247           1.270178751           1.270178751          0.1097158388E-14      0.1499933572          0.2425122364        5000
       10.55000000         -0.1567289952E-01      0.3715146451E-01      0.1099866901E-05      0.1859889748           1.270178751           1.270178751          0.1097158388E-14      0.1511146321          0.2418617470        5000
       10.56000000         -0.1563405723E-01      0.3757944048E-01      0.1330019390E-05      0.1881152051           1.270178751           1.270178751          0.1097158388E-14      0.1522378665          0.2411935639        5000
       10.57000000         -0.1558017259E-01      0.3801212144E-01      0.1193988773E-05      0.1902653548           1.270178751           1.270178751          0.1097158388E-14      0.1533627761          0.2405073644        5000
       10.58000000         -0.1551126920E-01      0.3844914899E-01      0.1317701649E-05      0.1924323205           1.270178751           1.270178751          0.1097158388E-14      0.1544890566          0.2398028064        5000
       10.59000000         -0.1542697930E-01      0.3888978555E-01      0.1128420204E-05      0.1946113347           1.270178751           1.270178751          0.1097158388E-14      0.1556163809          0.2390795290        5000
       10.60000000         -0.1532706102E-01      0.3933286274E-01      0.1057730975E-05      0.1967974851           1.270178751           1.270178751          0.1097158388E-14      0.1567443961          0.2383371532        5000
       10.61000000         -0.1521176941E-01      0.3977740534E-01      0.9295141350E-06      0.1989872112           1.270178751           1.270178751          0.1097158388E-14      0.1578727205          0.2375752812        5000
       10.62000000         -0.1508108952E-01      0.4022277305E-01      0.1046097777E-05      0.2011747632           1.270178751           1.270178751          0.1097158388E-14      0.1590009391          0.2367934971        5000
       10.63000000         -0.1493657262E-01      0.4066807215E-01      0.9552031932E-06      0.2033606629           1.270178751           1.270178751          0.1097158388E-14      0.1601285978          0.2359913680        5000
       10.64000000         -0.1477794949E-01      0.4111294006E-01      0.8488172847E-06      0.2055427704           1.270178751           1.270178751          0.1097158388E-14      0.1612551977          0.2351684457        5000
       10.65000000         -0.1460567450E-01      0.4155736387E-01      0.7372804265E-06      0.2077217836           1.270178751           1.270178751          0.1097158388E-14      0.1623801887          0.2343242706        5000
       10.66000000         -0.1441980224E-01      0.4200157196E-01      0.5920437149E-06      0.2098980530           1.270178751           1.270178751          0.1097158388E-14      0.1635029630          0.2334583771        5000
       10.67000000         -0.1422012148E-01      0.4244564222E-01      0.5181722788E-06      0.2120716527           1.270178751           1.270178751          0.1097158388E-14      0.1646228498          0.2325703005        5000
       10.68000000         -0.1400550277E-01      0.4288920103E-01      0.4801438672E-06      0.2142388358           1.270178751           1.270178751          0.1097158388E-14      0.1657391112          0.2316595846        5000
       10.69000000         -0.1377636052E-01      0.4333267962E-01      0.3135009388E-06      0.2164026085           1.270178751           1.270178751          0.1097158388E-14      0.1668509388          0.2307257911        5000
       10.70000000         -0.1353152616E-01      0.4377513300E-01      0.2030035303E-06      0.2185578583           1.270178751           1.270178751          0.1097158388E-14      0.1679574522          0.2297685086        5000
       10.71000000         -0.1327065263E-01      0.4421635158E-01      0.3364950319E-07      0.2207034985           1.270178751           1.270178751          0.1097158388E-14      0.1690576976          0.2287873625        5000
       10.72000000         -0.1299312458E-01      0.4465606756E-01      0.1491916255E-06      0.2228393308           1.270178751           1.270178751          0.1097158388E-14      0.1701506485          0.2277820250        5000
       10.73000000         -0.1269814231E-01      0.4509358257E-01      0.3175844132E-06      0.2249617338           1.270178751           1.270178751          0.1097158388E-14      0.1712352067          0.2267522256        5000
       10.74000000         -0.1238491223E-01      0.4552812002E-01      0.3561074597E-06      0.2270671522           1.270178751           1.270178751          0.1097158388E-14      0.1723102040          0.2256977626        5000
       10.75000000         -0.1205260551E-01      0.4595863112E-01      0.4896185557E-06      0.2291508943           1.270178751           1.270178751          0.1097158388E-14      0.1733744067          0.2246185151        5000
       10.76000000         -0.1170058750E-01      0.4638380592E-01      0.4224852696E-06      0.2312069684           1.270178751           1.270178751          0.1097158388E-14      0.1744265210          0.2235144558        5000
       10.77000000         -0.1132839400E-01      0.4680216201E-01      0.4456219533E-06      0.2332289825           1.270178751           1.270178751          0.1097158388E-14      0.1754652011          0.2223856639        5000
       10.78000000         -0.1093550131E-01      0.4721216693E-01      0.4156529181E-06      0.2352092907           1.270178751           1.270178751          0.1097158388E-14      0.1764890615          0.2212323384        5000
       10.79000000         -0.1052158365E-01      0.4761198522E-01      0.5776737509E-06      0.2371373275           1.270178751           1.270178751          0.1097158388E-14      0.1774966909          0.2200548091        5000
       10.80000000         -0.1008682306E-01      0.4799963242E-01      0.6375196878E-06      0.2390034994           1.270178751           1.270178751          0.1097158388E-14      0.1784866712          0.2188535463        5000
       10.81000000         -0.9631945676E-02      0.4837304354E-01      0.5544263354E-06      0.2407981678           1.270178751           1.270178751          0.1097158388E-14      0.1794575982          0.2176291666        5000
       10.82000000         -0.9157978458E-02      0.4873024839E-01      0.7179238602E-06      0.2425108209           1.270178751           1.270178751          0.1097158388E-14      0.1804081044          0.2163824341        5000
       10.83000000         -0.8666060773E-02      0.4906954175E-01      0.7126312435E-06      0.2441314125           1.270178751           1.270178751          0.1097158388E-14      0.1813368834          0.2151142577        5000
       10.84000000         -0.8158005037E-02      0.4938922067E-01      0.7185466169E-06      0.2456506298           1.270178751           1.270178751          0.1097158388E-14      0.1822427120          0.2138256820        5000
       10.85000000         -0.7635946430E-02      0.4968801498E-01      0.6954722471E-06      0.2470616732           1.270178751           1.270178751          0.1097158388E-14      0.1831244724          0.2125178743        5000
       10.86000000         -0.7102438502E-02      0.4996506976E-01      0.7935503854E-06      0.2483592078           1.270178751           1.270178751          0.1097158388E-14      0.1839811697          0.2111921074        5000
       10.87000000         -0.6560136407E-02      0.5021994464E-01      0.8145028955E-06      0.2495401019           1.270178751           1.270178751          0.1097158388E-14      0.1848119467          0.2098497388        5000
       10.88000000         -0.6011506614E-02      0.5045298507E-01      0.8897131607E-06      0.2506050129           1.270178751           1.270178751          0.1097158388E-14      0.1856160928          0.2084921876        5000
       10.89000000         -0.5459288383E-02      0.5066485523E-01      0.8480128282E-06      0.2515561752           1.270178751           1.270178751          0.1097158388E-14      0.1863930496          0.2071209106        5000
       10.90000000         -0.4905951999E-02      0.5085691360E-01      0.7293616591E-06      0.2524005629           1.270178751           1.270178751          0.1097158388E-14      0.1871424101          0.2057373790        5000
       10.91000000         -0.4354560754E-02      0.5103071957E-01      0.9496827744E-06      0.2531467887           1.270178751           1.270178751          0.1097158388E-14      0.1878639142          0.2043430556        5000
       10.92000000         -0.3806287230E-02      0.5118914792E-01      0.8403405305E-06      0.2538103989           1.270178751           1.270178751          0.1097158388E-14      0.1885574405          0.2029393748        5000
       10.93000000         -0.3261154504E-02      0.5133499235E-01      0.7528860803E-06      0.2544046073           1.270178751           1.270178751          0.1097158388E-14      0.1892229944          0.2015277257        5000
       10.94000000         -0.2720497347E-02      0.5147066359E-01      0.7055855970E-06      0.2549429029           1.270178751           1.270178751          0.1097158388E-14      0.1898606950          0.2001094379        5000
       10.95000000         -0.2183757160E-02      0.5159970163E-01      0.6488518582E-06      0.2554466773           1.270178751           1.270178751          0.1097158388E-14      0.1904707599          0.1986857715        5000
       10.96000000         -0.1650250373E-02      0.5172445620E-01      0.4347556495E-06      0.2559291391           1.270178751           1.270178751          0.1097158388E-14      0.1910534907          0.1972579098        5000
       10.97000000         -0.1117657889E-02      0.5184718898E-01      0.3795291506E-06      0.2564054716           1.270178751           1.270178751          0.1097158388E-14      0.1916092581          0.1958269545        5000
       10.98000000         -0.5835119365E-03      0.5196965197E-01      0.4112759626E-06      0.2568864677           1.270178751           1.270178751          0.1097158388E-14      0.1921384878          0.1943939246        5000
       10.99000000         -0.4548486415E-04      0.5209289411E-01      0.3212667138E-06      0.2573817187           1.270178751           1.270178751          0.1097158388E-14      0.1926416485          0.1929597559        5000
       11.00000000          0.4987575671E-03      0.5221784829E-01      0.3016722962E-06      0.2579002497           1.270178751           1.270178751          0.1097158388E-14      0.1931192396          0.1915253023        5000
       11.01000000          0.1052033314E-02      0.5234416961E-01      0.1773354433E-06      0.2584445303           1.270178751           1.270178751          0.1097158388E-14      0.1935717811          0.1900913386        5000
       11.02000000          0.1616817904E-02      0.5247108428E-01      0.4309607619E-06      0.2590145093           1.270178751           1.270178751          0.1097158388E-14      0.1939998037          0.1886585638        5000
       11.03000000          0.2196575044E-02      0.5259585247E-01      0.4282576872E-06      0.2596012556           1.270178751           1.270178751          0.1097158388E-14      0.1944038408          0.1872276051        5000
       11.04000000          0.2792501342E-02      0.5271706152E-01      0.4595158166E-06      0.2601964321           1.270178751           1.270178751          0.1097158388E-14      0.1947844199          0.1857990229        5000
       11.05000000          0.3407286450E-02      0.5283127160E-01      0.6165777040E-06      0.2607875501           1.270178751           1.270178751          0.1097158388E-14      0.1951420565          0.1843733164        5000
       11.06000000          0.4040805036E-02      0.5293658688E-01      0.7290131957E-06      0.2613596167           1.270178751           1.270178751          0.1097158388E-14      0.1954772484          0.1829509302        5000
       11.07000000          0.4693456247E-02      0.5303014317E-01      0.7091884980E-06      0.2618998919           1.270178751           1.270178751          0.1097158388E-14      0.1957904710          0.1815322603        5000
       11.08000000          0.5364890875E-02      0.5310866327E-01      0.5770049562E-06      0.2623866847           1.270178751           1.270178751          0.1097158388E-14      0.1960821748          0.1801176611        5000
       11.09000000          0.6054424841E-02      0.5316973671E-01      0.7619079312E-06      0.2628012558           1.270178751           1.270178751          0.1097158388E-14      0.1963527832          0.1787074521        5000
       11.10000000          0.6760876075E-02      0.5321158697E-01      0.7194750954E-06      0.2631306905           1.270178751           1.270178751          0.1097158388E-14      0.1966026917          0.1773019234        5000
       11.11000000          0.7482281930E-02      0.5323220336E-01      0.7055927849E-06      0.2633605183           1.270178751           1.270178751          0.1097158388E-14      0.1968322680          0.1759013411        5000
       11.12000000          0.8216821350E-02      0.5322980111E-01      0.6405839959E-06      0.2634740324           1.270178751           1.270178751          0.1097158388E-14      0.1970418525          0.1745059519        5000
       11.13000000          0.8963361922E-02      0.5320345961E-01      0.5836080725E-06      0.2634603472           1.270178751           1.270178751          0.1097158388E-14      0.1972317586          0.1731159868        5000
       11.14000000          0.9720382592E-02      0.5315221135E-01      0.4455597383E-06      0.2633087763           1.270178751           1.270178751          0.1097158388E-14      0.1974022728          0.1717316646        5000
       11.15000000          0.1048634496E-01      0.5307571594E-01      0.5019739347E-06      0.2630140979           1.270178751           1.270178751          0.1097158388E-14      0.1975536550          0.1703531948        5000
       11.16000000          0.1126011854E-01      0.5297347701E-01      0.4866289014E-06      0.2625720175           1.270178751           1.270178751          0.1097158388E-14      0.1976861384          0.1689807815        5000
       11.17000000          0.1204066281E-01      0.5284492356E-01      0.5257710258E-06      0.2619767893           1.270178751           1.270178751          0.1097158388E-14      0.1977999294          0.1676146270        5000
       11.18000000          0.1282796217E-01      0.5268970402E-01      0.5289175331E-06      0.2612298071           1.270178751           1.270178751          0.1097158388E-14      0.1978952075          0.1662549356        5000
       11.19000000          0.1362063712E-01      0.5250790517E-01      0.6387343791E-06      0.2603366885           1.270178751           1.270178751          0.1097158388E-14      0.1979721262          0.1649019185        5000
       11.20000000          0.1441867183E-01      0.5229705251E-01      0.6997142782E-06      0.2592822732           1.270178751           1.270178751          0.1097158388E-14      0.1980308144          0.1635557984        5000
       11.21000000          0.1522098908E-01      0.5205808334E-01      0.7748468359E-06      0.2580800661           1.270178751           1.270178751          0.1097158388E-14      0.1980713784          0.1622168147        5000
       11.22000000          0.1602624575E-01      0.5178819077E-01      0.1003266808E-05      0.2567172950           1.270178751           1.270178751          0.1097158388E-14      0.1980939052          0.1608852275        5000
       11.23000000          0.1683434422E-01      0.5148550062E-01      0.1126314831E-05      0.2551886805           1.270178751           1.270178751          0.1097158388E-14      0.1980984666          0.1595613224        5000
       11.24000000          0.1764411849E-01      0.5114927959E-01      0.1235747464E-05      0.2534978609           1.270178751           1.270178751          0.1097158388E-14      0.1980851237          0.1582454135        5000
       11.25000000          0.1845302914E-01      0.5077710015E-01      0.1289755627E-05      0.2516330282           1.270178751           1.270178751          0.1097158388E-14      0.1980539322          0.1569378465        5000
       11.26000000          0.1925908204E-01      0.5036736957E-01      0.1562824104E-05      0.2495912122           1.270178751           1.270178751          0.1097158388E-14      0.1980049477          0.1556389999        5000
       11.27000000          0.2005965984E-01      0.4991823222E-01      0.1702785800E-05      0.2473644651           1.270178751           1.270178751          0.1097158388E-14      0.1979382309          0.1543492872        5000
       11.28000000          0.2085185216E-01      0.4942886587E-01      0.1846863561E-05      0.2449515497           1.270178751           1.270178751          0.1097158388E-14      0.1978538537          0.1530691570        5000
       11.29000000          0.2163177595E-01      0.4889804734E-01      0.1887837876E-05      0.2423472236           1.270178751           1.270178751          0.1097158388E-14      0.1977519044          0.1517990942        5000
       11.30000000          0.2239537418E-01      0.4832504906E-01      0.1967748983E-05      0.2395466639           1.270178751           1.270178751          0.1097158388E-14      0.1976324946          0.1505396193        5000
       11.31000000          0.2313874457E-01      0.4770936660E-01      0.2149442536E-05      0.2365478537           1.270178751           1.270178751          0.1097158388E-14      0.1974957655          0.1492912883        5000
       11.32000000          0.2385790382E-01      0.4705184743E-01      0.2218450555E-05      0.2333547214           1.270178751           1.270178751          0.1097158388E-14      0.1973418956          0.1480546908        5000
       11.33000000          0.2454848680E-01      0.4635372624E-01      0.2250290090E-05      0.2299716515           1.270178751           1.270178751          0.1097158388E-14      0.1971711087          0.1468304470        5000
       11.34000000          0.2520630108E-01      0.4561666650E-01      0.2271715153E-05      0.2264049685           1.270178751           1.270178751          0.1097158388E-14      0.1969836819          0.1456192029        5000
       11.35000000          0.2582727409E-01      0.4484267699E-01      0.2215286052E-05      0.2226622211           1.270178751           1.270178751          0.1097158388E-14      0.1967799531          0.1444216238        5000
       11.36000000          0.2640788167E-01      0.4403432941E-01      0.2293267069E-05      0.2187522225           1.270178751           1.270178751          0.1097158388E-14      0.1965603282          0.1432383853        5000
       11.37000000          0.2694503213E-01      0.4319451137E-01      0.2222313831E-05      0.2146870770           1.270178751           1.270178751          0.1097158388E-14      0.1963252863          0.1420701624        5000
       11.38000000          0.2743554302E-01      0.4232738003E-01      0.2123111397E-05      0.2104885027           1.270178751           1.270178751          0.1097158388E-14      0.1960753825          0.1409176178        5000
       11.39000000          0.2787660971E-01      0.4143710338E-01      0.2027019384E-05      0.2061716423           1.270178751           1.270178751          0.1097158388E-14      0.1958112489          0.1397813884        5000
       11.40000000          0.2826571284E-01      0.4052803555E-01      0.1953827461E-05      0.2017565109           1.270178751           1.270178751          0.1097158388E-14      0.1955335916          0.1386620717        5000
       11.41000000          0.2860141854E-01      0.3960486296E-01      0.1875489758E-05      0.1972649670           1.270178751           1.270178751          0.1097158388E-14      0.1952431860          0.1375602135        5000
       11.42000000          0.2888261241E-01      0.3867313389E-01      0.1762086491E-05      0.1927283442           1.270178751           1.270178751          0.1097158388E-14      0.1949408680          0.1364762956        5000
       11.43000000          0.2910913137E-01      0.3773865176E-01      0.1707832028E-05      0.1881733367           1.270178751           1.270178751          0.1097158388E-14      0.1946275244          0.1354107270        5000
       11.44000000          0.2928102192E-01      0.3680660492E-01      0.1597816669E-05      0.1836244620           1.270178751           1.270178751          0.1097158388E-14      0.1943040804          0.1343638359        5000
       11.45000000          0.2939913146E-01      0.3588182208E-01      0.1471607525E-05      0.1791050576           1.270178751           1.270178751          0.1097158388E-14      0.1939714865          0.1333358662        5000
       11.46000000          0.2946540016E-01      0.3496861852E-01      0.1365642904E-05      0.1746382802           1.270178751           1.270178751          0.1097158388E-14      0.1936307056          0.1323269752        5000
       11.47000000          0.2948284357E-01      0.3407153173E-01      0.1202895415E-05      0.1702522580           1.270178751           1.270178751          0.1097158388E-14      0.1932827003          0.1313372354        5000
       11.48000000          0.2945577484E-01      0.3319680873E-01      0.1027693094E-05      0.1659903219           1.270178751           1.270178751          0.1097158388E-14      0.1929284208          0.1303666371        5000
       11.49000000          0.2938673065E-01      0.3235034165E-01      0.1056474812E-05      0.1618843457           1.270178751           1.270178751          0.1097158388E-14      0.1925687949          0.1294150947        5000
       11.50000000          0.2927609188E-01      0.3153175642E-01      0.9165139198E-06      0.1579105151           1.270178751           1.270178751          0.1097158388E-14      0.1922047198          0.1284824523        5000
       11.51000000          0.2912560731E-01      0.3074051987E-01      0.7916852087E-06      0.1540564160           1.270178751           1.270178751          0.1097158388E-14      0.1918370554          0.1275684916        5000
       11.52000000          0.2893801561E-01      0.2997621476E-01      0.5744445105E-06      0.1503225294           1.270178751           1.270178751          0.1097158388E-14      0.1914666188          0.1266729393        5000
       11.53000000          0.2871694744E-01      0.2923905005E-01      0.5438638150E-06      0.1467154145           1.270178751           1.270178751          0.1097158388E-14      0.1910941816          0.1257954744        5000
       11.54000000          0.2846590457E-01      0.2853004588E-01      0.3438812007E-06      0.1432422998           1.270178751           1.270178751          0.1097158388E-14      0.1907204671          0.1249357362        5000
       11.55000000          0.2818855985E-01      0.2785065925E-01      0.2873163138E-06      0.1399104574           1.270178751           1.270178751          0.1097158388E-14      0.1903461492          0.1240933304        5000
       11.56000000          0.2788761878E-01      0.2720253533E-01      0.2175095612E-06      0.1367244132           1.270178751           1.270178751          0.1097158388E-14      0.1899718518          0.1232678364        5000
       11.57000000          0.2756576876E-01      0.2658684176E-01      0.1804613844E-06      0.1336873289           1.270178751           1.270178751          0.1097158388E-14      0.1895981493          0.1224588131        5000
       11.58000000          0.2722542675E-01      0.2600416300E-01      0.3177401534E-06      0.1308011048           1.270178751           1.270178751          0.1097158388E-14      0.1892255674          0.1216658047        5000
       11.59000000          0.2686881841E-01      0.2545481030E-01      0.3811117683E-06      0.1280666041           1.270178751           1.270178751          0.1097158388E-14      0.1888545845          0.1208883469        5000
       11.60000000          0.2649841742E-01      0.2493854418E-01      0.3275408984E-06      0.1254841901           1.270178751           1.270178751          0.1097158388E-14      0.1884856342          0.1201259711        5000
       11.61000000          0.2611668309E-01      0.2445498000E-01      0.4620454084E-06      0.1230533151           1.270178751           1.270178751          0.1097158388E-14      0.1881191081          0.1193782097        5000
       11.62000000          0.2572603759E-01      0.2400380902E-01      0.4729817594E-06      0.1207728876           1.270178751           1.270178751          0.1097158388E-14      0.1877553592          0.1186445991        5000
       11.63000000          0.2532875690E-01      0.2358455202E-01      0.5795631447E-06      0.1186408330           1.270178751           1.270178751          0.1097158388E-14      0.1873947061          0.1179246827        5000
       11.64000000          0.2492701400E-01      0.2319675776E-01      0.5995344762E-06      0.1166549115           1.270178751           1.270178751          0.1097158388E-14      0.1870374360          0.1172180126        5000
       11.65000000          0.2452272385E-01      0.2283979963E-01      0.6455089422E-06      0.1148121116           1.270178751           1.270178751          0.1097158388E-14      0.1866838087          0.1165241506        5000
       11.66000000          0.2411778596E-01      0.2251300345E-01      0.7517028232E-06      0.1131094816           1.270178751           1.270178751          0.1097158388E-14      0.1863340594          0.1158426685        5000
       11.67000000          0.2371382887E-01      0.2221545403E-01      0.8283310346E-06      0.1115431747           1.270178751           1.270178751          0.1097158388E-14      0.1859884007          0.1151731476        5000
       11.68000000          0.2331258655E-01      0.2194617162E-01      0.9063999225E-06      0.1101096173           1.270178751           1.270178751          0.1097158388E-14      0.1856470251          0.1145151794        5000
       11.69000000          0.2291560688E-01      0.2170411704E-01      0.9053856750E-06      0.1088044793           1.270178751           1.270178751          0.1097158388E-14      0.1853101056          0.1138683645        5000
       11.70000000          0.2252448673E-01      0.2148800412E-01      0.9856806081E-06      0.1076226838           1.270178751           1.270178751          0.1097158388E-14      0.1849777975          0.1132323136        5000
       11.71000000          0.2214075457E-01      0.2129645404E-01      0.9991256873E-06      0.1065585935           1.270178751           1.270178751          0.1097158388E-14      0.1846502390          0.1126066476        5000
       11.72000000          0.2176576177E-01      0.2112812411E-01      0.9902321188E-06      0.1056060227           1.270178751           1.270178751          0.1097158388E-14      0.1843275527          0.1119909979        5000
       11.73000000          0.2140067824E-01      0.2098154960E-01      0.1119106881E-05      0.1047580712           1.270178751           1.270178751          0.1097158388E-14      0.1840098470          0.1113850075        5000
       11.74000000          0.2104647171E-01      0.2085530546E-01      0.1137344369E-05      0.1040077395           1.270178751           1.270178751          0.1097158388E-14      0.1836972174          0.1107883308        5000
       11.75000000          0.2070393547E-01      0.2074785064E-01      0.1290214991E-05      0.1033477675           1.270178751           1.270178751          0.1097158388E-14      0.1833897491          0.1102006343        5000
       11.76000000          0.2037365182E-01      0.2065775441E-01      0.1321146072E-05      0.1027713074           1.270178751           1.270178751          0.1097158388E-14      0.1830875179          0.1096215958        5000
       11.77000000          0.2005602446E-01      0.2058355791E-01      0.1316348481E-05      0.1022715908           1.270178751           1.270178751          0.1097158388E-14      0.1827905926          0.1090509043        5000
       11.78000000          0.1975126628E-01      0.2052372348E-01      0.1324642658E-05      0.1018416984           1.270178751           1.270178751          0.1097158388E-14      0.1824990359          0.1084882587        5000
       11.79000000          0.1945945289E-01      0.2047671598E-01      0.1371962584E-05      0.1014749513           1.270178751           1.270178751          0.1097158388E-14      0.1822129058          0.1079333669        5000
       11.80000000          0.1918052691E-01      0.2044108207E-01      0.1412325251E-05      0.1011650091           1.270178751           1.270178751          0.1097158388E-14      0.1819322560          0.1073859446        5000
       11.81000000          0.1891427875E-01      0.2041544138E-01      0.1571509014E-05      0.1009060516           1.270178751           1.270178751          0.1097158388E-14      0.1816571361          0.1068457146        5000
       11.82000000          0.1866035003E-01      0.2039835657E-01      0.1452544264E-05      0.1006920954           1.270178751           1.270178751          0.1097158388E-14      0.1813875919          0.1063124057        5000
       11.83000000          0.1841823709E-01      0.2038868864E-01      0.1561111633E-05      0.1005186991           1.270178751           1.270178751          0.1097158388E-14      0.1811236653          0.1057857528        5000
       11.84000000          0.1818726121E-01      0.2038536739E-01      0.1584539957E-05      0.1003811619           1.270178751           1.270178751          0.1097158388E-14      0.1808653943          0.1052654964        5000
       11.85000000          0.1796679557E-01      0.2038743863E-01      0.1623871770E-05      0.1002754566           1.270178751           1.270178751          0.1097158388E-14      0.1806128136          0.1047513826        5000
       11.86000000          0.1775605817E-01      0.2039414452E-01      0.1681710821E-05      0.1001988877           1.270178751           1.270178751          0.1097158388E-14      0.1803659546          0.1042431627        5000
       11.87000000          0.1755407209E-01      0.2040510565E-01      0.1649852877E-05      0.1001496576           1.270178751           1.270178751          0.1097158388E-14      0.1801248460          0.1037405938        5000
       11.88000000          0.1736017489E-01      0.2041987764E-01      0.1753584979E-05      0.1001265622           1.270178751           1.270178751          0.1097158388E-14      0.1798895144          0.1032434375        5000
       11.89000000          0.1717341902E-01      0.2043864861E-01      0.1771178484E-05      0.1001297226           1.270178751           1.270178751          0.1097158388E-14      0.1796599848          0.1027514605        5000
       11.90000000          0.1699314150E-01      0.2046146618E-01      0.1817544156E-05      0.1001594096           1.270178751           1.270178751          0.1097158388E-14      0.1794362809          0.1022644337        5000
       11.91000000          0.1681888178E-01      0.2048852954E-01      0.1748927091E-05      0.1002170826           1.270178751           1.270178751          0.1097158388E-14      0.1792184259          0.1017821318        5000
       11.92000000          0.1665003551E-01      0.2052018967E-01      0.1804726387E-05      0.1003036964           1.270178751           1.270178751          0.1097158388E-14      0.1790064430          0.1013043325        5000
       11.93000000          0.1648633491E-01      0.2055699062E-01      0.1837730015E-05      0.1004221511           1.270178751           1.270178751          0.1097158388E-14      0.1788003552          0.1008308158        5000
       11.94000000          0.1632769856E-01      0.2059946542E-01      0.1895187512E-05      0.1005748169           1.270178751           1.270178751          0.1097158388E-14      0.1786001860          0.1003613632        5000
       11.95000000          0.1617417458E-01      0.2064828516E-01      0.1855490421E-05      0.1007645683           1.270178751           1.270178751          0.1097158388E-14      0.1784059588          0.9989575702E-01    5000
       11.96000000          0.1602620938E-01      0.2070413819E-01      0.1931872331E-05      0.1009949114           1.270178751           1.270178751          0.1097158388E-14      0.1782176973          0.9943377930E-01    5000
       11.97000000          0.1588344912E-01      0.2076764216E-01      0.1799024239E-05      0.1012675108           1.270178751           1.270178751          0.1097158388E-14      0.1780354245          0.9897521147E-01    5000
       11.98000000          0.1574747464E-01      0.2083929554E-01      0.1833510875E-05      0.1015844823           1.270178751           1.270178751          0.1097158388E-14      0.1778591627          0.9851983374E-01    5000
       11.99000000          0.1561898892E-01      0.2091979678E-01      0.1880580627E-05      0.1019495471           1.270178751           1.270178751          0.1097158388E-14      0.1776889330          0.9806742474E-01    5000
       12.00000000          0.1549867194E-01      0.2100950907E-01      0.1893646381E-05      0.1023628240           1.270178751           1.270178751          0.1097158388E-14      0.1775247549          0.9761776136E-01    5000
       12.01000000          0.1538763982E-01      0.2110841559E-01      0.1811466047E-05      0.1028245039           1.270178751           1.270178751          0.1097158388E-14      0.1773666456          0.9717061861E-01    5000
       12.02000000          0.1528795136E-01      0.2121686748E-01      0.1782271882E-05      0.1033356905           1.270178751           1.270178751          0.1097158388E-14      0.1772146204          0.9672576956E-01    5000
       12.03000000          0.1520057987E-01      0.2133453654E-01      0.1892693199E-05      0.1038941575           1.270178751           1.270178751          0.1097158388E-14      0.1770686925          0.9628298525E-01    5000
       12.04000000          0.1512737267E-01      0.2146103491E-01      0.1897651099E-05      0.1044978842           1.270178751           1.270178751          0.1097158388E-14      0.1769288728          0.9584203434E-01    5000
       12.05000000          0.1506985303E-01      0.2159555397E-01      0.1935586334E-05      0.1051421175           1.270178751           1.270178751          0.1097158388E-14      0.1767951703          0.9540268265E-01    5000
       12.06000000          0.1503010023E-01      0.2173713857E-01      0.1945298868E-05      0.1058225463           1.270178751           1.270178751          0.1097158388E-14      0.1766675921          0.9496469227E-01    5000
       12.07000000          0.1500929160E-01      0.2188428461E-01      0.1857149523E-05      0.1065313310           1.270178751           1.270178751          0.1097158388E-14      0.1765461431          0.9452782058E-01    5000
       12.08000000          0.1500916466E-01      0.2203521382E-01      0.1873612315E-05      0.1072598624           1.270178751           1.270178751          0.1097158388E-14      0.1764308248          0.9409181913E-01    5000
       12.09000000          0.1503117546E-01      0.2218790050E-01      0.1733116935E-05      0.1079983373           1.270178751           1.270178751          0.1097158388E-14      0.1763216349          0.9365643268E-01    5000
       12.10000000          0.1507610271E-01      0.2233983545E-01      0.1763407400E-05      0.1087335813           1.270178751           1.270178751          0.1097158388E-14      0.1762185649          0.9322139858E-01    5000
       12.11000000          0.1514512708E-01      0.2248846354E-01      0.1710992982E-05      0.1094542847           1.270178751           1.270178751          0.1097158388E-14      0.1761215992          0.9278644647E-01    5000
       12.12000000          0.1523821954E-01      0.2263065221E-01      0.1694765022E-05      0.1101442851           1.270178751           1.270178751          0.1097158388E-14      0.1760307125          0.9235129864E-01    5000
       12.13000000          0.1535576659E-01      0.2276342534E-01      0.1634083028E-05      0.1107903560           1.270178751           1.270178751          0.1097158388E-14      0.1759458687          0.9191567062E-01    5000
       12.14000000          0.1549678531E-01      0.2288325256E-01      0.1750678759E-05      0.1113739714           1.270178751           1.270178751          0.1097158388E-14      0.1758670194          0.9147927215E-01    5000
       12.15000000          0.1566010256E-01      0.2298689257E-01      0.1708639103E-05      0.1118796870           1.270178751           1.270178751          0.1097158388E-14      0.1757941024          0.9104180826E-01    5000
       12.16000000          0.1584545354E-01      0.2307152483E-01      0.1563910123E-05      0.1122968703           1.270178751           1.270178751          0.1097158388E-14      0.1757270412          0.9060298042E-01    5000
       12.17000000          0.1604833314E-01      0.2313304841E-01      0.1772945929E-05      0.1125994700           1.270178751           1.270178751          0.1097158388E-14      0.1756657442          0.9016248753E-01    5000
       12.18000000          0.1626786412E-01      0.2316971952E-01      0.1645428874E-05      0.1127847231           1.270178751           1.270178751          0.1097158388E-14      0.1756101035          0.8972002706E-01    5000
       12.19000000          0.1649986399E-01      0.2317876684E-01      0.1730037994E-05      0.1128375869           1.270178751           1.270178751          0.1097158388E-14      0.1755599942          0.8927529613E-01    5000
       12.20000000          0.1674122439E-01      0.2315845027E-01      0.1458111960E-05      0.1127500409           1.270178751           1.270178751          0.1097158388E-14      0.1755152736          0.8882799285E-01    5000
       12.21000000          0.1698702499E-01      0.2310755490E-01      0.1592025218E-05      0.1125149682           1.270178751           1.270178751          0.1097158388E-14      0.1754757799          0.8837781802E-01    5000
       12.22000000          0.1723381893E-01      0.2302567431E-01      0.1605549855E-05      0.1121325198           1.270178751           1.270178751          0.1097158388E-14      0.1754413311          0.8792447721E-01    5000
       12.23000000          0.1747682272E-01      0.2291287049E-01      0.1401729635E-05      0.1116017003           1.270178751           1.270178751          0.1097158388E-14      0.1754117249          0.8746768344E-01    5000
       12.24000000          0.1771192289E-01      0.2277016114E-01      0.1393596339E-05      0.1109277259           1.270178751           1.270178751          0.1097158388E-14      0.1753867382          0.8700716020E-01    5000
       12.25000000          0.1793535213E-01      0.2259903182E-01      0.1397742274E-05      0.1101189731           1.270178751           1.270178751          0.1097158388E-14      0.1753661277          0.8654264478E-01    5000
       12.26000000          0.1814299956E-01      0.2240168118E-01      0.1307038380E-05      0.1091844605           1.270178751           1.270178751          0.1097158388E-14      0.1753496317          0.8607389160E-01    5000
       12.27000000          0.1833205895E-01      0.2218071098E-01      0.1250753094E-05      0.1081388795           1.270178751           1.270178751          0.1097158388E-14      0.1753369726          0.8560067520E-01    5000
       12.28000000          0.1849910352E-01      0.2193902758E-01      0.1301515644E-05      0.1069944306           1.270178751           1.270178751          0.1097158388E-14      0.1753278594          0.8512279267E-01    5000
       12.29000000          0.1864268508E-01      0.2168024413E-01      0.1297584490E-05      0.1057706138           1.270178751           1.270178751          0.1097158388E-14      0.1753219922          0.8464006528E-01    5000
       12.30000000          0.1876048702E-01      0.2140803046E-01      0.1273846949E-05      0.1044827367           1.270178751           1.270178751          0.1097158388E-14      0.1753190657          0.8415233914E-01    5000
       12.31000000          0.1885178811E-01      0.2112618726E-01      0.1238726691E-05      0.1031501389           1.270178751           1.270178751          0.1097158388E-14      0.1753187732          0.8365948495E-01    5000
       12.32000000          0.1891606510E-01      0.2083832836E-01      0.1128622222E-05      0.1017899584           1.270178751           1.270178751          0.1097158388E-14      0.1753208106          0.8316139693E-01    5000
       12.33000000          0.1895327056E-01      0.2054815780E-01      0.1034323821E-05      0.1004198267           1.270178751           1.270178751          0.1097158388E-14      0.1753248791          0.8265799090E-01    5000
       12.34000000          0.1896426733E-01      0.2025893635E-01      0.1033041722E-05      0.9905591720E-01       1.270178751           1.270178751          0.1097158388E-14      0.1753306882          0.8214920189E-01    5000
       12.35000000          0.1894964881E-01      0.1997377063E-01      0.1145391819E-05      0.9771177140E-01       1.270178751           1.270178751          0.1097158388E-14      0.1753379575          0.8163498140E-01    5000
       12.36000000          0.1891083132E-01      0.1969565807E-01      0.1016553739E-05      0.9640149013E-01       1.270178751           1.270178751          0.1097158388E-14      0.1753464175          0.8111529453E-01    5000
       12.37000000          0.1884957398E-01      0.1942693441E-01      0.9845418682E-06      0.9513635379E-01       1.270178751           1.270178751          0.1097158388E-14      0.1753558105          0.8059011740E-01    5000
       12.38000000          0.1876813374E-01      0.1916953039E-01      0.9423259425E-06      0.9392645931E-01       1.270178751           1.270178751          0.1097158388E-14      0.1753658902          0.8005943464E-01    5000
       12.39000000          0.1866722884E-01      0.1892547452E-01      0.9232929679E-06      0.9277706427E-01       1.270178751           1.270178751          0.1097158388E-14      0.1753764215          0.7952323736E-01    5000
       12.40000000          0.1854978003E-01      0.1869653226E-01      0.1028444588E-05      0.9169673524E-01       1.270178751           1.270178751          0.1097158388E-14      0.1753871804          0.7898152128E-01    5000
       12.41000000          0.1841775924E-01      0.1848331705E-01      0.9410596489E-06      0.9068889381E-01       1.270178751           1.270178751          0.1097158388E-14      0.1753979528          0.7843428508E-01    5000
       12.42000000          0.1827356505E-01      0.1828589457E-01      0.9543955413E-06      0.8975621203E-01       1.270178751           1.270178751          0.1097158388E-14      0.1754085344          0.7788152887E-01    5000
       12.43000000          0.1811873403E-01      0.1810463909E-01      0.9778437057E-06      0.8889938283E-01       1.270178751           1.270178751          0.1097158388E-14      0.1754187297          0.7732325263E-01    5000
       12.44000000          0.1795524709E-01      0.1794004647E-01      0.9341432062E-06      0.8812029856E-01       1.270178751           1.270178751          0.1097158388E-14      0.1754283510          0.7675945475E-01    5000
       12.45000000          0.1778481343E-01      0.1779206980E-01      0.9030449363E-06      0.8741787048E-01       1.270178751           1.270178751          0.1097158388E-14      0.1754372177          0.7619013071E-01    5000
       12.46000000          0.1760925635E-01      0.1766009093E-01      0.9230757934E-06      0.8679087892E-01       1.270178751           1.270178751          0.1097158388E-14      0.1754451540          0.7561527184E-01    5000
       12.47000000          0.1742977717E-01      0.1754377311E-01      0.7987257408E-06      0.8623601746E-01       1.270178751           1.270178751          0.1097158388E-14      0.1754519883          0.7503486436E-01    5000
       12.48000000          0.1724828017E-01      0.1744224909E-01      0.8991633610E-06      0.8575280737E-01       1.270178751           1.270178751          0.1097158388E-14      0.1754575506          0.7444888871E-01    5000
       12.49000000          0.1706538434E-01      0.1735429960E-01      0.8546753886E-06      0.8533507865E-01       1.270178751           1.270178751          0.1097158388E-14      0.1754616707          0.7385731933E-01    5000
       12.50000000          0.1688188508E-01      0.1727942700E-01      0.7738184820E-06      0.8498023234E-01       1.270178751           1.270178751          0.1097158388E-14      0.1754641767          0.7326012476E-01    5000
       12.51000000          0.1669846833E-01      0.1721671729E-01      0.8562443835E-06      0.8468449784E-01       1.270178751           1.270178751          0.1097158388E-14      0.1754648929          0.7265726814E-01    5000
       12.52000000          0.1651576900E-01      0.1716527660E-01      0.8229449631E-06      0.8444413618E-01       1.270178751           1.270178751          0.1097158388E-14      0.1754636383          0.7204870800E-01    5000
       12.53000000          0.1633415760E-01      0.1712426585E-01      0.6177528730E-06      0.8425606588E-01       1.270178751           1.270178751          0.1097158388E-14      0.1754602255          0.7143439922E-01    5000
       12.54000000          0.1615393237E-01      0.1709196892E-01      0.6989529712E-06      0.8411319497E-01       1.270178751           1.270178751          0.1097158388E-14      0.1754544596          0.7081429393E-01    5000
       12.55000000          0.1597421951E-01      0.1706761231E-01      0.7283499946E-06      0.8401178385E-01       1.270178751           1.270178751          0.1097158388E-14      0.1754461380          0.7018834238E-01    5000
       12.56000000          0.1579465400E-01      0.1705091301E-01      0.6333862916E-06      0.8394926703E-01       1.270178751           1.270178751          0.1097158388E-14      0.1754350489          0.6955649360E-01    5000
       12.57000000          0.1561504052E-01      0.1704157916E-01      0.7612772105E-06      0.8392457400E-01       1.270178751           1.270178751          0.1097158388E-14      0.1754209713          0.6891869602E-01    5000
       12.58000000          0.1543483124E-01      0.1703926560E-01      0.6389638496E-06      0.8393559606E-01       1.270178751           1.270178751          0.1097158388E-14      0.1754036737          0.6827489796E-01    5000
       12.59000000          0.1525318027E-01      0.1704403907E-01      0.5503106462E-06      0.8398150946E-01       1.270178751           1.270178751          0.1097158388E-14      0.1753829131          0.6762504837E-01    5000
       12.60000000          0.1506938446E-01      0.1705600199E-01      0.5588733078E-06      0.8406183324E-01       1.270178751           1.270178751          0.1097158388E-14      0.1753584336          0.6696909767E-01    5000
       12.61000000          0.1488302835E-01      0.1707529242E-01      0.5840035082E-06      0.8417739623E-01       1.270178751           1.270178751          0.1097158388E-14      0.1753299653          0.6630699901E-01    5000
       12.62000000          0.1469352399E-01      0.1710200679E-01      0.6226284094E-06      0.8432928897E-01       1.270178751           1.270178751          0.1097158388E-14      0.1752972224          0.6563870987E-01    5000
       12.63000000          0.1450042967E-01      0.1713779770E-01      0.6457821327E-06      0.8452289367E-01       1.270178751           1.270178751          0.1097158388E-14      0.1752599029          0.6496419414E-01    5000
       12.64000000          0.1430351771E-01      0.1718326978E-01      0.6403316287E-06      0.8476138711E-01       1.270178751           1.270178751          0.1097158388E-14      0.1752176868          0.6428342447E-01    5000
       12.65000000          0.1410158571E-01      0.1723767167E-01      0.7084173980E-06      0.8504629740E-01       1.270178751           1.270178751          0.1097158388E-14      0.1751702359          0.6359638494E-01    5000
       12.66000000          0.1389580884E-01      0.1730376279E-01      0.6629361177E-06      0.8538520857E-01       1.270178751           1.270178751          0.1097158388E-14      0.1751171936          0.6290307391E-01    5000
       12.67000000          0.1368581313E-01      0.1738248588E-01      0.7282312558E-06      0.8578271020E-01       1.270178751           1.270178751          0.1097158388E-14      0.1750581853          0.6220350702E-01    5000
       12.68000000          0.1347114165E-01      0.1747460974E-01      0.5826250517E-06      0.8624506284E-01       1.270178751           1.270178751          0.1097158388E-14      0.1749928184          0.6149772014E-01    5000
       12.69000000          0.1325315376E-01      0.1758328715E-01      0.6849044673E-06      0.8678184322E-01       1.270178751           1.270178751          0.1097158388E-14      0.1749206839          0.6078577245E-01    5000
       12.70000000          0.1303243903E-01      0.1770933467E-01      0.6100489960E-06      0.8739785353E-01       1.270178751           1.270178751          0.1097158388E-14      0.1748413572          0.6006774954E-01    5000
       12.71000000          0.1280973579E-01      0.1785443594E-01      0.6871541236E-06      0.8810016972E-01       1.270178751           1.270178751          0.1097158388E-14      0.1747544000          0.5934376654E-01    5000
       12.72000000          0.1258659092E-01      0.1801979218E-01      0.8771242668E-06      0.8889530376E-01       1.270178751           1.270178751          0.1097158388E-14      0.1746593617          0.5861397152E-01    5000
       12.73000000          0.1236618475E-01      0.1820671504E-01      0.8057963664E-06      0.8978579763E-01       1.270178751           1.270178751          0.1097158388E-14      0.1745557829          0.5787854888E-01    5000
       12.74000000          0.1214947884E-01      0.1841638696E-01      0.7113749077E-06      0.9077810519E-01       1.270178751           1.270178751          0.1097158388E-14      0.1744431978          0.5713772293E-01    5000
       12.75000000          0.1193872315E-01      0.1864925055E-01      0.8138971494E-06      0.9187452655E-01       1.270178751           1.270178751          0.1097158388E-14      0.1743211390          0.5639176117E-01    5000
       12.76000000          0.1173552204E-01      0.1890546773E-01      0.8798722350E-06      0.9307798790E-01       1.270178751           1.270178751          0.1097158388E-14      0.1741891426          0.5564097733E-01    5000
       12.77000000          0.1154309214E-01      0.1918481454E-01      0.8513543161E-06      0.9438456671E-01       1.270178751           1.270178751          0.1097158388E-14      0.1740467547          0.5488573353E-01    5000
       12.78000000          0.1136230745E-01      0.1948835639E-01      0.8670440533E-06      0.9580166126E-01       1.270178751           1.270178751          0.1097158388E-14      0.1738935381          0.5412644139E-01    5000
       12.79000000          0.1119632349E-01      0.1981551048E-01      0.8865667027E-06      0.9732514170E-01       1.270178751           1.270178751          0.1097158388E-14      0.1737290805          0.5336356177E-01    5000
       12.80000000          0.1104610821E-01      0.2016634264E-01      0.7069960666E-06      0.9896185941E-01       1.270178751           1.270178751          0.1097158388E-14      0.1735530020          0.5259760283E-01    5000
       12.81000000          0.1091498371E-01      0.2054039425E-01      0.9413979779E-06      0.1007067553           1.270178751           1.270178751          0.1097158388E-14      0.1733649635          0.5182911656E-01    5000
       12.82000000          0.1080688626E-01      0.2093658912E-01      0.8043655786E-06      0.1025514055           1.270178751           1.270178751          0.1097158388E-14      0.1731646735          0.5105869353E-01    5000
       12.83000000          0.1072362589E-01      0.2135531802E-01      0.9593807801E-06      0.1044994264           1.270178751           1.270178751          0.1097158388E-14      0.1729518949          0.5028695612E-01    5000
       12.84000000          0.1066828810E-01      0.2179306523E-01      0.7858527280E-06      0.1065339997           1.270178751           1.270178751          0.1097158388E-14      0.1727264491          0.4951455066E-01    5000
       12.85000000          0.1064349114E-01      0.2224877110E-01      0.9585721312E-06      0.1086482836           1.270178751           1.270178751          0.1097158388E-14      0.1724882204          0.4874213841E-01    5000
       12.86000000          0.1065116762E-01      0.2271661787E-01      0.8042198815E-06      0.1108187564           1.270178751           1.270178751          0.1097158388E-14      0.1722371564          0.4797038632E-01    5000
       12.87000000          0.1069283721E-01      0.2319643556E-01      0.7646057390E-06      0.1130412943           1.270178751           1.270178751          0.1097158388E-14      0.1719732687          0.4719995748E-01    5000
       12.88000000          0.1076884199E-01      0.2368338350E-01      0.7431869315E-06      0.1153013496           1.270178751           1.270178751          0.1097158388E-14      0.1716966301          0.4643150200E-01    5000
       12.89000000          0.1088006192E-01      0.2417690270E-01      0.5731678236E-06      0.1175923144           1.270178751           1.270178751          0.1097158388E-14      0.1714073712          0.4566564864E-01    5000
       12.90000000          0.1102819104E-01      0.2467675130E-01      0.6554570758E-06      0.1199155316           1.270178751           1.270178751          0.1097158388E-14      0.1711056754          0.4490299733E-01    5000
       12.91000000          0.1121307754E-01      0.2518067996E-01      0.6685913151E-06      0.1222667250           1.270178751           1.270178751          0.1097158388E-14      0.1707917723          0.4414411308E-01    5000
       12.92000000          0.1143610212E-01      0.2568731513E-01      0.5568345289E-06      0.1246377282           1.270178751           1.270178751          0.1097158388E-14      0.1704659309          0.4338952127E-01    5000
       12.93000000          0.1169707931E-01      0.2619401493E-01      0.6760185024E-06      0.1270235887           1.270178751           1.270178751          0.1097158388E-14      0.1701284523          0.4263970449E-01    5000
       12.94000000          0.1199620746E-01      0.2669828852E-01      0.6498557454E-06      0.1294133442           1.270178751           1.270178751          0.1097158388E-14      0.1697796617          0.4189510100E-01    5000
       12.95000000          0.1233755134E-01      0.2719812115E-01      0.5098200058E-06      0.1317877290           1.270178751           1.270178751          0.1097158388E-14      0.1694199014          0.4115610449E-01    5000
       12.96000000          0.1271975369E-01      0.2768903468E-01      0.5405508477E-06      0.1341329298           1.270178751           1.270178751          0.1097158388E-14      0.1690495243          0.4042306513E-01    5000
       12.97000000          0.1314539167E-01      0.2816811246E-01      0.7431413329E-06      0.1364274915           1.270178751           1.270178751          0.1097158388E-14      0.1686688877          0.3969629162E-01    5000
       12.98000000          0.1361538656E-01      0.2863165115E-01      0.7014648671E-06      0.1386561170           1.270178751           1.270178751          0.1097158388E-14      0.1682783483          0.3897605390E-01    5000
       12.99000000          0.1412819364E-01      0.2907608336E-01      0.7068878927E-06      0.1408072101           1.270178751           1.270178751          0.1097158388E-14      0.1678782581          0.3826258629E-01    5000
       13.00000000          0.1468473688E-01      0.2949777839E-01      0.8008479228E-06      0.1428600891           1.270178751           1.270178751          0.1097158388E-14      0.1674689611          0.3755609095E-01    5000
       13.01000000          0.1528499788E-01      0.2989225755E-01      0.7340286464E-06      0.1447919933           1.270178751           1.270178751          0.1097158388E-14      0.1670507905          0.3685674136E-01    5000
       13.02000000          0.1592881367E-01      0.3025506666E-01      0.7752926897E-06      0.1465802049           1.270178751           1.270178751          0.1097158388E-14      0.1666240670          0.3616468578E-01    5000
       13.03000000          0.1661486577E-01      0.3058174837E-01      0.8394620869E-06      0.1482039915           1.270178751           1.270178751          0.1097158388E-14      0.1661890969          0.3548005065E-01    5000
       13.04000000          0.1734062483E-01      0.3086845590E-01      0.9844278670E-06      0.1496469660           1.270178751           1.270178751          0.1097158388E-14      0.1657461719          0.3480294377E-01    5000
       13.05000000          0.1810259604E-01      0.3111111287E-01      0.1031630292E-05      0.1508950605           1.270178751           1.270178751          0.1097158388E-14      0.1652955680          0.3413345742E-01    5000
       13.06000000          0.1889653912E-01      0.3130442948E-01      0.1123736646E-05      0.1519217918           1.270178751           1.270178751          0.1097158388E-14      0.1648375455          0.3347167122E-01    5000
       13.07000000          0.1971869723E-01      0.3144438980E-01      0.1002110354E-05      0.1527060866           1.270178751           1.270178751          0.1097158388E-14      0.1643723491          0.3281765487E-01    5000
       13.08000000          0.2056396777E-01      0.3152656119E-01      0.1033810461E-05      0.1532207405           1.270178751           1.270178751          0.1097158388E-14      0.1639002085          0.3217147061E-01    5000
       13.09000000          0.2142792387E-01      0.3154806581E-01      0.1057949938E-05      0.1534525281           1.270178751           1.270178751          0.1097158388E-14      0.1634213387          0.3153317558E-01    5000
       13.10000000          0.2230462932E-01      0.3150649702E-01      0.1093534145E-05      0.1533893376           1.270178751           1.270178751          0.1097158388E-14      0.1629359409          0.3090282380E-01    5000
       13.11000000          0.2318848127E-01      0.3139946294E-01      0.1243449524E-05      0.1530167285           1.270178751           1.270178751          0.1097158388E-14      0.1624442035          0.3028046809E-01    5000
       13.12000000          0.2407331906E-01      0.3122607110E-01      0.1239969304E-05      0.1523306195           1.270178751           1.270178751          0.1097158388E-14      0.1619463031          0.2966616173E-01    5000
       13.13000000          0.2495229056E-01      0.3098530251E-01      0.1410347110E-05      0.1513231938           1.270178751           1.270178751          0.1097158388E-14      0.1614424054          0.2905995993E-01    5000
       13.14000000          0.2581810408E-01      0.3067877057E-01      0.1505333572E-05      0.1500043552           1.270178751           1.270178751          0.1097158388E-14      0.1609326667          0.2846192126E-01    5000
       13.15000000          0.2666398979E-01      0.3030746428E-01      0.1545026367E-05      0.1483734790           1.270178751           1.270178751          0.1097158388E-14      0.1604172348          0.2787210888E-01    5000
       13.16000000          0.2748366327E-01      0.2987310537E-01      0.1532868004E-05      0.1464362296           1.270178751           1.270178751          0.1097158388E-14      0.1598962504          0.2729059169E-01    5000
       13.17000000          0.2827136777E-01      0.2937866206E-01      0.1676699010E-05      0.1442055303           1.270178751           1.270178751          0.1097158388E-14      0.1593698486          0.2671744541E-01    5000
       13.18000000          0.2902144037E-01      0.2882768785E-01      0.1835368349E-05      0.1416950427           1.270178751           1.270178751          0.1097158388E-14      0.1588381602          0.2615275349E-01    5000
       13.19000000          0.2972789202E-01      0.2822601319E-01      0.1849031040E-05      0.1389350680           1.270178751           1.270178751          0.1097158388E-14      0.1583013136          0.2559660790E-01    5000
       13.20000000          0.3038576037E-01      0.2757868706E-01      0.2025892996E-05      0.1359456408           1.270178751           1.270178751          0.1097158388E-14      0.1577594362          0.2504910980E-01    5000
       13.21000000          0.3099116375E-01      0.2689102894E-01      0.2126239011E-05      0.1327473838           1.270178751           1.270178751          0.1097158388E-14      0.1572126564          0.2451037004E-01    5000
       13.22000000          0.3154142253E-01      0.2616879135E-01      0.2272081804E-05      0.1293662568           1.270178751           1.270178751          0.1097158388E-14      0.1566611056          0.2398050953E-01    5000
       13.23000000          0.3203430295E-01      0.2541789712E-01      0.2225616927E-05      0.1258287623           1.270178751           1.270178751          0.1097158388E-14      0.1561049198          0.2345965935E-01    5000
       13.24000000          0.3246933246E-01      0.2464562235E-01      0.2356590855E-05      0.1221733071           1.270178751           1.270178751          0.1097158388E-14      0.1555442424          0.2294796074E-01    5000
       13.25000000          0.3284610973E-01      0.2385754713E-01      0.2372943771E-05      0.1184248911           1.270178751           1.270178751          0.1097158388E-14      0.1549792263          0.2244556472E-01    5000
       13.26000000          0.3316551804E-01      0.2306093415E-01      0.2534222377E-05      0.1146203172           1.270178751           1.270178751          0.1097158388E-14      0.1544100358          0.2195263148E-01    5000
       13.27000000          0.3342851226E-01      0.2226093559E-01      0.2570840879E-05      0.1107840698           1.270178751           1.270178751          0.1097158388E-14      0.1538368498          0.2146932934E-01    5000
       13.28000000          0.3363735511E-01      0.2146284741E-01      0.2731655236E-05      0.1069421771           1.270178751           1.270178751          0.1097158388E-14      0.1532598638          0.2099583333E-01    5000
       13.29000000          0.3379418307E-01      0.2067119520E-01      0.2701160833E-05      0.1031161108           1.270178751           1.270178751          0.1097158388E-14      0.1526792924          0.2053232329E-01    5000
       13.30000000          0.3390166981E-01      0.1989014010E-01      0.2763641180E-05      0.9932473106E-01       1.270178751           1.270178751          0.1097158388E-14      0.1520953717          0.2007898146E-01    5000
       13.31000000          0.3396282456E-01      0.1912326599E-01      0.2774774627E-05      0.9558550917E-01       1.270178751           1.270178751          0.1097158388E-14      0.1515083615          0.1963598955E-01    5000
       13.32000000          0.3398072520E-01      0.1837379491E-01      0.2879600209E-05      0.9191320527E-01       1.270178751           1.270178751          0.1097158388E-14      0.1509185466          0.1920352524E-01    5000
       13.33000000          0.3395844145E-01      0.1764448824E-01      0.2888175172E-05      0.8831993665E-01       1.270178751           1.270178751          0.1097158388E-14      0.1503262382          0.1878175818E-01    5000
       13.34000000          0.3389912593E-01      0.1693773594E-01      0.2835587925E-05      0.8481647298E-01       1.270178751           1.270178751          0.1097158388E-14      0.1497317745          0.1837084559E-01    5000
       13.35000000          0.3380630158E-01      0.1625547908E-01      0.2878055044E-05      0.8141317270E-01       1.270178751           1.270178751          0.1097158388E-14      0.1491355204          0.1797092742E-01    5000
       13.36000000          0.3368329711E-01      0.1559916044E-01      0.2870166649E-05      0.7811813992E-01       1.270178751           1.270178751          0.1097158388E-14      0.1485378661          0.1758212149E-01    5000
       13.37000000          0.3353350736E-01      0.1496990229E-01      0.2835079805E-05      0.7493793445E-01       1.270178751           1.270178751          0.1097158388E-14      0.1479392251          0.1720451852E-01    5000
       13.38000000          0.3336037017E-01      0.1436864689E-01      0.2795500020E-05      0.7187851010E-01       1.270178751           1.270178751          0.1097158388E-14      0.1473400309          0.1683817756E-01    5000
       13.39000000          0.3316707502E-01      0.1379584832E-01      0.2726505073E-05      0.6894434621E-01       1.270178751           1.270178751          0.1097158388E-14      0.1467407324          0.1648312195E-01    5000
       13.40000000          0.3295681938E-01      0.1325146866E-01      0.2627547769E-05      0.6613870951E-01       1.270178751           1.270178751          0.1097158388E-14      0.1461417893          0.1613933604E-01    5000
       13.41000000          0.3273272275E-01      0.1273524497E-01      0.2515880862E-05      0.6346387976E-01       1.270178751           1.270178751          0.1097158388E-14      0.1455436658          0.1580676306E-01    5000
       13.42000000          0.3249773137E-01      0.1224664379E-01      0.2437450468E-05      0.6092079459E-01       1.270178751           1.270178751          0.1097158388E-14      0.1449468243          0.1548530405E-01    5000
       13.43000000          0.3225485333E-01      0.1178497138E-01      0.2300279963E-05      0.5850971126E-01       1.270178751           1.270178751          0.1097158388E-14      0.1443517194          0.1517481823E-01    5000
       13.44000000          0.3200700573E-01      0.1134902837E-01      0.2205789577E-05      0.5622957480E-01       1.270178751           1.270178751          0.1097158388E-14      0.1437587911          0.1487512456E-01    5000
       13.45000000          0.3175659786E-01      0.1093729033E-01      0.2094528939E-05      0.5407745805E-01       1.270178751           1.270178751          0.1097158388E-14      0.1431684596          0.1458600447E-01    5000
       13.46000000          0.3150568641E-01      0.1054796148E-01      0.1988205265E-05      0.5204845820E-01       1.270178751           1.270178751          0.1097158388E-14      0.1425811204          0.1430720565E-01    5000
       13.47000000          0.3125575760E-01      0.1017899198E-01      0.1876966069E-05      0.5013565194E-01       1.270178751           1.270178751          0.1097158388E-14      0.1419971397          0.1403844652E-01    5000
       13.48000000          0.3100762146E-01      0.9828195845E-02      0.1769941579E-05      0.4833038655E-01       1.270178751           1.270178751          0.1097158388E-14      0.1414168521          0.1377942121E-01    5000
       13.49000000          0.3076143609E-01      0.9493555404E-02      0.1665986165E-05      0.4662313033E-01       1.270178751           1.270178751          0.1097158388E-14      0.1408405586          0.1352980481E-01    5000
       13.50000000          0.3051701052E-01      0.9173428905E-02      0.1590708038E-05      0.4500499751E-01       1.270178751           1.270178751          0.1097158388E-14      0.1402685256          0.1328925843E-01    5000
       13.51000000          0.3027392510E-01      0.8866600223E-02      0.1546937706E-05      0.4346806485E-01       1.270178751           1.270178751          0.1097158388E-14      0.1397009847          0.1305743424E-01    5000
       13.52000000          0.3003169140E-01      0.8572324488E-02      0.1478402720E-05      0.4200594972E-01       1.270178751           1.270178751          0.1097158388E-14      0.1391381343          0.1283397992E-01    5000
       13.53000000          0.2978993619E-01      0.8290235969E-02      0.1452952319E-05      0.4061356301E-01       1.270178751           1.270178751          0.1097158388E-14      0.1385801404          0.1261854269E-01    5000
       13.54000000          0.2954855566E-01      0.8020058923E-02      0.1406146435E-05      0.3928708395E-01       1.270178751           1.270178751          0.1097158388E-14      0.1380271386          0.1241077282E-01    5000
       13.55000000          0.2930752659E-01      0.7761598584E-02      0.1373352551E-05      0.3802313837E-01       1.270178751           1.270178751          0.1097158388E-14      0.1374792368          0.1221032652E-01    5000
       13.56000000          0.2906708780E-01      0.7514965302E-02      0.1383623429E-05      0.3681958508E-01       1.270178751           1.270178751          0.1097158388E-14      0.1369365170          0.1201686822E-01    5000
       13.57000000          0.2882783070E-01      0.7280041879E-02      0.1379674248E-05      0.3567480307E-01       1.270178751           1.270178751          0.1097158388E-14      0.1363990381          0.1183007247E-01    5000
       13.58000000          0.2859031202E-01      0.7056555225E-02      0.1389727671E-05      0.3458689275E-01       1.270178751           1.270178751          0.1097158388E-14      0.1358668383          0.1164962522E-01    5000
       13.59000000          0.2835504315E-01      0.6844086025E-02      0.1398623569E-05      0.3355373329E-01       1.270178751           1.270178751          0.1097158388E-14      0.1353399376          0.1147522481E-01    5000
       13.60000000          0.2812244162E-01      0.6642171580E-02      0.1414705260E-05      0.3257292283E-01       1.270178751           1.270178751          0.1097158388E-14      0.1348183400          0.1130658251E-01    5000
       13.61000000          0.2789288214E-01      0.6450357216E-02      0.1420952591E-05      0.3164187865E-01       1.270178751           1.270178751          0.1097158388E-14      0.1343020353          0.1114342288E-01    5000
       13.62000000          0.2766672662E-01      0.6268067069E-02      0.1448898354E-05      0.3075813917E-01       1.270178751           1.270178751          0.1097158388E-14      0.1337910015          0.1098548381E-01    5000
       13.63000000          0.2744432272E-01      0.6094753146E-02      0.1478041838E-05      0.2991913153E-01       1.270178751           1.270178751          0.1097158388E-14      0.1332852063          0.1083251636E-01    5000
       13.64000000          0.2722582834E-01      0.5929654730E-02      0.1538733093E-05      0.2912199122E-01       1.270178751           1.270178751          0.1097158388E-14      0.1327846087          0.1068428458E-01    5000
       13.65000000          0.2701140567E-01      0.5772252359E-02      0.1495779681E-05      0.2836402649E-01       1.270178751           1.270178751          0.1097158388E-14      0.1322891604          0.1054056508E-01    5000
       13.66000000          0.2680112764E-01      0.5621980174E-02      0.1585352830E-05      0.2764239028E-01       1.270178751           1.270178751          0.1097158388E-14      0.1317988071          0.1040114661E-01    5000
       13.67000000          0.2659505443E-01      0.5478292095E-02      0.1581014504E-05      0.2695423877E-01       1.270178751           1.270178751          0.1097158388E-14      0.1313134896          0.1026582952E-01    5000
       13.68000000          0.2639318631E-01      0.5340604886E-02      0.1582506370E-05      0.2629676311E-01       1.270178751           1.270178751          0.1097158388E-14      0.1308331445          0.1013442531E-01    5000
       13.69000000          0.2619545795E-01      0.5208374388E-02      0.1619855816E-05      0.2566714662E-01       1.270178751           1.270178751          0.1097158388E-14      0.1303577055          0.1000675598E-01    5000
       13.70000000          0.2600148221E-01      0.5080934329E-02      0.1684633378E-05      0.2506160454E-01       1.270178751           1.270178751          0.1097158388E-14      0.1298871035          0.9882653563E-02    5000
       13.71000000          0.2581161405E-01      0.4957827660E-02      0.1684169266E-05      0.2447925652E-01       1.270178751           1.270178751          0.1097158388E-14      0.1294212680          0.9761959516E-02    5000
       13.72000000          0.2562568072E-01      0.4839316959E-02      0.1694746487E-05      0.2391821700E-01       1.270178751           1.270178751          0.1097158388E-14      0.1289601267          0.9644524215E-02    5000
       13.73000000          0.2544285717E-01      0.4724170281E-02      0.1734411154E-05      0.2337408569E-01       1.270178751           1.270178751          0.1097158388E-14      0.1285036070          0.9530206421E-02    5000
       13.74000000          0.2526316175E-01      0.4612396919E-02      0.1772285445E-05      0.2284589358E-01       1.270178751           1.270178751          0.1097158388E-14      0.1280516354          0.9418872781E-02    5000
       13.75000000          0.2508640609E-01      0.4503860677E-02      0.1770300781E-05      0.2233196426E-01       1.270178751           1.270178751          0.1097158388E-14      0.1276041384          0.9310397351E-02    5000
