   4.00000000000000                       2475   2.58830730059411     
 -0.101111220015283      -1.843319412756000E-003  3.606462343993000E-002
 -1.843321499345000E-003 -0.101111206528842      -0.101111220015283     
   1.41169271144947      -0.101111214280370       1.843323934972000E-003
  3.606462461793800E-002  1.843320380060000E-003 -1.843319412756000E-003
 -0.101111214280370        2.58830730532375      -0.101111200215103     
 -1.843323714168000E-003  3.606462050510200E-002  3.606462343993000E-002
  1.843323934972000E-003 -0.101111200215103        1.41169270080124     
 -0.101111221874941       1.843320424707000E-003 -1.843321499345000E-003
  3.606462461793800E-002 -1.843323714168000E-003 -0.101111221874941     
   2.58830728630105      -0.101111215734445      -0.101111206528842     
  1.843320380060000E-003  3.606462050510200E-002  1.843320424707000E-003
 -0.101111215734445        1.41169269576021     
