2.0 0.0710100278385 0.623340749319
2.1 0.0453949087305 0.747706716925
2.2 0.0751518691666 0.507904269873
2.3 0.0665185388635 0.586717573086
2.4 0.0915336804999 0.426992419356
2.5 0.0974251096175 0.477986221918
2.6 0.122568900947 0.368532707155
2.7 0.141882606048 0.399142459071
2.8 0.223165794261 0.27644565384
2.9 0.270734312573 0.298557825219
3.0 0.51804978968 0.205667084957
3.1 0.858799198523 0.186150690615
3.2 1.44268394255 0.162822931315
3.3 1.15361324764 0.110537585578
3.4 0.546616023512 0.095143906808
3.5 0.227961870992 0.0723408992131
3.6 0.111517515454 0.0508222617356
3.7 0.0611723773847 0.0338567630772
3.8 0.0369265523665 0.0212576152244
3.9 0.0244842011049 0.0131204293004
4.0 0.0179689467776 0.00904331343701
4.1 0.0145937807081 0.00725692753367
4.2 0.0128299194647 0.00617911385654
4.3 0.0150226739997 0.00539997014768
4.4 0.0192230650588 0.00479487517496
4.5 0.0529711407192 0.00430583957342
4.6 0.274929739556 0.00390012488349
4.7 0.0972117626716 0.0035571260036
4.8 0.0261491283089 0.00326293052361
4.9 0.0129293232437 0.00300766899892
5.0 0.00830328594921 0.00278407751431
5.1 0.00605300451495 0.0025866547921
5.2 0.00474975645792 0.00241113791997
5.3 0.00390200196106 0.00225416081389
5.4 0.00330517766408 0.00211302326242
5.5 0.00286075953343 0.00198552986889
5.6 0.0026370317417 0.00186987479951
5.7 0.00223990661208 0.00176455747673
5.8 0.00202100554634 0.00166831972813
5.9 0.00182452285367 0.00158009814962
6.0 0.00174866151016 0.00149898747068
6.1 0.00152642750045 0.00142421201449
6.2 0.00140766540833 0.00135510320602
6.3 0.00131157420261 0.00129108166134
6.4 0.0011967642661 0.00123164279019
6.5 0.00112678190879 0.00117634512322
6.6 0.00105266247408 0.0011248007738
6.7 0.000986249360635 0.00107666758794
6.8 0.000974430754626 0.00103164264044
6.9 0.00087200463554 0.000989456813362
7.0 0.000854687602899 0.000949870250751
7.1 0.000770272041023 0.000912668527861
7.2 0.000735994857834 0.000877659406388
7.3 0.000692153050272 0.000844670073354
7.4 0.00066288250114 0.000813544781254
7.5 0.000654998268925 0.000784142822873
7.6 0.000600476626848 0.000756336786573
7.7 0.000572625598618 0.000730011047699
7.8 0.000568015315258 0.000705060459633
7.9 0.000522583255155 0.000681389214342
