# 1.Frequency     2.DD_LinearResponse(Re)    3.DD_LinearResponse(Im)    4.Orthog    5.Norm    6.NewGS   7.OldGS  8.OrthogRHS    9.NI_LR(Re)   10.NI_LR(Im)   11.Iters
       0.000000000         -0.1020950024          0.1429619461E-01      0.6223210229E-04      0.7147976146E-01      0.7105561446          0.7105561446          0.1919986522E-15     -0.2304968582          0.5166826221E-01     790
      0.1000000000E-01     -0.1025069038          0.1468729955E-01      0.5808774669E-04      0.7342777222E-01      0.7105561446          0.7105561446          0.1919986522E-15     -0.2317312449          0.5331372148E-01     164
      0.2000000000E-01     -0.1029116884          0.1509135475E-01      0.6082140395E-04      0.7544550076E-01      0.7105561446          0.7105561446          0.1919986522E-15     -0.2329283930          0.5501633496E-01     175
      0.3000000000E-01     -0.1033072119          0.1550761129E-01      0.6005916386E-04      0.7752349789E-01      0.7105561446          0.7105561446          0.1919986522E-15     -0.2340832693          0.5677408061E-01     169
      0.4000000000E-01     -0.1036932324          0.1593626442E-01      0.6031689492E-04      0.7966582753E-01      0.7105561446          0.7105561446          0.1919986522E-15     -0.2351909643          0.5858424724E-01     171
      0.5000000000E-01     -0.1040685543          0.1637671758E-01      0.6010907672E-04      0.8186726950E-01      0.7105561446          0.7105561446          0.1919986522E-15     -0.2362468114          0.6044342956E-01     170
      0.6000000000E-01     -0.1044322036          0.1682831599E-01      0.5964665623E-04      0.8412381777E-01      0.7105561446          0.7105561446          0.1919986522E-15     -0.2372465122          0.6234754673E-01     169
      0.7000000000E-01     -0.1047833460          0.1728960300E-01      0.5964217045E-04      0.8643047975E-01      0.7105561446          0.7105561446          0.1919986522E-15     -0.2381862632          0.6429188693E-01     170
      0.8000000000E-01     -0.1051211534          0.1776029546E-01      0.5895896809E-04      0.8878237569E-01      0.7105561446          0.7105561446          0.1919986522E-15     -0.2390628780          0.6627117931E-01     168
      0.9000000000E-01     -0.1054450393          0.1823827846E-01      0.5878313741E-04      0.9117272298E-01      0.7105561446          0.7105561446          0.1919986522E-15     -0.2398738985          0.6827969362E-01     169
      0.1000000000         -0.1057544902          0.1872310484E-01      0.5813603966E-04      0.9359603250E-01      0.7105561446          0.7105561446          0.1919986522E-15     -0.2406176879          0.7031136576E-01     168
      0.1100000000         -0.1060492643          0.1921276694E-01      0.5767972356E-04      0.9604489622E-01      0.7105561446          0.7105561446          0.1919986522E-15     -0.2412934987          0.7235994577E-01     169
      0.1200000000         -0.1063291750          0.1970630687E-01      0.5699102150E-04      0.9851272274E-01      0.7105561446          0.7105561446          0.1919986522E-15     -0.2419015105          0.7441916281E-01     169
      0.1300000000         -0.1065943382          0.2020202898E-01      0.5628653944E-04      0.1009922012          0.7105561446          0.7105561446          0.1919986522E-15     -0.2424428319          0.7648289997E-01     170
      0.1400000000         -0.1068450511          0.2069864677E-01      0.5554508236E-04      0.1034768331          0.7105561446          0.7105561446          0.1919986522E-15     -0.2429194646          0.7854537037E-01     171
      0.1500000000         -0.1070817222          0.2119514428E-01      0.5459205145E-04      0.1059598515          0.7105561446          0.7105561446          0.1919986522E-15     -0.2433342286          0.8060128530E-01     171
      0.1600000000         -0.1073050790          0.2169010289E-01      0.5355761706E-04      0.1084348092          0.7105561446          0.7105561446          0.1919986522E-15     -0.2436906511          0.8264600514E-01     171
      0.1700000000         -0.1075160674          0.2218235576E-01      0.5262383304E-04      0.1108976393          0.7105561446          0.7105561446          0.1919986522E-15     -0.2439928225          0.8467566450E-01     172
      0.1800000000         -0.1077155626          0.2267159880E-01      0.5157232212E-04      0.1133445642          0.7105561446          0.7105561446          0.1919986522E-15     -0.2442452278          0.8668726401E-01     172
      0.1900000000         -0.1079046737          0.2315684422E-01      0.5049217849E-04      0.1157713210          0.7105561446          0.7105561446          0.1919986522E-15     -0.2444525587          0.8867872335E-01     172
      0.2000000000         -0.1080845447          0.2363775491E-01      0.4941660111E-04      0.1181765061          0.7105561446          0.7105561446          0.1919986522E-15     -0.2446195184          0.9064889154E-01     172
      0.2100000000         -0.1082563295          0.2411405348E-01      0.4843200796E-04      0.1205597903          0.7105561446          0.7105561446          0.1919986522E-15     -0.2447506270          0.9259751309E-01     173
      0.2200000000         -0.1084210686          0.2458599154E-01      0.4750343747E-04      0.1229220306          0.7105561446          0.7105561446          0.1919986522E-15     -0.2448500392          0.9452515080E-01     175
      0.2300000000         -0.1085796995          0.2505391488E-01      0.4653968510E-04      0.1252633712          0.7105561446          0.7105561446          0.1919986522E-15     -0.2449213842          0.9643306840E-01     176
      0.2400000000         -0.1087331189          0.2551830561E-01      0.4566390998E-04      0.1275874986          0.7105561446          0.7105561446          0.1919986522E-15     -0.2449676371          0.9832307888E-01     184
      0.2500000000         -0.1088811094          0.2597989970E-01      0.4216080310E-04      0.1298926638          0.7105561446          0.7105561446          0.1919986522E-15     -0.2449910297          0.1001973668         305
      0.2600000000         -0.1090254632          0.2644070930E-01      0.4407231575E-04      0.1321968017          0.7105561446          0.7105561446          0.1919986522E-15     -0.2449930071          0.1020582953        1435
      0.2700000000         -0.1091693768          0.2689858117E-01      0.4323211483E-04      0.1344842915          0.7105561446          0.7105561446          0.1919986522E-15     -0.2449742330          0.1039082091        2000
      0.2800000000         -0.1093105498          0.2735446482E-01      0.4354691402E-04      0.1367596452          0.7105561446          0.7105561446          0.1919986522E-15     -0.2449346426          0.1057492472        1492
      0.2900000000         -0.1094473687          0.2780919467E-01      0.4142960868E-04      0.1390289104          0.7105561446          0.7105561446          0.1919986522E-15     -0.2448735391          0.1075831767        1394
      0.3000000000         -0.1095801741          0.2826295714E-01      0.4072792257E-04      0.1412920919          0.7105561446          0.7105561446          0.1919986522E-15     -0.2447897275          0.1094112577         907
      0.3100000000         -0.1097080089          0.2871643690E-01      0.4010969752E-04      0.1435540574          0.7105561446          0.7105561446          0.1919986522E-15     -0.2446816742          0.1112341481         529
      0.3200000000         -0.1098312079          0.2916937006E-01      0.3734254566E-04      0.1458123760          0.7105561446          0.7105561446          0.1919986522E-15     -0.2445476832          0.1130518529         305
      0.3300000000         -0.1099485855          0.2962242369E-01      0.3802226081E-04      0.1480728905          0.7105561446          0.7105561446          0.1919986522E-15     -0.2443860748          0.1148637188         213
      0.3400000000         -0.1100609598          0.3007518346E-01      0.3717766476E-04      0.1503358215          0.7105561446          0.7105561446          0.1919986522E-15     -0.2441953570          0.1166684727         186
      0.3500000000         -0.1101670556          0.3052576199E-01      0.3637274456E-04      0.1525862621          0.7105561446          0.7105561446          0.1919986522E-15     -0.2439743792          0.1184643006         178
      0.3600000000         -0.1102664230          0.3097477242E-01      0.3558968513E-04      0.1548281994          0.7105561446          0.7105561446          0.1919986522E-15     -0.2437224593          0.1202489593         175
      0.3700000000         -0.1103587946          0.3142151641E-01      0.3479938844E-04      0.1570585619          0.7105561446          0.7105561446          0.1919986522E-15     -0.2434394781          0.1220199142         172
      0.3800000000         -0.1104442596          0.3186518901E-01      0.3405335876E-04      0.1592748607          0.7105561446          0.7105561446          0.1919986522E-15     -0.2431259370          0.1237744939         171
      0.3900000000         -0.1105225616          0.3230517649E-01      0.3330358515E-04      0.1614722018          0.7105561446          0.7105561446          0.1919986522E-15     -0.2427829755          0.1255100524         169
      0.4000000000         -0.1105943747          0.3274032046E-01      0.3269318493E-04      0.1636486526          0.7105561446          0.7105561446          0.1919986522E-15     -0.2424123505          0.1272241300         169
      0.4100000000         -0.1106594805          0.3317061301E-01      0.3207783064E-04      0.1658002010          0.7105561446          0.7105561446          0.1919986522E-15     -0.2420163765          0.1289146039         168
      0.4200000000         -0.1107187851          0.3359515343E-01      0.3146813335E-04      0.1679232609          0.7105561446          0.7105561446          0.1919986522E-15     -0.2415978323          0.1305798204         167
      0.4300000000         -0.1107729842          0.3401344512E-01      0.3097717105E-04      0.1700171557          0.7105561446          0.7105561446          0.1919986522E-15     -0.2411598382          0.1322187011         167
      0.4400000000         -0.1108225842          0.3442588031E-01      0.3045396970E-04      0.1720807980          0.7105561446          0.7105561446          0.1919986522E-15     -0.2407057095          0.1338308172         166
      0.4500000000         -0.1108687401          0.3483176151E-01      0.2998893030E-04      0.1741125294          0.7105561446          0.7105561446          0.1919986522E-15     -0.2402387957          0.1354164269         166
      0.4600000000         -0.1109121241          0.3523187143E-01      0.2947896640E-04      0.1761140687          0.7105561446          0.7105561446          0.1919986522E-15     -0.2397623129          0.1369764723         165
      0.4700000000         -0.1109538566          0.3562582247E-01      0.2909412098E-04      0.1780854918          0.7105561446          0.7105561446          0.1919986522E-15     -0.2392791796          0.1385125351         165
      0.4800000000         -0.1109945557          0.3601472448E-01      0.2872032503E-04      0.1800302507          0.7105561446          0.7105561446          0.1919986522E-15     -0.2387918665          0.1400267509         164
      0.4900000000         -0.1110351427          0.3639873054E-01      0.2832598523E-04      0.1819494321          0.7105561446          0.7105561446          0.1919986522E-15     -0.2383022709          0.1415216881         163
      0.5000000000         -0.1110761810          0.3677844239E-01      0.2795881404E-04      0.1838475962          0.7105561446          0.7105561446          0.1919986522E-15     -0.2378116246          0.1430001952         163
      0.5100000000         -0.1111179785          0.3715479321E-01      0.2757567240E-04      0.1857285714          0.7105561446          0.7105561446          0.1919986522E-15     -0.2373204438          0.1444652290         163
      0.5200000000         -0.1111608439          0.3752845087E-01      0.2712219439E-04      0.1875951406          0.7105561446          0.7105561446          0.1919986522E-15     -0.2368285247          0.1459196742         163
      0.5300000000         -0.1112048633          0.3790011982E-01      0.2662928256E-04      0.1894508622          0.7105561446          0.7105561446          0.1919986522E-15     -0.2363349871          0.1473661665         163
      0.5400000000         -0.1112499250          0.3827046443E-01      0.2623828605E-04      0.1912993397          0.7105561446          0.7105561446          0.1919986522E-15     -0.2358383620          0.1488069351         163
      0.5500000000         -0.1112956830          0.3864012797E-01      0.2612169521E-04      0.1931470417          0.7105561446          0.7105561446          0.1919986522E-15     -0.2353367159          0.1502436719         166
      0.5600000000         -0.1113413799          0.3900921164E-01      0.2589347079E-04      0.1949893684          0.7105561446          0.7105561446          0.1919986522E-15     -0.2348278047          0.1516774399         167
      0.5700000000         -0.1113864941          0.3937851119E-01      0.2572307731E-04      0.1968373767          0.7105561446          0.7105561446          0.1919986522E-15     -0.2343092425          0.1531086233         173
      0.5800000000         -0.1114299027          0.3974688509E-01      0.2552786091E-04      0.1986793385          0.7105561446          0.7105561446          0.1919986522E-15     -0.2337786763          0.1545369229         179
      0.5900000000         -0.1114715175          0.4011386782E-01      0.2517132701E-04      0.2005145088          0.7105561446          0.7105561446          0.1919986522E-15     -0.2332339526          0.1559613937         185
      0.6000000000         -0.1115117063          0.4048011035E-01      0.2476025905E-04      0.2023450900          0.7105561446          0.7105561446          0.1919986522E-15     -0.2326732687          0.1573805224         188
      0.6100000000         -0.1115496430          0.4084524460E-01      0.2435124073E-04      0.2041706574          0.7105561446          0.7105561446          0.1919986522E-15     -0.2320952971          0.1587923375         190
      0.6200000000         -0.1115848448          0.4120799688E-01      0.2393117108E-04      0.2059848794          0.7105561446          0.7105561446          0.1919986522E-15     -0.2314992800          0.1601945439         193
      0.6300000000         -0.1116170091          0.4156905503E-01      0.2353948001E-04      0.2077915159          0.7105561446          0.7105561446          0.1919986522E-15     -0.2308850863          0.1615846755         193
      0.6400000000         -0.1116462412          0.4192623788E-01      0.2313913056E-04      0.2095795505          0.7105561446          0.7105561446          0.1919986522E-15     -0.2302532323          0.1629602547         195
      0.6500000000         -0.1116723107          0.4228015865E-01      0.2276837514E-04      0.2113516385          0.7105561446          0.7105561446          0.1919986522E-15     -0.2296048624          0.1643189516         195
      0.6600000000         -0.1116956423          0.4262973700E-01      0.2241441263E-04      0.2131025108          0.7105561446          0.7105561446          0.1919986522E-15     -0.2289416944          0.1656587337         195
      0.6700000000         -0.1117166055          0.4297431477E-01      0.2207790488E-04      0.2148285313          0.7105561446          0.7105561446          0.1919986522E-15     -0.2282659301          0.1669779978         195
      0.6800000000         -0.1117356351          0.4331402643E-01      0.2176442116E-04      0.2165300580          0.7105561446          0.7105561446          0.1919986522E-15     -0.2275801372          0.1682756785         194
      0.6900000000         -0.1117535951          0.4364764221E-01      0.2146236669E-04      0.2182012132          0.7105561446          0.7105561446          0.1919986522E-15     -0.2268871084          0.1695513249         194
      0.7000000000         -0.1117711532          0.4397542224E-01      0.2117805955E-04      0.2198426590          0.7105561446          0.7105561446          0.1919986522E-15     -0.2261897042          0.1708051426         194
      0.7100000000         -0.1117891170          0.4429747826E-01      0.2090825884E-04      0.2214550161          0.7105561446          0.7105561446          0.1919986522E-15     -0.2254906881          0.1720379966         194
      0.7200000000         -0.1118083608          0.4461398899E-01      0.2065246391E-04      0.2230391760          0.7105561446          0.7105561446          0.1919986522E-15     -0.2247925640          0.1732513729         194
      0.7300000000         -0.1118297033          0.4492537854E-01      0.2040890430E-04      0.2245971832          0.7105561446          0.7105561446          0.1919986522E-15     -0.2240974256          0.1744472992         194
      0.7400000000         -0.1118538532          0.4523242419E-01      0.2017529536E-04      0.2261328609          0.7105561446          0.7105561446          0.1919986522E-15     -0.2234068284          0.1756282291         194
      0.7500000000         -0.1118815293          0.4553512693E-01      0.1994996820E-04      0.2276465092          0.7105561446          0.7105561446          0.1919986522E-15     -0.2227216955          0.1767968940         195
      0.7600000000         -0.1119131493          0.4583476307E-01      0.1973196589E-04      0.2291442215          0.7105561446          0.7105561446          0.1919986522E-15     -0.2220422629          0.1779561342         196
      0.7700000000         -0.1119489891          0.4613214424E-01      0.1951975210E-04      0.2306304776          0.7105561446          0.7105561446          0.1919986522E-15     -0.2213680738          0.1791087193         197
      0.7800000000         -0.1119893111          0.4642755837E-01      0.1931442504E-04      0.2321072279          0.7105561446          0.7105561446          0.1919986522E-15     -0.2206980186          0.1802571733         199
      0.7900000000         -0.1120337237          0.4672299888E-01      0.1910964609E-04      0.2335833576          0.7105561446          0.7105561446          0.1919986522E-15     -0.2200304220          0.1814036172         200
      0.8000000000         -0.1120815219          0.4701941191E-01      0.1890691329E-04      0.2350620338          0.7105561446          0.7105561446          0.1919986522E-15     -0.2193631671          0.1825496398         208
      0.8100000000         -0.1121332919          0.4731722917E-01      0.1863951211E-04      0.2365451665          0.7105561446          0.7105561446          0.1919986522E-15     -0.2186938481          0.1836962087         284
      0.8200000000         -0.1121882909          0.4761279136E-01      0.1869181999E-04      0.2380266268          0.7105561446          0.7105561446          0.1919986522E-15     -0.2180199383          0.1848436233         365
      0.8300000000         -0.1122479937          0.4790677277E-01      0.1827339719E-04      0.2394969972          0.7105561446          0.7105561446          0.1919986522E-15     -0.2173389619          0.1859915134         393
      0.8400000000         -0.1123102623          0.4820423818E-01      0.1806584079E-04      0.2409821912          0.7105561446          0.7105561446          0.1919986522E-15     -0.2166486574          0.1871388808         396
      0.8500000000         -0.1123723644          0.4850453109E-01      0.1786627611E-04      0.2424861786          0.7105561446          0.7105561446          0.1919986522E-15     -0.2159471234          0.1882841777         510
      0.8600000000         -0.1124371518          0.4880508661E-01      0.1755974245E-04      0.2439891759          0.7105561446          0.7105561446          0.1919986522E-15     -0.2152329376          0.1894254177         576
      0.8700000000         -0.1125026056          0.4910548648E-01      0.1762934715E-04      0.2454920631          0.7105561446          0.7105561446          0.1919986522E-15     -0.2145052457          0.1905603092         537
      0.8800000000         -0.1125680957          0.4940639760E-01      0.1718390586E-04      0.2469987929          0.7105561446          0.7105561446          0.1919986522E-15     -0.2137638145          0.1916864050         492
      0.8900000000         -0.1126334668          0.4970755645E-01      0.1691194286E-04      0.2485065151          0.7105561446          0.7105561446          0.1919986522E-15     -0.2130090485          0.1928012584         582
      0.9000000000         -0.1126989807          0.5000872337E-01      0.1678347826E-04      0.2500138747          0.7105561446          0.7105561446          0.1919986522E-15     -0.2122419694          0.1939025790         488
      0.9100000000         -0.1127641246          0.5030878950E-01      0.1660586273E-04      0.2515176710          0.7105561446          0.7105561446          0.1919986522E-15     -0.2114641594          0.1949883787         480
      0.9200000000         -0.1128296210          0.5060726627E-01      0.1666455473E-04      0.2530152208          0.7105561446          0.7105561446          0.1919986522E-15     -0.2106776708          0.1960571012         461
      0.9300000000         -0.1128965387          0.5090433690E-01      0.1625244297E-04      0.2545039513          0.7105561446          0.7105561446          0.1919986522E-15     -0.2098849078          0.1971077269         463
      0.9400000000         -0.1129652260          0.5120015020E-01      0.1610396746E-04      0.2559859706          0.7105561446          0.7105561446          0.1919986522E-15     -0.2090884828          0.1981398467         474
      0.9500000000         -0.1130364471          0.5149302353E-01      0.1598766997E-04      0.2574538407          0.7105561446          0.7105561446          0.1919986522E-15     -0.2082910595          0.1991536995         503
      0.9600000000         -0.1131116074          0.5178615424E-01      0.1591134363E-04      0.2589271713          0.7105561446          0.7105561446          0.1919986522E-15     -0.2074951871          0.2001501690         588
      0.9700000000         -0.1131925281          0.5207729023E-01      0.1580147597E-04      0.2603815759          0.7105561446          0.7105561446          0.1919986522E-15     -0.2067031404          0.2011307388         603
      0.9800000000         -0.1132772803          0.5237226046E-01      0.1573606480E-04      0.2618608034          0.7105561446          0.7105561446          0.1919986522E-15     -0.2059167729          0.2020974071         614
      0.9900000000         -0.1133655549          0.5266687782E-01      0.1572472743E-04      0.2633426772          0.7105561446          0.7105561446          0.1919986522E-15     -0.2051373964          0.2030525647         674
       1.000000000         -0.1134604881          0.5296397451E-01      0.1567407624E-04      0.2648340572          0.7105561446          0.7105561446          0.1919986522E-15     -0.2043656949          0.2039988444         813
       1.010000000         -0.1135623806          0.5326582979E-01      0.1574183146E-04      0.2663432792          0.7105561446          0.7105561446          0.1919986522E-15     -0.2036016817          0.2049389516         903
       1.020000000         -0.1136672730          0.5357240777E-01      0.1558061040E-04      0.2678786868          0.7105561446          0.7105561446          0.1919986522E-15     -0.2028447020          0.2058754884         896
       1.030000000         -0.1137737188          0.5388447560E-01      0.1543446233E-04      0.2694389203          0.7105561446          0.7105561446          0.1919986522E-15     -0.2020934826          0.2068107851         884
       1.040000000         -0.1138794165          0.5420073110E-01      0.1547294866E-04      0.2710236869          0.7105561446          0.7105561446          0.1919986522E-15     -0.2013462248          0.2077467506         873
       1.050000000         -0.1139876021          0.5452337775E-01      0.1564867686E-04      0.2726380605          0.7105561446          0.7105561446          0.1919986522E-15     -0.2006007327          0.2086847541         969
       1.060000000         -0.1140952083          0.5485250788E-01      0.1551309646E-04      0.2742856147          0.7105561446          0.7105561446          0.1919986522E-15     -0.1998545660          0.2096255451        1083
       1.070000000         -0.1142023662          0.5518764747E-01      0.1545829610E-04      0.2759590809          0.7105561446          0.7105561446          0.1919986522E-15     -0.1991052080          0.2105692167        1004
       1.080000000         -0.1143071366          0.5552578965E-01      0.1541948299E-04      0.2776520282          0.7105561446          0.7105561446          0.1919986522E-15     -0.1983502336          0.2115152134        1040
       1.090000000         -0.1144101953          0.5586919936E-01      0.1531882646E-04      0.2793677999          0.7105561446          0.7105561446          0.1919986522E-15     -0.1975874682          0.2124623809         962
       1.100000000         -0.1145094142          0.5621640198E-01      0.1492785817E-04      0.2811026677          0.7105561446          0.7105561446          0.1919986522E-15     -0.1968151269          0.2134090525         899
       1.110000000         -0.1146040875          0.5656514790E-01      0.1514646115E-04      0.2828501125          0.7105561446          0.7105561446          0.1919986522E-15     -0.1960319260          0.2143531666         717
       1.120000000         -0.1146950086          0.5691764552E-01      0.1478401141E-04      0.2846125494          0.7105561446          0.7105561446          0.1919986522E-15     -0.1952371614          0.2152924061         528
       1.130000000         -0.1147805911          0.5726906882E-01      0.1454039783E-04      0.2863716168          0.7105561446          0.7105561446          0.1919986522E-15     -0.1944307503          0.2162243504         519
       1.140000000         -0.1148616394          0.5761921145E-01      0.1438588984E-04      0.2881254963          0.7105561446          0.7105561446          0.1919986522E-15     -0.1936132341          0.2171466332         427
       1.150000000         -0.1149376845          0.5796811074E-01      0.1388429277E-04      0.2898708380          0.7105561446          0.7105561446          0.1919986522E-15     -0.1927857437          0.2180570943         659
       1.160000000         -0.1150113005          0.5831090976E-01      0.1387517470E-04      0.2915855021          0.7105561446          0.7105561446          0.1919986522E-15     -0.1919499296          0.2189539185         794
       1.170000000         -0.1150811364          0.5864935455E-01      0.1361632588E-04      0.2932770245          0.7105561446          0.7105561446          0.1919986522E-15     -0.1911078599          0.2198357535         792
       1.180000000         -0.1151517662          0.5898175794E-01      0.1340718734E-04      0.2949343378          0.7105561446          0.7105561446          0.1919986522E-15     -0.1902618934          0.2207018001         810
       1.190000000         -0.1152193403          0.5931165996E-01      0.1309872141E-04      0.2965801747          0.7105561446          0.7105561446          0.1919986522E-15     -0.1894145331          0.2215518690         805
       1.200000000         -0.1152854365          0.5963542213E-01      0.1313628772E-04      0.2982043017          0.7105561446          0.7105561446          0.1919986522E-15     -0.1885682692          0.2223864007         912
       1.210000000         -0.1153532474          0.5995079514E-01      0.1282357187E-04      0.2997786643          0.7105561446          0.7105561446          0.1919986522E-15     -0.1877254209          0.2232064455         692
       1.220000000         -0.1154222056          0.6026169578E-01      0.1270088643E-04      0.3013335310          0.7105561446          0.7105561446          0.1919986522E-15     -0.1868879850          0.2240136045         622
       1.230000000         -0.1154975452          0.6056965426E-01      0.1269643663E-04      0.3028742326          0.7105561446          0.7105561446          0.1919986522E-15     -0.1860575033          0.2248099321        1069
       1.240000000         -0.1155743720          0.6087333926E-01      0.1239479449E-04      0.3043886607          0.7105561446          0.7105561446          0.1919986522E-15     -0.1852349579          0.2255978068         519
       1.250000000         -0.1156561389          0.6117344351E-01      0.1224982976E-04      0.3058853718          0.7105561446          0.7105561446          0.1919986522E-15     -0.1844207024          0.2263797759         507
       1.260000000         -0.1157415179          0.6147472963E-01      0.1213103178E-04      0.3073927422          0.7105561446          0.7105561446          0.1919986522E-15     -0.1836144374          0.2271583867         727
       1.270000000         -0.1158337389          0.6177461478E-01      0.1129680744E-04      0.3088909284          0.7105561446          0.7105561446          0.1919986522E-15     -0.1828152308          0.2279360151         448
       1.280000000         -0.1159332539          0.6207819876E-01      0.1216399570E-04      0.3104048467          0.7105561446          0.7105561446          0.1919986522E-15     -0.1820215853          0.2287147057         647
       1.290000000         -0.1160432896          0.6238227640E-01      0.1155535695E-04      0.3119202734          0.7105561446          0.7105561446          0.1919986522E-15     -0.1812315458          0.2294960357         486
       1.300000000         -0.1161566149          0.6269110912E-01      0.1151752878E-04      0.3134659985          0.7105561446          0.7105561446          0.1919986522E-15     -0.1804428393          0.2302810139         695
       1.310000000         -0.1162741319          0.6300510437E-01      0.1116378440E-04      0.3150286035          0.7105561446          0.7105561446          0.1919986522E-15     -0.1796530359          0.2310700207         669
       1.320000000         -0.1164047679          0.6331648161E-01      0.1077875646E-04      0.3165866477          0.7105561446          0.7105561446          0.1919986522E-15     -0.1788597176          0.2318627947         313
       1.330000000         -0.1165324508          0.6364149688E-01      0.1069514585E-04      0.3182085710          0.7105561446          0.7105561446          0.1919986522E-15     -0.1780606431          0.2326584629         594
       1.340000000         -0.1166777104          0.6396936382E-01      0.1032090067E-04      0.3198484429          0.7105561446          0.7105561446          0.1919986522E-15     -0.1772538957          0.2334556127         494
       1.350000000         -0.1168311267          0.6429973724E-01      0.1001664588E-04      0.3215021110          0.7105561446          0.7105561446          0.1919986522E-15     -0.1764380060          0.2342523974         305
       1.360000000         -0.1169729276          0.6464606415E-01      0.9920786885E-05      0.3232254323          0.7105561446          0.7105561446          0.1919986522E-15     -0.1756120420          0.2350466677         708
       1.370000000         -0.1171303587          0.6499394132E-01      0.9582138503E-05      0.3249633718          0.7105561446          0.7105561446          0.1919986522E-15     -0.1747756622          0.2358361183         647
       1.380000000         -0.1173030611          0.6534949528E-01      0.9347684054E-05      0.3267490576          0.7105561446          0.7105561446          0.1919986522E-15     -0.1739291306          0.2366184420         510
       1.390000000         -0.1174631804          0.6571424708E-01      0.9096256898E-05      0.3285652575          0.7105561446          0.7105561446          0.1919986522E-15     -0.1730732933          0.2373914792         837
       1.400000000         -0.1176344108          0.6608597321E-01      0.8990275370E-05      0.3304222482          0.7105561446          0.7105561446          0.1919986522E-15     -0.1722095213          0.2381533571         802
       1.410000000         -0.1178061729          0.6646279494E-01      0.8902418302E-05      0.3323069247          0.7105561446          0.7105561446          0.1919986522E-15     -0.1713396204          0.2389026097         834
       1.420000000         -0.1179839629          0.6684401428E-01      0.8704244405E-05      0.3342167481          0.7105561446          0.7105561446          0.1919986522E-15     -0.1704657170          0.2396382721         678
