-9.819441	0.002560
-9.815514	0.002537
-9.811587	0.002513
-9.807660	0.002490
-9.803733	0.002467
-9.799806	0.002445
-9.795879	0.002424
-9.791952	0.002405
-9.788025	0.002388
-9.784098	0.002373
-9.780171	0.002359
-9.776244	0.002347
-9.772317	0.002336
-9.768390	0.002328
-9.764463	0.002321
-9.760536	0.002315
-9.756609	0.002310
-9.752682	0.002307
-9.748755	0.002305
-9.744828	0.002304
-9.740901	0.002305
-9.736974	0.002306
-9.733047	0.002309
-9.729120	0.002312
-9.725193	0.002317
-9.721266	0.002323
-9.717339	0.002330
-9.713412	0.002339
-9.709485	0.002348
-9.705558	0.002359
-9.701631	0.002371
-9.697704	0.002385
-9.693777	0.002400
-9.689850	0.002417
-9.685923	0.002435
-9.681996	0.002455
-9.678069	0.002476
-9.674142	0.002498
-9.670215	0.002521
-9.666288	0.002544
-9.662361	0.002567
-9.658434	0.002590
-9.654507	0.002611
-9.650580	0.002630
-9.646653	0.002646
-9.642726	0.002659
-9.638799	0.002668
-9.634872	0.002675
-9.630945	0.002678
-9.627018	0.002678
-9.623091	0.002676
-9.619164	0.002672
-9.615237	0.002668
-9.611310	0.002662
-9.607383	0.002656
-9.603456	0.002649
-9.599529	0.002641
-9.595602	0.002633
-9.591675	0.002624
-9.587748	0.002614
-9.583821	0.002604
-9.579894	0.002593
-9.575967	0.002582
-9.572040	0.002571
-9.568113	0.002560
-9.564186	0.002549
-9.560259	0.002538
-9.556332	0.002528
-9.552405	0.002518
-9.548478	0.002508
-9.544551	0.002499
-9.540624	0.002490
-9.536697	0.002481
-9.532770	0.002473
-9.528843	0.002466
-9.524916	0.002460
-9.520989	0.002454
-9.517062	0.002448
-9.513135	0.002444
-9.509208	0.002440
-9.505281	0.002437
-9.501354	0.002435
-9.497427	0.002433
-9.493500	0.002432
-9.489573	0.002431
-9.485646	0.002431
-9.481719	0.002432
-9.477792	0.002433
-9.473865	0.002434
-9.469938	0.002436
-9.466011	0.002438
-9.462084	0.002441
-9.458157	0.002444
-9.454230	0.002448
-9.450303	0.002452
-9.446376	0.002456
-9.442449	0.002461
-9.438522	0.002466
-9.434595	0.002472
-9.430668	0.002479
-9.426741	0.002485
-9.422814	0.002493
-9.418887	0.002501
-9.414960	0.002509
-9.411033	0.002518
-9.407107	0.002528
-9.403180	0.002539
-9.399253	0.002550
-9.395326	0.002561
-9.391399	0.002573
-9.387472	0.002586
-9.383545	0.002599
-9.379618	0.002612
-9.375691	0.002625
-9.371764	0.002637
-9.367837	0.002649
-9.363910	0.002660
-9.359983	0.002669
-9.356056	0.002678
-9.352129	0.002686
-9.348202	0.002693
-9.344275	0.002700
-9.340348	0.002706
-9.336421	0.002711
-9.332494	0.002717
-9.328567	0.002723
-9.324640	0.002729
-9.320713	0.002736
-9.316786	0.002742
-9.312859	0.002748
-9.308932	0.002755
-9.305005	0.002761
-9.301078	0.002768
-9.297151	0.002774
-9.293224	0.002780
-9.289297	0.002786
-9.285370	0.002791
-9.281443	0.002796
-9.277516	0.002801
-9.273589	0.002804
-9.269662	0.002807
-9.265735	0.002808
-9.261808	0.002808
-9.257881	0.002807
-9.253954	0.002805
-9.250027	0.002801
-9.246100	0.002796
-9.242173	0.002791
-9.238246	0.002785
-9.234319	0.002779
-9.230392	0.002773
-9.226465	0.002768
-9.222538	0.002763
-9.218611	0.002758
-9.214684	0.002754
-9.210757	0.002751
-9.206830	0.002749
-9.202903	0.002747
-9.198976	0.002746
-9.195049	0.002746
-9.191122	0.002746
-9.187195	0.002747
-9.183268	0.002748
-9.179341	0.002750
-9.175414	0.002753
-9.171487	0.002756
-9.167560	0.002759
-9.163633	0.002763
-9.159706	0.002767
-9.155779	0.002772
-9.151852	0.002778
-9.147925	0.002783
-9.143998	0.002789
-9.140071	0.002796
-9.136144	0.002803
-9.132217	0.002811
-9.128290	0.002819
-9.124363	0.002828
-9.120436	0.002837
-9.116509	0.002847
-9.112582	0.002858
-9.108655	0.002869
-9.104728	0.002882
-9.100801	0.002894
-9.096874	0.002907
-9.092947	0.002921
-9.089020	0.002935
-9.085093	0.002950
-9.081166	0.002964
-9.077239	0.002978
-9.073312	0.002991
-9.069385	0.003003
-9.065458	0.003014
-9.061531	0.003023
-9.057604	0.003030
-9.053677	0.003036
-9.049750	0.003040
-9.045823	0.003042
-9.041896	0.003044
-9.037969	0.003044
-9.034042	0.003045
-9.030115	0.003045
-9.026188	0.003045
-9.022261	0.003044
-9.018334	0.003044
-9.014407	0.003045
-9.010480	0.003045
-9.006553	0.003046
-9.002626	0.003047
-8.998699	0.003048
-8.994772	0.003050
-8.990845	0.003052
-8.986918	0.003055
-8.982991	0.003059
-8.979065	0.003063
-8.975138	0.003068
-8.971211	0.003073
-8.967284	0.003079
-8.963357	0.003086
-8.959430	0.003092
-8.955503	0.003099
-8.951576	0.003105
-8.947649	0.003112
-8.943722	0.003118
-8.939795	0.003123
-8.935868	0.003129
-8.931941	0.003134
-8.928014	0.003139
-8.924087	0.003144
-8.920160	0.003149
-8.916233	0.003154
-8.912306	0.003160
-8.908379	0.003165
-8.904452	0.003171
-8.900525	0.003177
-8.896598	0.003183
-8.892671	0.003189
-8.888744	0.003195
-8.884817	0.003202
-8.880890	0.003208
-8.876963	0.003214
-8.873036	0.003219
-8.869109	0.003224
-8.865182	0.003229
-8.861255	0.003233
-8.857328	0.003237
-8.853401	0.003241
-8.849474	0.003244
-8.845547	0.003247
-8.841620	0.003251
-8.837693	0.003254
-8.833766	0.003258
-8.829839	0.003262
-8.825912	0.003267
-8.821985	0.003272
-8.818058	0.003277
-8.814131	0.003284
-8.810204	0.003290
-8.806277	0.003297
-8.802350	0.003305
-8.798423	0.003312
-8.794496	0.003320
-8.790569	0.003328
-8.786642	0.003337
-8.782715	0.003345
-8.778788	0.003353
-8.774861	0.003361
-8.770934	0.003368
-8.767007	0.003375
-8.763080	0.003381
-8.759153	0.003387
-8.755226	0.003393
-8.751299	0.003398
-8.747372	0.003403
-8.743445	0.003408
-8.739518	0.003413
-8.735591	0.003418
-8.731664	0.003423
-8.727737	0.003428
-8.723810	0.003434
-8.719883	0.003440
-8.715956	0.003447
-8.712029	0.003454
-8.708102	0.003461
-8.704175	0.003469
-8.700248	0.003477
-8.696321	0.003486
-8.692394	0.003495
-8.688467	0.003504
-8.684540	0.003514
-8.680613	0.003524
-8.676686	0.003535
-8.672759	0.003546
-8.668832	0.003558
-8.664905	0.003570
-8.660978	0.003583
-8.657051	0.003596
-8.653124	0.003609
-8.649197	0.003623
-8.645270	0.003638
-8.641343	0.003653
-8.637416	0.003668
-8.633489	0.003684
-8.629562	0.003700
-8.625635	0.003716
-8.621708	0.003732
-8.617781	0.003748
-8.613854	0.003763
-8.609927	0.003778
-8.606000	0.003791
-8.602073	0.003802
-8.598146	0.003812
-8.594219	0.003821
-8.590292	0.003827
-8.586365	0.003832
-8.582438	0.003835
-8.578511	0.003837
-8.574584	0.003839
-8.570657	0.003840
-8.566730	0.003841
-8.562803	0.003843
-8.558876	0.003845
-8.554949	0.003847
-8.551023	0.003850
-8.547096	0.003854
-8.543169	0.003858
-8.539242	0.003864
-8.535315	0.003869
-8.531388	0.003876
-8.527461	0.003883
-8.523534	0.003891
-8.519607	0.003899
-8.515680	0.003907
-8.511753	0.003916
-8.507826	0.003925
-8.503899	0.003934
-8.499972	0.003944
-8.496045	0.003953
-8.492118	0.003962
-8.488191	0.003972
-8.484264	0.003981
-8.480337	0.003991
-8.476410	0.004001
-8.472483	0.004011
-8.468556	0.004022
-8.464629	0.004033
-8.460702	0.004044
-8.456775	0.004056
-8.452848	0.004069
-8.448921	0.004082
-8.444994	0.004095
-8.441067	0.004109
-8.437140	0.004124
-8.433213	0.004140
-8.429286	0.004157
-8.425359	0.004174
-8.421432	0.004192
-8.417505	0.004211
-8.413578	0.004231
-8.409651	0.004252
-8.405724	0.004274
-8.401797	0.004297
-8.397870	0.004321
-8.393943	0.004346
-8.390016	0.004372
-8.386089	0.004398
-8.382162	0.004425
-8.378235	0.004453
-8.374308	0.004480
-8.370381	0.004508
-8.366454	0.004534
-8.362527	0.004559
-8.358600	0.004582
-8.354673	0.004601
-8.350746	0.004618
-8.346819	0.004631
-8.342892	0.004640
-8.338965	0.004645
-8.335038	0.004647
-8.331111	0.004646
-8.327184	0.004644
-8.323257	0.004640
-8.319330	0.004635
-8.315403	0.004630
-8.311476	0.004625
-8.307549	0.004622
-8.303622	0.004619
-8.299695	0.004617
-8.295768	0.004616
-8.291841	0.004616
-8.287914	0.004618
-8.283987	0.004621
-8.280060	0.004625
-8.276133	0.004630
-8.272206	0.004636
-8.268279	0.004643
-8.264352	0.004651
-8.260425	0.004660
-8.256498	0.004670
-8.252571	0.004680
-8.248644	0.004691
-8.244717	0.004703
-8.240790	0.004716
-8.236863	0.004730
-8.232936	0.004744
-8.229009	0.004759
-8.225082	0.004775
-8.221155	0.004791
-8.217228	0.004808
-8.213301	0.004827
-8.209374	0.004846
-8.205447	0.004866
-8.201520	0.004887
-8.197593	0.004909
-8.193666	0.004932
-8.189739	0.004956
-8.185812	0.004982
-8.181885	0.005009
-8.177958	0.005036
-8.174031	0.005065
-8.170104	0.005095
-8.166177	0.005125
-8.162250	0.005156
-8.158323	0.005186
-8.154396	0.005215
-8.150469	0.005243
-8.146542	0.005269
-8.142615	0.005291
-8.138688	0.005311
-8.134761	0.005326
-8.130834	0.005338
-8.126907	0.005346
-8.122981	0.005351
-8.119054	0.005354
-8.115127	0.005355
-8.111200	0.005355
-8.107273	0.005355
-8.103346	0.005355
-8.099419	0.005356
-8.095492	0.005357
-8.091565	0.005360
-8.087638	0.005364
-8.083711	0.005369
-8.079784	0.005375
-8.075857	0.005382
-8.071930	0.005390
-8.068003	0.005399
-8.064076	0.005409
-8.060149	0.005420
-8.056222	0.005431
-8.052295	0.005444
-8.048368	0.005456
-8.044441	0.005469
-8.040514	0.005483
-8.036587	0.005497
-8.032660	0.005512
-8.028733	0.005527
-8.024806	0.005543
-8.020879	0.005559
-8.016952	0.005576
-8.013025	0.005593
-8.009098	0.005611
-8.005171	0.005629
-8.001244	0.005648
-7.997317	0.005667
-7.993390	0.005687
-7.989463	0.005708
-7.985536	0.005729
-7.981609	0.005750
-7.977682	0.005773
-7.973755	0.005796
-7.969828	0.005820
-7.965901	0.005844
-7.961974	0.005869
-7.958047	0.005895
-7.954120	0.005921
-7.950193	0.005947
-7.946266	0.005974
-7.942339	0.006001
-7.938412	0.006027
-7.934485	0.006054
-7.930558	0.006079
-7.926631	0.006103
-7.922704	0.006126
-7.918777	0.006148
-7.914850	0.006168
-7.910923	0.006187
-7.906996	0.006205
-7.903069	0.006222
-7.899142	0.006239
-7.895215	0.006255
-7.891288	0.006272
-7.887361	0.006288
-7.883434	0.006305
-7.879507	0.006323
-7.875580	0.006340
-7.871653	0.006359
-7.867726	0.006378
-7.863799	0.006397
-7.859872	0.006417
-7.855945	0.006437
-7.852018	0.006458
-7.848091	0.006479
-7.844164	0.006501
-7.840237	0.006523
-7.836310	0.006546
-7.832383	0.006569
-7.828456	0.006593
-7.824529	0.006617
-7.820602	0.006642
-7.816675	0.006667
-7.812748	0.006692
-7.808821	0.006718
-7.804894	0.006744
-7.800967	0.006771
-7.797040	0.006798
-7.793113	0.006825
-7.789186	0.006853
-7.785259	0.006882
-7.781332	0.006910
-7.777405	0.006940
-7.773478	0.006969
-7.769551	0.006999
-7.765624	0.007030
-7.761697	0.007061
-7.757770	0.007092
-7.753843	0.007124
-7.749916	0.007157
-7.745989	0.007190
-7.742062	0.007223
-7.738135	0.007258
-7.734208	0.007292
-7.730281	0.007327
-7.726354	0.007362
-7.722427	0.007397
-7.718500	0.007433
-7.714573	0.007468
-7.710646	0.007503
-7.706719	0.007538
-7.702792	0.007572
-7.698865	0.007606
-7.694939	0.007639
-7.691012	0.007672
-7.687085	0.007705
-7.683158	0.007737
-7.679231	0.007769
-7.675304	0.007802
-7.671377	0.007835
-7.667450	0.007868
-7.663523	0.007901
-7.659596	0.007936
-7.655669	0.007970
-7.651742	0.008006
-7.647815	0.008041
-7.643888	0.008078
-7.639961	0.008115
-7.636034	0.008153
-7.632107	0.008191
-7.628180	0.008231
-7.624253	0.008270
-7.620326	0.008310
-7.616399	0.008351
-7.612472	0.008393
-7.608545	0.008435
-7.604618	0.008477
-7.600691	0.008520
-7.596764	0.008564
-7.592837	0.008608
-7.588910	0.008653
-7.584983	0.008698
-7.581056	0.008744
-7.577129	0.008790
-7.573202	0.008837
-7.569275	0.008884
-7.565348	0.008932
-7.561421	0.008980
-7.557494	0.009028
-7.553567	0.009077
-7.549640	0.009127
-7.545713	0.009177
-7.541786	0.009228
-7.537859	0.009279
-7.533932	0.009331
-7.530005	0.009383
-7.526078	0.009436
-7.522151	0.009490
-7.518224	0.009544
-7.514297	0.009599
-7.510370	0.009655
-7.506443	0.009711
-7.502516	0.009768
-7.498589	0.009826
-7.494662	0.009884
-7.490735	0.009944
-7.486808	0.010004
-7.482881	0.010065
-7.478954	0.010127
-7.475027	0.010190
-7.471100	0.010254
-7.467173	0.010319
-7.463246	0.010385
-7.459319	0.010452
-7.455392	0.010520
-7.451465	0.010590
-7.447538	0.010660
-7.443611	0.010732
-7.439684	0.010805
-7.435757	0.010879
-7.431830	0.010955
-7.427903	0.011032
-7.423976	0.011110
-7.420049	0.011191
-7.416122	0.011272
-7.412195	0.011356
-7.408268	0.011441
-7.404341	0.011528
-7.400414	0.011617
-7.396487	0.011708
-7.392560	0.011801
-7.388633	0.011897
-7.384706	0.011995
-7.380779	0.012096
-7.376852	0.012200
-7.372925	0.012306
-7.368998	0.012416
-7.365071	0.012530
-7.361144	0.012646
-7.357217	0.012767
-7.353290	0.012890
-7.349363	0.013018
-7.345436	0.013149
-7.341509	0.013283
-7.337582	0.013421
-7.333655	0.013560
-7.329728	0.013701
-7.325801	0.013843
-7.321874	0.013984
-7.317947	0.014124
-7.314020	0.014261
-7.310093	0.014395
-7.306166	0.014526
-7.302239	0.014652
-7.298312	0.014774
-7.294385	0.014891
-7.290458	0.015004
-7.286531	0.015113
-7.282604	0.015220
-7.278677	0.015324
-7.274750	0.015428
-7.270823	0.015533
-7.266897	0.015639
-7.262970	0.015749
-7.259043	0.015862
-7.255116	0.015980
-7.251189	0.016104
-7.247262	0.016233
-7.243335	0.016368
-7.239408	0.016508
-7.235481	0.016656
-7.231554	0.016809
-7.227627	0.016969
-7.223700	0.017135
-7.219773	0.017308
-7.215846	0.017487
-7.211919	0.017673
-7.207992	0.017866
-7.204065	0.018065
-7.200138	0.018271
-7.196211	0.018484
-7.192284	0.018704
-7.188357	0.018930
-7.184430	0.019164
-7.180503	0.019404
-7.176576	0.019651
-7.172649	0.019905
-7.168722	0.020165
-7.164795	0.020433
-7.160868	0.020708
-7.156941	0.020992
-7.153014	0.021283
-7.149087	0.021584
-7.145160	0.021895
-7.141233	0.022217
-7.137306	0.022551
-7.133379	0.022897
-7.129452	0.023257
-7.125525	0.023631
-7.121598	0.024021
-7.117671	0.024427
-7.113744	0.024851
-7.109817	0.025292
-7.105890	0.025753
-7.101963	0.026235
-7.098036	0.026739
-7.094109	0.027267
-7.090182	0.027820
-7.086255	0.028399
-7.082328	0.029007
-7.078401	0.029646
-7.074474	0.030319
-7.070547	0.031027
-7.066620	0.031773
-7.062693	0.032561
-7.058766	0.033393
-7.054839	0.034274
-7.050912	0.035206
-7.046985	0.036196
-7.043058	0.037247
-7.039131	0.038365
-7.035204	0.039556
-7.031277	0.040827
-7.027350	0.042184
-7.023423	0.043637
-7.019496	0.045193
-7.015569	0.046864
-7.011642	0.048659
-7.007715	0.050591
-7.003788	0.052673
-6.999861	0.054917
-6.995934	0.057339
-6.992007	0.059953
-6.988080	0.062778
-6.984153	0.065831
-6.980226	0.069131
-6.976299	0.072703
-6.972372	0.076570
-6.968445	0.080760
-6.964518	0.085302
-6.960591	0.090227
-6.956664	0.095564
-6.952737	0.101335
-6.948810	0.107553
-6.944883	0.114215
-6.940956	0.121294
-6.937029	0.128731
-6.933102	0.136427
-6.929175	0.144234
-6.925248	0.151950
-6.921321	0.159320
-6.917394	0.166050
-6.913467	0.171822
-6.909540	0.176331
-6.905613	0.179320
-6.901686	0.180622
-6.897759	0.180188
-6.893832	0.178089
-6.889905	0.174514
-6.885978	0.169729
-6.882051	0.164047
-6.878124	0.157785
-6.874197	0.151235
-6.870270	0.144643
-6.866343	0.138203
-6.862416	0.132059
-6.858489	0.126308
-6.854562	0.121008
-6.850635	0.116192
-6.846708	0.111867
-6.842781	0.108031
-6.838855	0.104668
-6.834928	0.101759
-6.831001	0.099281
-6.827074	0.097211
-6.823147	0.095527
-6.819220	0.094208
-6.815293	0.093235
-6.811366	0.092591
-6.807439	0.092263
-6.803512	0.092240
-6.799585	0.092513
-6.795658	0.093075
-6.791731	0.093922
-6.787804	0.095052
-6.783877	0.096465
-6.779950	0.098160
-6.776023	0.100142
-6.772096	0.102413
-6.768169	0.104979
-6.764242	0.107848
-6.760315	0.111034
-6.756388	0.114552
-6.752461	0.118425
-6.748534	0.122686
-6.744607	0.127372
-6.740680	0.132529
-6.736753	0.138213
-6.732826	0.144483
-6.728899	0.151406
-6.724972	0.159049
-6.721045	0.167486
-6.717118	0.176788
-6.713191	0.187025
-6.709264	0.198263
-6.705337	0.210551
-6.701410	0.223924
-6.697483	0.238381
-6.693556	0.253880
-6.689629	0.270313
-6.685702	0.287494
-6.681775	0.305137
-6.677848	0.322841
-6.673921	0.340091
-6.669994	0.356264
-6.666067	0.370668
-6.662140	0.382596
-6.658213	0.391400
-6.654286	0.396577
-6.650359	0.397832
-6.646432	0.395131
-6.642505	0.388703
-6.638578	0.379002
-6.634651	0.366652
-6.630724	0.352355
-6.626797	0.336821
-6.622870	0.320698
-6.618943	0.304537
-6.615016	0.288772
-6.611089	0.273718
-6.607162	0.259591
-6.603235	0.246515
-6.599308	0.234552
-6.595381	0.223714
-6.591454	0.213980
-6.587527	0.205308
-6.583600	0.197643
-6.579673	0.190927
-6.575746	0.185097
-6.571819	0.180095
-6.567892	0.175865
-6.563965	0.172357
-6.560038	0.169527
-6.556111	0.167333
-6.552184	0.165741
-6.548257	0.164723
-6.544330	0.164253
-6.540403	0.164310
-6.536476	0.164878
-6.532549	0.165943
-6.528622	0.167494
-6.524695	0.169525
-6.520768	0.172034
-6.516841	0.175023
-6.512914	0.178504
-6.508987	0.182494
-6.505060	0.187019
-6.501133	0.192116
-6.497206	0.197828
-6.493279	0.204209
-6.489352	0.211316
-6.485425	0.219211
-6.481498	0.227961
-6.477571	0.237632
-6.473644	0.248288
-6.469717	0.259990
-6.465790	0.272792
-6.461863	0.286734
-6.457936	0.301839
-6.454009	0.318102
-6.450082	0.335488
-6.446155	0.353919
-6.442228	0.373269
-6.438301	0.393360
-6.434374	0.413965
-6.430447	0.434809
-6.426520	0.455586
-6.422593	0.475981
-6.418666	0.495687
-6.414739	0.514440
-6.410813	0.532036
-6.406886	0.548358
-6.402959	0.563390
-6.399032	0.577220
-6.395105	0.590034
-6.391178	0.602083
-6.387251	0.613645
-6.383324	0.624971
-6.379397	0.636255
-6.375470	0.647606
-6.371543	0.659047
-6.367616	0.670517
-6.363689	0.681889
-6.359762	0.692995
-6.355835	0.703659
-6.351908	0.713746
-6.347981	0.723206
-6.344054	0.732098
-6.340127	0.740567
-6.336200	0.748790
-6.332273	0.756912
-6.328346	0.765010
-6.324419	0.773107
-6.320492	0.781177
-6.316565	0.789116
-6.312638	0.796655
-6.308711	0.803273
-6.304784	0.808177
-6.300857	0.810394
-6.296930	0.808955
-6.293003	0.803098
-6.289076	0.792436
-6.285149	0.777030
-6.281222	0.757359
-6.277295	0.734218
-6.273368	0.708579
-6.269441	0.681456
-6.265514	0.653803
-6.261587	0.626447
-6.257660	0.600063
-6.253733	0.575173
-6.249806	0.552157
-6.245879	0.531284
-6.241952	0.512736
-6.238025	0.496627
-6.234098	0.483021
-6.230171	0.471941
-6.226244	0.463362
-6.222317	0.457210
-6.218390	0.453351
-6.214463	0.451580
-6.210536	0.451620
-6.206609	0.453126
-6.202682	0.455698
-6.198755	0.458909
-6.194828	0.462345
-6.190901	0.465649
-6.186974	0.468575
-6.183047	0.471034
-6.179120	0.473122
-6.175193	0.475121
-6.171266	0.477470
-6.167339	0.480708
-6.163412	0.485395
-6.159485	0.492043
-6.155558	0.501041
-6.151631	0.512608
-6.147704	0.526746
-6.143777	0.543203
-6.139850	0.561463
-6.135923	0.580755
-6.131996	0.600109
-6.128069	0.618457
-6.124142	0.634742
-6.120215	0.648030
-6.116288	0.657605
-6.112361	0.663060
-6.108434	0.664380
-6.104507	0.661963
-6.100580	0.656565
-6.096653	0.649109
-6.092726	0.640446
-6.088799	0.631140
-6.084872	0.621384
-6.080945	0.611078
-6.077018	0.599995
-6.073091	0.587970
-6.069164	0.575013
-6.065237	0.561334
-6.061310	0.547268
-6.057383	0.533182
-6.053456	0.519387
-6.049529	0.506093
-6.045602	0.493419
-6.041675	0.481417
-6.037748	0.470119
-6.033821	0.459562
-6.029894	0.449806
-6.025967	0.440936
-6.022040	0.433040
-6.018113	0.426187
-6.014186	0.420401
-6.010259	0.415634
-6.006332	0.411747
-6.002405	0.408510
-5.998478	0.405605
-5.994551	0.402664
-5.990624	0.399300
-5.986698	0.395158
-5.982771	0.389964
-5.978844	0.383558
-5.974917	0.375914
-5.970990	0.367139
-5.967063	0.357453
-5.963136	0.347154
-5.959209	0.336576
-5.955282	0.326055
-5.951355	0.315902
-5.947428	0.306384
-5.943501	0.297717
-5.939574	0.290063
-5.935647	0.283537
-5.931720	0.278206
-5.927793	0.274102
-5.923866	0.271222
-5.919939	0.269541
-5.916012	0.269020
-5.912085	0.269614
-5.908158	0.271277
-5.904231	0.273965
-5.900304	0.277633
-5.896377	0.282228
-5.892450	0.287677
-5.888523	0.293880
-5.884596	0.300698
-5.880669	0.307956
-5.876742	0.315440
-5.872815	0.322904
-5.868888	0.330087
-5.864961	0.336721
-5.861034	0.342549
-5.857107	0.347343
-5.853180	0.350929
-5.849253	0.353213
-5.845326	0.354200
-5.841399	0.354007
-5.837472	0.352855
-5.833545	0.351054
-5.829618	0.348963
-5.825691	0.346961
-5.821764	0.345407
-5.817837	0.344623
-5.813910	0.344874
-5.809983	0.346373
-5.806056	0.349282
-5.802129	0.353722
-5.798202	0.359785
-5.794275	0.367538
-5.790348	0.377042
-5.786421	0.388348
-5.782494	0.401509
-5.778567	0.416578
-5.774640	0.433604
-5.770713	0.452613
-5.766786	0.473592
-5.762859	0.496454
-5.758932	0.521006
-5.755005	0.546915
-5.751078	0.573675
-5.747151	0.600602
-5.743224	0.626830
-5.739297	0.651351
-5.735370	0.673071
-5.731443	0.690915
-5.727516	0.703951
-5.723589	0.711551
-5.719662	0.713527
-5.715735	0.710217
-5.711808	0.702455
-5.707881	0.691411
-5.703954	0.678339
-5.700027	0.664321
-5.696100	0.650094
-5.692173	0.636018
-5.688246	0.622143
-5.684319	0.608335
-5.680392	0.594383
-5.676465	0.580073
-5.672538	0.565228
-5.668611	0.549729
-5.664684	0.533529
-5.660757	0.516672
-5.656830	0.499291
-5.652903	0.481610
-5.648976	0.463914
-5.645049	0.446521
-5.641122	0.429743
-5.637195	0.413855
-5.633268	0.399077
-5.629341	0.385563
-5.625414	0.373400
-5.621487	0.362611
-5.617560	0.353158
-5.613633	0.344953
-5.609706	0.337865
-5.605779	0.331734
-5.601852	0.326400
-5.597925	0.321721
-5.593998	0.317605
-5.590071	0.314025
-5.586144	0.311029
-5.582217	0.308727
-5.578290	0.307280
-5.574363	0.306871
-5.570436	0.307675
-5.566509	0.309839
-5.562582	0.313450
-5.558656	0.318527
-5.554729	0.325004
-5.550802	0.332735
-5.546875	0.341493
-5.542948	0.350982
-5.539021	0.360856
-5.535094	0.370728
-5.531167	0.380190
-5.527240	0.388821
-5.523313	0.396199
-5.519386	0.401917
-5.515459	0.405596
-5.511532	0.406918
-5.507605	0.405665
-5.503678	0.401761
-5.499751	0.395301
-5.495824	0.386554
-5.491897	0.375930
-5.487970	0.363929
-5.484043	0.351079
-5.480116	0.337877
-5.476189	0.324757
-5.472262	0.312061
-5.468335	0.300039
-5.464408	0.288854
-5.460481	0.278596
-5.456554	0.269296
-5.452627	0.260949
-5.448700	0.253522
-5.444773	0.246972
-5.440846	0.241257
-5.436919	0.236342
-5.432992	0.232202
-5.429065	0.228821
-5.425138	0.226192
-5.421211	0.224313
-5.417284	0.223187
-5.413357	0.222817
-5.409430	0.223205
-5.405503	0.224351
-5.401576	0.226249
-5.397649	0.228886
-5.393722	0.232244
-5.389795	0.236306
-5.385868	0.241067
-5.381941	0.246559
-5.378014	0.252867
-5.374087	0.260146
-5.370160	0.268622
-5.366233	0.278576
-5.362306	0.290321
-5.358379	0.304175
-5.354452	0.320442
-5.350525	0.339405
-5.346598	0.361313
-5.342671	0.386378
-5.338744	0.414720
-5.334817	0.446277
-5.330890	0.480624
-5.326963	0.516721
-5.323036	0.552670
-5.319109	0.585698
-5.315182	0.612645
-5.311255	0.630951
-5.307328	0.639612
-5.303401	0.639418
-5.299474	0.632400
-5.295547	0.621025
-5.291620	0.607637
-5.287693	0.594221
-5.283766	0.582321
-5.279839	0.573006
-5.275912	0.566833
-5.271985	0.563879
-5.268058	0.563817
-5.264131	0.566051
-5.260204	0.569852
-5.256277	0.574488
-5.252350	0.579318
-5.248423	0.583851
-5.244496	0.587766
-5.240569	0.590896
-5.236642	0.593188
-5.232715	0.594660
-5.228788	0.595368
-5.224861	0.595379
-5.220934	0.594760
-5.217007	0.593560
-5.213080	0.591784
-5.209153	0.589364
-5.205226	0.586142
-5.201299	0.581888
-5.197372	0.576330
-5.193445	0.569225
-5.189518	0.560415
-5.185591	0.549874
-5.181664	0.537717
-5.177737	0.524190
-5.173810	0.509632
-5.169883	0.494431
-5.165956	0.478990
-5.162029	0.463694
-5.158102	0.448901
-5.154175	0.434922
-5.150248	0.422021
-5.146321	0.410403
-5.142394	0.400215
-5.138467	0.391549
-5.134540	0.384438
-5.130614	0.378873
-5.126687	0.374807
-5.122760	0.372165
-5.118833	0.370851
-5.114906	0.370758
-5.110979	0.371761
-5.107052	0.373715
-5.103125	0.376445
-5.099198	0.379728
-5.095271	0.383286
-5.091344	0.386784
-5.087417	0.389834
-5.083490	0.392025
-5.079563	0.392958
-5.075636	0.392289
-5.071709	0.389771
-5.067782	0.385287
-5.063855	0.378863
-5.059928	0.370658
-5.056001	0.360942
-5.052074	0.350058
-5.048147	0.338385
-5.044220	0.326301
-5.040293	0.314154
-5.036366	0.302243
-5.032439	0.290811
-5.028512	0.280041
-5.024585	0.270063
-5.020658	0.260957
-5.016731	0.252770
-5.012804	0.245520
-5.008877	0.239203
-5.004950	0.233805
-5.001023	0.229304
-4.997096	0.225677
-4.993169	0.222900
-4.989242	0.220954
-4.985315	0.219824
-4.981388	0.219499
-4.977461	0.219979
-4.973534	0.221268
-4.969607	0.223378
-4.965680	0.226329
-4.961753	0.230147
-4.957826	0.234867
-4.953899	0.240528
-4.949972	0.247174
-4.946045	0.254850
-4.942118	0.263603
-4.938191	0.273468
-4.934264	0.284473
-4.930337	0.296618
-4.926410	0.309873
-4.922483	0.324157
-4.918556	0.339327
-4.914629	0.355160
-4.910702	0.371345
-4.906775	0.387473
-4.902848	0.403054
-4.898921	0.417533
-4.894994	0.430343
-4.891067	0.440950
-4.887140	0.448917
-4.883213	0.453950
-4.879286	0.455928
-4.875359	0.454911
-4.871432	0.451117
-4.867505	0.444896
-4.863578	0.436685
-4.859651	0.426973
-4.855724	0.416262
-4.851797	0.405042
-4.847870	0.393762
-4.843943	0.382820
-4.840016	0.372549
-4.836089	0.363218
-4.832162	0.355034
-4.828235	0.348150
-4.824308	0.342674
-4.820381	0.338678
-4.816454	0.336215
-4.812527	0.335317
-4.808600	0.336014
-4.804673	0.338332
-4.800746	0.342298
-4.796819	0.347947
-4.792892	0.355316
-4.788965	0.364446
-4.785038	0.375382
-4.781111	0.388159
-4.777184	0.402803
-4.773257	0.419314
-4.769330	0.437653
-4.765403	0.457727
-4.761476	0.479370
-4.757549	0.502325
-4.753622	0.526237
-4.749695	0.550644
-4.745768	0.574997
-4.741841	0.598689
-4.737914	0.621100
-4.733987	0.641656
-4.730060	0.659885
-4.726133	0.675460
-4.722206	0.688216
-4.718279	0.698151
-4.714352	0.705398
-4.710425	0.710191
-4.706498	0.712826
-4.702572	0.713626
-4.698645	0.712913
-4.694718	0.710990
-4.690791	0.708129
-4.686864	0.704569
-4.682937	0.700515
-4.679010	0.696137
-4.675083	0.691578
-4.671156	0.686955
-4.667229	0.682364
-4.663302	0.677878
-4.659375	0.673552
-4.655448	0.669417
-4.651521	0.665480
-4.647594	0.661721
-4.643667	0.658088
-4.639740	0.654505
-4.635813	0.650880
-4.631886	0.647120
-4.627959	0.643160
-4.624032	0.638985
-4.620105	0.634651
-4.616178	0.630292
-4.612251	0.626102
-4.608324	0.622299
-4.604397	0.619073
-4.600470	0.616549
-4.596543	0.614761
-4.592616	0.613655
-4.588689	0.613115
-4.584762	0.612995
-4.580835	0.613151
-4.576908	0.613467
-4.572981	0.613859
-4.569054	0.614280
-4.565127	0.614707
-4.561200	0.615132
-4.557273	0.615550
-4.553346	0.615952
-4.549419	0.616314
-4.545492	0.616597
-4.541565	0.616741
-4.537638	0.616665
-4.533711	0.616263
-4.529784	0.615405
-4.525857	0.613943
-4.521930	0.611705
-4.518003	0.608513
-4.514076	0.604189
-4.510149	0.598576
-4.506222	0.591558
-4.502295	0.583088
-4.498368	0.573203
-4.494441	0.562044
-4.490514	0.549852
-4.486587	0.536951
-4.482660	0.523720
-4.478733	0.510557
-4.474806	0.497837
-4.470879	0.485885
-4.466952	0.474958
-4.463025	0.465237
-4.459098	0.456832
-4.455171	0.449792
-4.451244	0.444124
-4.447317	0.439801
-4.443390	0.436778
-4.439463	0.435004
-4.435536	0.434433
-4.431609	0.435027
-4.427682	0.436765
-4.423755	0.439642
-4.419828	0.443664
-4.415901	0.448840
-4.411974	0.455167
-4.408047	0.462620
-4.404120	0.471133
-4.400193	0.480585
-4.396266	0.490785
-4.392339	0.501459
-4.388412	0.512235
-4.384485	0.522648
-4.380558	0.532156
-4.376631	0.540174
-4.372704	0.546127
-4.368777	0.549505
-4.364850	0.549923
-4.360923	0.547164
-4.356996	0.541213
-4.353069	0.532258
-4.349142	0.520675
-4.345215	0.506983
-4.341288	0.491789
-4.337361	0.475722
-4.333434	0.459381
-4.329507	0.443296
-4.325580	0.427902
-4.321653	0.413538
-4.317726	0.400449
-4.313799	0.388797
-4.309872	0.378684
-4.305945	0.370160
-4.302018	0.363246
-4.298091	0.357941
-4.294164	0.354236
-4.290237	0.352119
-4.286310	0.351582
-4.282383	0.352628
-4.278456	0.355270
-4.274530	0.359532
-4.270603	0.365454
-4.266676	0.373091
-4.262749	0.382511
-4.258822	0.393795
-4.254895	0.407035
-4.250968	0.422328
-4.247041	0.439773
-4.243114	0.459459
-4.239187	0.481455
-4.235260	0.505788
-4.231333	0.532425
-4.227406	0.561240
-4.223479	0.591982
-4.219552	0.624240
-4.215625	0.657408
-4.211698	0.690666
-4.207771	0.722988
-4.203844	0.753185
-4.199917	0.780000
-4.195990	0.802239
-4.192063	0.818928
-4.188136	0.829446
-4.184209	0.833600
-4.180282	0.831604
-4.176355	0.823991
-4.172428	0.811497
-4.168501	0.794957
-4.164574	0.775231
-4.160647	0.753171
-4.156720	0.729593
-4.152793	0.705240
-4.148866	0.680749
-4.144939	0.656625
-4.141012	0.633223
-4.137085	0.610757
-4.133158	0.589324
-4.129231	0.568940
-4.125304	0.549577
-4.121377	0.531192
-4.117450	0.513749
-4.113523	0.497225
-4.109596	0.481609
-4.105669	0.466892
-4.101742	0.453067
-4.097815	0.440120
-4.093888	0.428039
-4.089961	0.416818
-4.086034	0.406464
-4.082107	0.396998
-4.078180	0.388460
-4.074253	0.380899
-4.070326	0.374370
-4.066399	0.368927
-4.062472	0.364614
-4.058545	0.361467
-4.054618	0.359509
-4.050691	0.358753
-4.046764	0.359205
-4.042837	0.360866
-4.038910	0.363735
-4.034983	0.367814
-4.031056	0.373110
-4.027129	0.379638
-4.023202	0.387426
-4.019275	0.396516
-4.015348	0.406973
-4.011421	0.418881
-4.007494	0.432352
-4.003567	0.447522
-3.999640	0.464543
-3.995713	0.483581
-3.991786	0.504798
-3.987859	0.528342
-3.983932	0.554325
-3.980005	0.582805
-3.976078	0.613764
-3.972151	0.647080
-3.968224	0.682504
-3.964297	0.719635
-3.960370	0.757909
-3.956443	0.796607
-3.952516	0.834876
-3.948589	0.871789
-3.944662	0.906411
-3.940735	0.937882
-3.936808	0.965486
-3.932881	0.988693
-3.928954	1.007163
-3.925027	1.020719
-3.921100	1.029303
-3.917173	1.032931
-3.913246	1.031669
-3.909319	1.025632
-3.905392	1.015003
-3.901465	1.000048
-3.897538	0.981125
-3.893611	0.958675
-3.889684	0.933195
-3.885757	0.905220
-3.881830	0.875291
-3.877903	0.843956
-3.873976	0.811753
-3.870049	0.779217
-3.866122	0.746868
-3.862195	0.715200
-3.858268	0.684667
-3.854341	0.655659
-3.850414	0.628495
-3.846488	0.603418
-3.842561	0.580595
-3.838634	0.560136
-3.834707	0.542100
-3.830780	0.526510
-3.826853	0.513367
-3.822926	0.502658
-3.818999	0.494358
-3.815072	0.488445
-3.811145	0.484891
-3.807218	0.483674
-3.803291	0.484771
-3.799364	0.488153
-3.795437	0.493785
-3.791510	0.501611
-3.787583	0.511544
-3.783656	0.523447
-3.779729	0.537117
-3.775802	0.552266
-3.771875	0.568506
-3.767948	0.585348
-3.764021	0.602222
-3.760094	0.618518
-3.756167	0.633654
-3.752240	0.647163
-3.748313	0.658762
-3.744386	0.668402
-3.740459	0.676269
-3.736532	0.682744
-3.732605	0.688344
-3.728678	0.693650
-3.724751	0.699240
-3.720824	0.705607
-3.716897	0.713082
-3.712970	0.721741
-3.709043	0.731324
-3.705116	0.741193
-3.701189	0.750331
-3.697262	0.757413
-3.693335	0.760952
-3.689408	0.759532
-3.685481	0.752107
-3.681554	0.738308
-3.677627	0.718635
-3.673700	0.694439
-3.669773	0.667645
-3.665846	0.640312
-3.661919	0.614164
-3.657992	0.590283
-3.654065	0.569051
-3.650138	0.550309
-3.646211	0.533624
-3.642284	0.518543
-3.638357	0.504756
-3.634430	0.492139
-3.630503	0.480735
-3.626576	0.470690
-3.622649	0.462191
-3.618722	0.455420
-3.614795	0.450535
-3.610868	0.447658
-3.606941	0.446886
-3.603014	0.448291
-3.599087	0.451932
-3.595160	0.457841
-3.591233	0.466014
-3.587306	0.476392
-3.583379	0.488833
-3.579452	0.503103
-3.575525	0.518878
-3.571598	0.535764
-3.567671	0.553343
-3.563744	0.571215
-3.559817	0.589034
-3.555890	0.606529
-3.551963	0.623486
-3.548036	0.639719
-3.544109	0.655026
-3.540182	0.669138
-3.536255	0.681679
-3.532328	0.692140
-3.528401	0.699900
-3.524474	0.704341
-3.520547	0.705064
-3.516620	0.702119
-3.512693	0.696077
-3.508766	0.687847
-3.504839	0.678337
-3.500912	0.668163
-3.496985	0.657594
-3.493058	0.646701
-3.489131	0.635554
-3.485204	0.624359
-3.481277	0.613478
-3.477350	0.603373
-3.473423	0.594493
-3.469496	0.587172
-3.465569	0.581558
-3.461642	0.577610
-3.457715	0.575141
-3.453788	0.573899
-3.449861	0.573649
-3.445934	0.574240
-3.442007	0.575639
-3.438080	0.577936
-3.434153	0.581325
-3.430226	0.586068
-3.426299	0.592465
-3.422372	0.600824
-3.418446	0.611438
-3.414519	0.624584
-3.410592	0.640513
-3.406665	0.659455
-3.402738	0.681616
-3.398811	0.707178
-3.394884	0.736293
-3.390957	0.769069
-3.387030	0.805551
-3.383103	0.845696
-3.379176	0.889338
-3.375249	0.936154
-3.371322	0.985630
-3.367395	1.037037
-3.363468	1.089430
-3.359541	1.141672
-3.355614	1.192506
-3.351687	1.240650
-3.347760	1.284917
-3.343833	1.324336
-3.339906	1.358243
-3.335979	1.386318
-3.332052	1.408577
-3.328125	1.425310
-3.324198	1.436997
-3.320271	1.444213
-3.316344	1.447547
-3.312417	1.447536
-3.308490	1.444626
-3.304563	1.439152
-3.300636	1.431335
-3.296709	1.421296
-3.292782	1.409082
-3.288855	1.394696
-3.284928	1.378142
-3.281001	1.359463
-3.277074	1.338775
-3.273147	1.316284
-3.269220	1.292278
-3.265293	1.267088
-3.261366	1.241031
-3.257439	1.214339
-3.253512	1.187109
-3.249585	1.159284
-3.245658	1.130677
-3.241731	1.101041
-3.237804	1.070162
-3.233877	1.037949
-3.229950	1.004499
-3.226023	0.970110
-3.222096	0.935261
-3.218169	0.900539
-3.214242	0.866571
-3.210315	0.833950
-3.206388	0.803188
-3.202461	0.774686
-3.198534	0.748732
-3.194607	0.725512
-3.190680	0.705125
-3.186753	0.687605
-3.182826	0.672943
-3.178899	0.661104
-3.174972	0.652042
-3.171045	0.645707
-3.167118	0.642061
-3.163191	0.641076
-3.159264	0.642746
-3.155337	0.647084
-3.151410	0.654127
-3.147483	0.663936
-3.143556	0.676601
-3.139629	0.692237
-3.135702	0.710984
-3.131775	0.733010
-3.127848	0.758503
-3.123921	0.787672
-3.119994	0.820736
-3.116067	0.857915
-3.112140	0.899413
-3.108213	0.945399
-3.104286	0.995970
-3.100359	1.051119
-3.096432	1.110686
-3.092505	1.174302
-3.088578	1.241340
-3.084651	1.310869
-3.080724	1.381631
-3.076797	1.452058
-3.072870	1.520336
-3.068943	1.584515
-3.065016	1.642671
-3.061089	1.693077
-3.057162	1.734370
-3.053235	1.765678
-3.049308	1.786697
-3.045381	1.797708
-3.041454	1.799539
-3.037527	1.793474
-3.033600	1.781119
-3.029673	1.764226
-3.025746	1.744505
-3.021819	1.723430
-3.017892	1.702097
-3.013965	1.681126
-3.010038	1.660656
-3.006111	1.640413
-3.002184	1.619852
-2.998257	1.598339
-2.994330	1.575325
-2.990404	1.550488
-2.986477	1.523795
-2.982550	1.495480
-2.978623	1.465977
-2.974696	1.435814
-2.970769	1.405522
-2.966842	1.375573
-2.962915	1.346352
-2.958988	1.318150
-2.955061	1.291173
-2.951134	1.265560
-2.947207	1.241397
-2.943280	1.218726
-2.939353	1.197559
-2.935426	1.177880
-2.931499	1.159656
-2.927572	1.142840
-2.923645	1.127376
-2.919718	1.113201
-2.915791	1.100252
-2.911864	1.088463
-2.907937	1.077771
-2.904010	1.068117
-2.900083	1.059444
-2.896156	1.051700
-2.892229	1.044840
-2.888302	1.038819
-2.884375	1.033602
-2.880448	1.029156
-2.876521	1.025453
-2.872594	1.022470
-2.868667	1.020188
-2.864740	1.018593
-2.860813	1.017672
-2.856886	1.017420
-2.852959	1.017832
-2.849032	1.018908
-2.845105	1.020649
-2.841178	1.023060
-2.837251	1.026148
-2.833324	1.029919
-2.829397	1.034383
-2.825470	1.039548
-2.821543	1.045420
-2.817616	1.052002
-2.813689	1.059295
-2.809762	1.067289
-2.805835	1.075969
-2.801908	1.085308
-2.797981	1.095265
-2.794054	1.105788
-2.790127	1.116811
-2.786200	1.128258
-2.782273	1.140053
-2.778346	1.152126
-2.774419	1.164433
-2.770492	1.176965
-2.766565	1.189766
-2.762638	1.202928
-2.758711	1.216578
-2.754784	1.230835
-2.750857	1.245752
-2.746930	1.261238
-2.743003	1.276992
-2.739076	1.292459
-2.735149	1.306832
-2.731222	1.319111
-2.727295	1.328208
-2.723368	1.333083
-2.719441	1.332876
-2.715514	1.327003
-2.711587	1.315202
-2.707660	1.297516
-2.703733	1.274242
-2.699806	1.245867
-2.695879	1.213014
-2.691952	1.176400
-2.688025	1.136818
-2.684098	1.095123
-2.680171	1.052208
-2.676244	1.008974
-2.672317	0.966287
-2.668390	0.924938
-2.664463	0.885603
-2.660536	0.848825
-2.656609	0.815008
-2.652682	0.784427
-2.648755	0.757247
-2.644828	0.733545
-2.640901	0.713332
-2.636974	0.696580
-2.633047	0.683227
-2.629120	0.673198
-2.625193	0.666406
-2.621266	0.662756
-2.617339	0.662138
-2.613412	0.664425
-2.609485	0.669458
-2.605558	0.677039
-2.601631	0.686916
-2.597704	0.698775
-2.593777	0.712241
-2.589850	0.726883
-2.585923	0.742235
-2.581996	0.757825
-2.578069	0.773214
-2.574142	0.788024
-2.570215	0.801971
-2.566288	0.814873
-2.562362	0.826646
-2.558435	0.837295
-2.554508	0.846891
-2.550581	0.855545
-2.546654	0.863394
-2.542727	0.870581
-2.538800	0.877243
-2.534873	0.883509
-2.530946	0.889492
-2.527019	0.895290
-2.523092	0.900988
-2.519165	0.906654
-2.515238	0.912348
-2.511311	0.918119
-2.507384	0.924007
-2.503457	0.930046
-2.499530	0.936265
-2.495603	0.942687
-2.491676	0.949334
-2.487749	0.956223
-2.483822	0.963373
-2.479895	0.970796
-2.475968	0.978508
-2.472041	0.986521
-2.468114	0.994848
-2.464187	1.003500
-2.460260	1.012490
-2.456333	1.021827
-2.452406	1.031523
-2.448479	1.041589
-2.444552	1.052033
-2.440625	1.062863
-2.436698	1.074088
-2.432771	1.085713
-2.428844	1.097740
-2.424917	1.110169
-2.420990	1.122996
-2.417063	1.136210
-2.413136	1.149794
-2.409209	1.163722
-2.405282	1.177955
-2.401355	1.192440
-2.397428	1.207104
-2.393501	1.221852
-2.389574	1.236559
-2.385647	1.251061
-2.381720	1.265155
-2.377793	1.278579
-2.373866	1.291014
-2.369939	1.302065
-2.366012	1.311262
-2.362085	1.318050
-2.358158	1.321795
-2.354231	1.321801
-2.350304	1.317332
-2.346377	1.307665
-2.342450	1.292154
-2.338523	1.270311
-2.334596	1.241891
-2.330669	1.206968
-2.326742	1.165972
-2.322815	1.119687
-2.318888	1.069184
-2.314961	1.015721
-2.311034	0.960617
-2.307107	0.905132
-2.303180	0.850372
-2.299253	0.797233
-2.295326	0.746383
-2.291399	0.698270
-2.287472	0.653154
-2.283545	0.611139
-2.279618	0.572214
-2.275691	0.536288
-2.271764	0.503213
-2.267837	0.472814
-2.263910	0.444895
-2.259983	0.419262
-2.256056	0.395720
-2.252129	0.374086
-2.248202	0.354187
-2.244275	0.335863
-2.240348	0.318967
-2.236421	0.303368
-2.232494	0.288943
-2.228567	0.275585
-2.224640	0.263195
-2.220713	0.251685
-2.216786	0.240976
-2.212859	0.230997
-2.208932	0.221684
-2.205005	0.212979
-2.201078	0.204831
-2.197151	0.197194
-2.193224	0.190024
-2.189297	0.183285
-2.185370	0.176942
-2.181443	0.170965
-2.177516	0.165324
-2.173589	0.159996
-2.169662	0.154956
-2.165735	0.150184
-2.161808	0.145660
-2.157881	0.141368
-2.153954	0.137290
-2.150027	0.133412
-2.146100	0.129722
-2.142173	0.126206
-2.138246	0.122854
-2.134320	0.119655
-2.130393	0.116599
-2.126466	0.113678
-2.122539	0.110883
-2.118612	0.108207
-2.114685	0.105643
-2.110758	0.103185
-2.106831	0.100826
-2.102904	0.098560
-2.098977	0.096384
-2.095050	0.094292
-2.091123	0.092278
-2.087196	0.090341
-2.083269	0.088474
-2.079342	0.086675
-2.075415	0.084940
-2.071488	0.083267
-2.067561	0.081651
-2.063634	0.080091
-2.059707	0.078583
-2.055780	0.077125
-2.051853	0.075715
-2.047926	0.074351
-2.043999	0.073030
-2.040072	0.071750
-2.036145	0.070511
-2.032218	0.069309
-2.028291	0.068144
-2.024364	0.067013
-2.020437	0.065916
-2.016510	0.064851
-2.012583	0.063816
-2.008656	0.062811
-2.004729	0.061834
-2.000802	0.060884
-1.996875	0.059960
-1.992948	0.059061
-1.989021	0.058187
-1.985094	0.057335
-1.981167	0.056506
-1.977240	0.055698
-1.973313	0.054911
-1.969386	0.054143
-1.965459	0.053395
-1.961532	0.052666
-1.957605	0.051954
-1.953678	0.051260
-1.949751	0.050582
-1.945824	0.049921
-1.941897	0.049275
-1.937970	0.048644
-1.934043	0.048027
-1.930116	0.047425
-1.926189	0.046836
-1.922262	0.046261
-1.918335	0.045698
-1.914408	0.045148
-1.910481	0.044609
-1.906554	0.044082
-1.902627	0.043567
-1.898700	0.043062
-1.894773	0.042568
-1.890846	0.042084
-1.886919	0.041610
-1.882992	0.041146
-1.879065	0.040691
-1.875138	0.040245
-1.871211	0.039808
-1.867284	0.039380
-1.863357	0.038960
-1.859430	0.038548
-1.855503	0.038144
-1.851576	0.037748
-1.847649	0.037360
-1.843722	0.036978
-1.839795	0.036604
-1.835868	0.036237
-1.831941	0.035876
-1.828014	0.035522
-1.824087	0.035174
-1.820160	0.034833
-1.816233	0.034497
-1.812306	0.034168
-1.808379	0.033844
-1.804452	0.033526
-1.800525	0.033213
-1.796598	0.032906
-1.792671	0.032604
-1.788744	0.032307
-1.784817	0.032015
-1.780890	0.031727
-1.776963	0.031445
-1.773036	0.031167
-1.769109	0.030894
-1.765182	0.030625
-1.761255	0.030360
-1.757328	0.030100
-1.753401	0.029844
-1.749474	0.029591
-1.745547	0.029343
-1.741620	0.029099
-1.737693	0.028858
-1.733766	0.028621
-1.729839	0.028388
-1.725912	0.028158
-1.721985	0.027932
-1.718058	0.027709
-1.714131	0.027489
-1.710205	0.027272
-1.706278	0.027059
-1.702351	0.026849
-1.698424	0.026642
-1.694497	0.026438
-1.690570	0.026237
-1.686643	0.026038
-1.682716	0.025843
-1.678789	0.025650
-1.674862	0.025460
-1.670935	0.025272
-1.667008	0.025087
-1.663081	0.024905
-1.659154	0.024725
-1.655227	0.024548
-1.651300	0.024373
-1.647373	0.024200
-1.643446	0.024030
-1.639519	0.023862
-1.635592	0.023696
-1.631665	0.023532
-1.627738	0.023371
-1.623811	0.023211
-1.619884	0.023054
-1.615957	0.022899
-1.612030	0.022745
-1.608103	0.022594
-1.604176	0.022444
-1.600249	0.022297
-1.596322	0.022151
-1.592395	0.022007
-1.588468	0.021865
-1.584541	0.021725
-1.580614	0.021586
-1.576687	0.021449
-1.572760	0.021314
-1.568833	0.021180
-1.564906	0.021048
-1.560979	0.020918
-1.557052	0.020789
-1.553125	0.020661
-1.549198	0.020536
-1.545271	0.020411
-1.541344	0.020288
-1.537417	0.020167
-1.533490	0.020047
-1.529563	0.019928
-1.525636	0.019811
-1.521709	0.019695
-1.517782	0.019580
-1.513855	0.019467
-1.509928	0.019355
-1.506001	0.019244
-1.502074	0.019135
-1.498147	0.019026
-1.494220	0.018919
-1.490293	0.018813
-1.486366	0.018709
-1.482439	0.018605
-1.478512	0.018503
-1.474585	0.018401
-1.470658	0.018301
-1.466731	0.018202
-1.462804	0.018104
-1.458877	0.018007
-1.454950	0.017911
-1.451023	0.017816
-1.447096	0.017722
-1.443169	0.017629
-1.439242	0.017537
-1.435315	0.017446
-1.431388	0.017356
-1.427461	0.017267
-1.423534	0.017179
-1.419607	0.017092
-1.415680	0.017005
-1.411753	0.016920
-1.407826	0.016835
-1.403899	0.016751
-1.399972	0.016668
-1.396045	0.016586
-1.392118	0.016505
-1.388191	0.016425
-1.384264	0.016345
-1.380337	0.016266
-1.376410	0.016188
-1.372483	0.016111
-1.368556	0.016035
-1.364629	0.015959
-1.360702	0.015884
-1.356775	0.015810
-1.352848	0.015736
-1.348921	0.015663
-1.344994	0.015591
-1.341067	0.015520
-1.337140	0.015449
-1.333213	0.015379
-1.329286	0.015310
-1.325359	0.015241
-1.321432	0.015173
-1.317505	0.015105
-1.313578	0.015039
-1.309651	0.014972
-1.305724	0.014907
-1.301797	0.014842
-1.297870	0.014778
-1.293943	0.014714
-1.290016	0.014651
-1.286089	0.014588
-1.282163	0.014526
-1.278236	0.014465
-1.274309	0.014404
-1.270382	0.014344
-1.266455	0.014284
-1.262528	0.014225
-1.258601	0.014166
-1.254674	0.014108
-1.250747	0.014051
-1.246820	0.013994
-1.242893	0.013937
-1.238966	0.013881
-1.235039	0.013826
-1.231112	0.013771
-1.227185	0.013716
-1.223258	0.013662
-1.219331	0.013608
-1.215404	0.013555
-1.211477	0.013503
-1.207550	0.013451
-1.203623	0.013399
-1.199696	0.013348
-1.195769	0.013297
-1.191842	0.013246
-1.187915	0.013197
-1.183988	0.013147
-1.180061	0.013098
-1.176134	0.013049
-1.172207	0.013001
-1.168280	0.012953
-1.164353	0.012906
-1.160426	0.012859
-1.156499	0.012812
-1.152572	0.012766
-1.148645	0.012720
-1.144718	0.012675
-1.140791	0.012630
-1.136864	0.012585
-1.132937	0.012541
-1.129010	0.012497
-1.125083	0.012454
-1.121156	0.012411
-1.117229	0.012368
-1.113302	0.012325
-1.109375	0.012283
-1.105448	0.012242
-1.101521	0.012200
-1.097594	0.012159
-1.093667	0.012118
-1.089740	0.012078
-1.085813	0.012038
-1.081886	0.011998
-1.077959	0.011959
-1.074032	0.011920
-1.070105	0.011881
-1.066178	0.011843
-1.062251	0.011805
-1.058324	0.011767
-1.054397	0.011730
-1.050470	0.011693
-1.046543	0.011656
-1.042616	0.011619
-1.038689	0.011583
-1.034762	0.011547
-1.030835	0.011511
-1.026908	0.011476
-1.022981	0.011441
-1.019054	0.011406
-1.015127	0.011372
-1.011200	0.011337
-1.007273	0.011303
-1.003346	0.011270
-0.999419	0.011236
-0.995492	0.011203
-0.991565	0.011170
-0.987638	0.011138
-0.983711	0.011105
-0.979784	0.011073
-0.975857	0.011041
-0.971930	0.011010
-0.968003	0.010978
-0.964076	0.010947
-0.960149	0.010917
-0.956222	0.010886
-0.952295	0.010856
-0.948368	0.010826
-0.944441	0.010796
-0.940514	0.010766
-0.936587	0.010737
-0.932660	0.010708
-0.928733	0.010679
-0.924806	0.010650
-0.920879	0.010621
-0.916952	0.010593
-0.913025	0.010565
-0.909098	0.010537
-0.905171	0.010510
-0.901244	0.010483
-0.897317	0.010455
-0.893390	0.010428
-0.889463	0.010402
-0.885536	0.010375
-0.881609	0.010349
-0.877682	0.010323
-0.873755	0.010297
-0.869828	0.010271
-0.865901	0.010246
-0.861974	0.010221
-0.858047	0.010196
-0.854121	0.010171
-0.850194	0.010146
-0.846267	0.010122
-0.842340	0.010097
-0.838413	0.010073
-0.834486	0.010049
-0.830559	0.010026
-0.826632	0.010002
-0.822705	0.009979
-0.818778	0.009956
-0.814851	0.009933
-0.810924	0.009910
-0.806997	0.009887
-0.803070	0.009865
-0.799143	0.009843
-0.795216	0.009821
-0.791289	0.009799
-0.787362	0.009777
-0.783435	0.009756
-0.779508	0.009734
-0.775581	0.009713
-0.771654	0.009692
-0.767727	0.009671
-0.763800	0.009651
-0.759873	0.009630
-0.755946	0.009610
-0.752019	0.009589
-0.748092	0.009569
-0.744165	0.009550
-0.740238	0.009530
-0.736311	0.009510
-0.732384	0.009491
-0.728457	0.009472
-0.724530	0.009453
-0.720603	0.009434
-0.716676	0.009415
-0.712749	0.009396
-0.708822	0.009378
-0.704895	0.009360
-0.700968	0.009341
-0.697041	0.009323
-0.693114	0.009305
-0.689187	0.009288
-0.685260	0.009270
-0.681333	0.009253
-0.677406	0.009235
-0.673479	0.009218
-0.669552	0.009201
-0.665625	0.009184
-0.661698	0.009168
-0.657771	0.009151
-0.653844	0.009135
-0.649917	0.009118
-0.645990	0.009102
-0.642063	0.009086
-0.638136	0.009070
-0.634209	0.009055
-0.630282	0.009039
-0.626355	0.009024
-0.622428	0.009008
-0.618501	0.008993
-0.614574	0.008978
-0.610647	0.008963
-0.606720	0.008948
-0.602793	0.008933
-0.598866	0.008919
-0.594939	0.008904
-0.591012	0.008890
-0.587085	0.008876
-0.583158	0.008862
-0.579231	0.008848
-0.575304	0.008834
-0.571377	0.008820
-0.567450	0.008807
-0.563523	0.008793
-0.559596	0.008780
-0.555669	0.008767
-0.551742	0.008754
-0.547815	0.008741
-0.543888	0.008728
-0.539961	0.008715
-0.536034	0.008702
-0.532107	0.008690
-0.528180	0.008677
-0.524253	0.008665
-0.520326	0.008653
-0.516399	0.008641
-0.512472	0.008629
-0.508545	0.008617
-0.504618	0.008605
-0.500691	0.008594
-0.496764	0.008582
-0.492837	0.008571
-0.488910	0.008560
-0.484983	0.008549
-0.481056	0.008538
-0.477129	0.008527
-0.473202	0.008516
-0.469275	0.008505
-0.465348	0.008494
-0.461421	0.008484
-0.457494	0.008473
-0.453567	0.008463
-0.449640	0.008453
-0.445713	0.008443
-0.441786	0.008433
-0.437859	0.008423
-0.433932	0.008413
-0.430005	0.008404
-0.426079	0.008394
-0.422152	0.008385
-0.418225	0.008375
-0.414298	0.008366
-0.410371	0.008357
-0.406444	0.008348
-0.402517	0.008339
-0.398590	0.008330
-0.394663	0.008321
-0.390736	0.008312
-0.386809	0.008304
-0.382882	0.008295
-0.378955	0.008287
-0.375028	0.008279
-0.371101	0.008271
-0.367174	0.008262
-0.363247	0.008254
-0.359320	0.008247
-0.355393	0.008239
-0.351466	0.008231
-0.347539	0.008223
-0.343612	0.008216
-0.339685	0.008209
-0.335758	0.008201
-0.331831	0.008194
-0.327904	0.008187
-0.323977	0.008180
-0.320050	0.008173
-0.316123	0.008166
-0.312196	0.008159
-0.308269	0.008153
-0.304342	0.008146
-0.300415	0.008140
-0.296488	0.008133
-0.292561	0.008127
-0.288634	0.008121
-0.284707	0.008114
-0.280780	0.008108
-0.276853	0.008102
-0.272926	0.008097
-0.268999	0.008091
-0.265072	0.008085
-0.261145	0.008080
-0.257218	0.008074
-0.253291	0.008069
-0.249364	0.008063
-0.245437	0.008058
-0.241510	0.008053
-0.237583	0.008048
-0.233656	0.008043
-0.229729	0.008038
-0.225802	0.008033
-0.221875	0.008028
-0.217948	0.008024
-0.214021	0.008019
-0.210094	0.008015
-0.206167	0.008010
-0.202240	0.008006
-0.198313	0.008002
-0.194386	0.007998
-0.190459	0.007994
-0.186532	0.007990
-0.182605	0.007986
-0.178678	0.007982
-0.174751	0.007979
-0.170824	0.007975
-0.166897	0.007971
-0.162970	0.007968
-0.159043	0.007965
-0.155116	0.007961
-0.151189	0.007958
-0.147262	0.007955
-0.143335	0.007952
-0.139408	0.007949
-0.135481	0.007946
-0.131554	0.007943
-0.127627	0.007941
-0.123700	0.007938
-0.119773	0.007936
-0.115846	0.007933
-0.111919	0.007931
-0.107992	0.007929
-0.104065	0.007926
-0.100138	0.007924
-0.096211	0.007922
-0.092284	0.007920
-0.088357	0.007918
-0.084430	0.007917
-0.080503	0.007915
-0.076576	0.007913
-0.072649	0.007912
-0.068722	0.007910
-0.064795	0.007909
-0.060868	0.007908
-0.056941	0.007906
-0.053014	0.007905
-0.049087	0.007904
-0.045160	0.007903
-0.041233	0.007902
-0.037306	0.007902
-0.033379	0.007901
-0.029452	0.007900
-0.025525	0.007900
-0.021598	0.007899
-0.017671	0.007899
-0.013744	0.007898
-0.009817	0.007898
-0.005890	0.007898
-0.001963	0.007898
0.001963	0.007898
0.005890	0.007898
0.009817	0.007898
0.013744	0.007898
0.017671	0.007899
0.021598	0.007899
0.025525	0.007900
0.029452	0.007900
0.033379	0.007901
0.037306	0.007902
0.041233	0.007902
0.045160	0.007903
0.049087	0.007904
0.053014	0.007905
0.056941	0.007906
0.060868	0.007908
0.064795	0.007909
0.068722	0.007910
0.072649	0.007912
0.076576	0.007913
0.080503	0.007915
0.084430	0.007917
0.088357	0.007918
0.092284	0.007920
0.096211	0.007922
0.100138	0.007924
0.104065	0.007926
0.107992	0.007929
0.111919	0.007931
0.115846	0.007933
0.119773	0.007936
0.123700	0.007938
0.127627	0.007941
0.131554	0.007943
0.135481	0.007946
0.139408	0.007949
0.143335	0.007952
0.147262	0.007955
0.151189	0.007958
0.155116	0.007961
0.159043	0.007965
0.162970	0.007968
0.166897	0.007971
0.170824	0.007975
0.174751	0.007979
0.178678	0.007982
0.182605	0.007986
0.186532	0.007990
0.190459	0.007994
0.194386	0.007998
0.198313	0.008002
0.202240	0.008006
0.206167	0.008010
0.210094	0.008015
0.214021	0.008019
0.217948	0.008024
0.221875	0.008028
0.225802	0.008033
0.229729	0.008038
0.233656	0.008043
0.237583	0.008048
0.241510	0.008053
0.245437	0.008058
0.249364	0.008063
0.253291	0.008069
0.257218	0.008074
0.261145	0.008080
0.265072	0.008085
0.268999	0.008091
0.272926	0.008097
0.276853	0.008102
0.280780	0.008108
0.284707	0.008114
0.288634	0.008121
0.292561	0.008127
0.296488	0.008133
0.300415	0.008139
0.304342	0.008146
0.308269	0.008153
0.312196	0.008159
0.316123	0.008166
0.320050	0.008173
0.323977	0.008180
0.327904	0.008187
0.331831	0.008194
0.335758	0.008201
0.339685	0.008209
0.343612	0.008216
0.347539	0.008223
0.351466	0.008231
0.355393	0.008239
0.359320	0.008247
0.363247	0.008254
0.367174	0.008262
0.371101	0.008270
0.375028	0.008279
0.378955	0.008287
0.382882	0.008295
0.386809	0.008304
0.390736	0.008312
0.394663	0.008321
0.398590	0.008330
0.402517	0.008339
0.406444	0.008348
0.410371	0.008357
0.414298	0.008366
0.418225	0.008375
0.422152	0.008384
0.426079	0.008394
0.430005	0.008404
0.433932	0.008413
0.437859	0.008423
0.441786	0.008433
0.445713	0.008443
0.449640	0.008453
0.453567	0.008463
0.457494	0.008473
0.461421	0.008484
0.465348	0.008494
0.469275	0.008505
0.473202	0.008516
0.477129	0.008527
0.481056	0.008537
0.484983	0.008549
0.488910	0.008560
0.492837	0.008571
0.496764	0.008582
0.500691	0.008594
0.504618	0.008605
0.508545	0.008617
0.512472	0.008629
0.516399	0.008641
0.520326	0.008653
0.524253	0.008665
0.528180	0.008677
0.532107	0.008690
0.536034	0.008702
0.539961	0.008715
0.543888	0.008728
0.547815	0.008741
0.551742	0.008753
0.555669	0.008767
0.559596	0.008780
0.563523	0.008793
0.567450	0.008807
0.571377	0.008820
0.575304	0.008834
0.579231	0.008848
0.583158	0.008862
0.587085	0.008876
0.591012	0.008890
0.594939	0.008904
0.598866	0.008919
0.602793	0.008933
0.606720	0.008948
0.610647	0.008963
0.614574	0.008978
0.618501	0.008993
0.622428	0.009008
0.626355	0.009023
0.630282	0.009039
0.634209	0.009055
0.638136	0.009070
0.642063	0.009086
0.645990	0.009102
0.649917	0.009118
0.653844	0.009135
0.657771	0.009151
0.661698	0.009168
0.665625	0.009184
0.669552	0.009201
0.673479	0.009218
0.677406	0.009235
0.681333	0.009253
0.685260	0.009270
0.689187	0.009288
0.693114	0.009305
0.697041	0.009323
0.700968	0.009341
0.704895	0.009359
0.708822	0.009378
0.712749	0.009396
0.716676	0.009415
0.720603	0.009434
0.724530	0.009453
0.728457	0.009472
0.732384	0.009491
0.736311	0.009510
0.740238	0.009530
0.744165	0.009549
0.748092	0.009569
0.752019	0.009589
0.755946	0.009610
0.759873	0.009630
0.763800	0.009650
0.767727	0.009671
0.771654	0.009692
0.775581	0.009713
0.779508	0.009734
0.783435	0.009755
0.787362	0.009777
0.791289	0.009799
0.795216	0.009821
0.799143	0.009843
0.803070	0.009865
0.806997	0.009887
0.810924	0.009910
0.814851	0.009933
0.818778	0.009956
0.822705	0.009979
0.826632	0.010002
0.830559	0.010026
0.834486	0.010049
0.838413	0.010073
0.842340	0.010097
0.846267	0.010122
0.850194	0.010146
0.854121	0.010171
0.858047	0.010196
0.861974	0.010221
0.865901	0.010246
0.869828	0.010271
0.873755	0.010297
0.877682	0.010323
0.881609	0.010349
0.885536	0.010375
0.889463	0.010402
0.893390	0.010428
0.897317	0.010455
0.901244	0.010482
0.905171	0.010510
0.909098	0.010537
0.913025	0.010565
0.916952	0.010593
0.920879	0.010621
0.924806	0.010650
0.928733	0.010678
0.932660	0.010707
0.936587	0.010737
0.940514	0.010766
0.944441	0.010796
0.948368	0.010825
0.952295	0.010855
0.956222	0.010886
0.960149	0.010916
0.964076	0.010947
0.968003	0.010978
0.971930	0.011010
0.975857	0.011041
0.979784	0.011073
0.983711	0.011105
0.987638	0.011137
0.991565	0.011170
0.995492	0.011203
0.999419	0.011236
1.003346	0.011269
1.007273	0.011303
1.011200	0.011337
1.015127	0.011371
1.019054	0.011406
1.022981	0.011441
1.026908	0.011476
1.030835	0.011511
1.034762	0.011547
1.038689	0.011583
1.042616	0.011619
1.046543	0.011655
1.050470	0.011692
1.054397	0.011729
1.058324	0.011767
1.062251	0.011805
1.066178	0.011843
1.070105	0.011881
1.074032	0.011920
1.077959	0.011959
1.081886	0.011998
1.085813	0.012038
1.089740	0.012078
1.093667	0.012118
1.097594	0.012159
1.101521	0.012200
1.105448	0.012241
1.109375	0.012283
1.113302	0.012325
1.117229	0.012367
1.121156	0.012410
1.125083	0.012453
1.129010	0.012497
1.132937	0.012541
1.136864	0.012585
1.140791	0.012630
1.144718	0.012675
1.148645	0.012720
1.152572	0.012766
1.156499	0.012812
1.160426	0.012859
1.164353	0.012906
1.168280	0.012953
1.172207	0.013001
1.176134	0.013049
1.180061	0.013098
1.183988	0.013147
1.187915	0.013196
1.191842	0.013246
1.195769	0.013296
1.199696	0.013347
1.203623	0.013398
1.207550	0.013450
1.211477	0.013502
1.215404	0.013555
1.219331	0.013608
1.223258	0.013662
1.227185	0.013716
1.231112	0.013770
1.235039	0.013825
1.238966	0.013881
1.242893	0.013937
1.246820	0.013993
1.250747	0.014050
1.254674	0.014108
1.258601	0.014166
1.262528	0.014224
1.266455	0.014284
1.270382	0.014343
1.274309	0.014404
1.278236	0.014464
1.282163	0.014526
1.286089	0.014588
1.290016	0.014650
1.293943	0.014713
1.297870	0.014777
1.301797	0.014841
1.305724	0.014906
1.309651	0.014972
1.313578	0.015038
1.317505	0.015105
1.321432	0.015172
1.325359	0.015240
1.329286	0.015309
1.333213	0.015378
1.337140	0.015448
1.341067	0.015519
1.344994	0.015590
1.348921	0.015662
1.352848	0.015735
1.356775	0.015809
1.360702	0.015883
1.364629	0.015958
1.368556	0.016034
1.372483	0.016110
1.376410	0.016187
1.380337	0.016265
1.384264	0.016344
1.388191	0.016424
1.392118	0.016504
1.396045	0.016585
1.399972	0.016667
1.403899	0.016750
1.407826	0.016834
1.411753	0.016919
1.415680	0.017004
1.419607	0.017091
1.423534	0.017178
1.427461	0.017266
1.431388	0.017355
1.435315	0.017445
1.439242	0.017536
1.443169	0.017628
1.447096	0.017721
1.451023	0.017815
1.454950	0.017910
1.458877	0.018006
1.462804	0.018103
1.466731	0.018201
1.470658	0.018300
1.474585	0.018400
1.478512	0.018501
1.482439	0.018604
1.486366	0.018707
1.490293	0.018812
1.494220	0.018918
1.498147	0.019025
1.502074	0.019133
1.506001	0.019243
1.509928	0.019353
1.513855	0.019465
1.517782	0.019579
1.521709	0.019693
1.525636	0.019809
1.529563	0.019926
1.533490	0.020045
1.537417	0.020165
1.541344	0.020286
1.545271	0.020409
1.549198	0.020534
1.553125	0.020659
1.557052	0.020787
1.560979	0.020915
1.564906	0.021046
1.568833	0.021178
1.572760	0.021311
1.576687	0.021447
1.580614	0.021584
1.584541	0.021722
1.588468	0.021863
1.592395	0.022005
1.596322	0.022148
1.600249	0.022294
1.604176	0.022442
1.608103	0.022591
1.612030	0.022742
1.615957	0.022896
1.619884	0.023051
1.623811	0.023208
1.627738	0.023368
1.631665	0.023529
1.635592	0.023693
1.639519	0.023859
1.643446	0.024027
1.647373	0.024197
1.651300	0.024369
1.655227	0.024544
1.659154	0.024722
1.663081	0.024901
1.667008	0.025084
1.670935	0.025269
1.674862	0.025456
1.678789	0.025646
1.682716	0.025839
1.686643	0.026034
1.690570	0.026232
1.694497	0.026434
1.698424	0.026638
1.702351	0.026845
1.706278	0.027055
1.710205	0.027268
1.714131	0.027484
1.718058	0.027704
1.721985	0.027927
1.725912	0.028153
1.729839	0.028383
1.733766	0.028616
1.737693	0.028853
1.741620	0.029093
1.745547	0.029337
1.749474	0.029586
1.753401	0.029838
1.757328	0.030094
1.761255	0.030354
1.765182	0.030618
1.769109	0.030887
1.773036	0.031160
1.776963	0.031438
1.780890	0.031720
1.784817	0.032007
1.788744	0.032299
1.792671	0.032596
1.796598	0.032898
1.800525	0.033205
1.804452	0.033517
1.808379	0.033835
1.812306	0.034159
1.816233	0.034488
1.820160	0.034823
1.824087	0.035164
1.828014	0.035512
1.831941	0.035866
1.835868	0.036226
1.839795	0.036593
1.843722	0.036967
1.847649	0.037348
1.851576	0.037736
1.855503	0.038132
1.859430	0.038536
1.863357	0.038947
1.867284	0.039367
1.871211	0.039794
1.875138	0.040231
1.879065	0.040676
1.882992	0.041131
1.886919	0.041594
1.890846	0.042068
1.894773	0.042551
1.898700	0.043045
1.902627	0.043549
1.906554	0.044064
1.910481	0.044590
1.914408	0.045128
1.918335	0.045678
1.922262	0.046240
1.926189	0.046815
1.930116	0.047403
1.934043	0.048005
1.937970	0.048620
1.941897	0.049250
1.945824	0.049896
1.949751	0.050556
1.953678	0.051233
1.957605	0.051926
1.961532	0.052637
1.965459	0.053365
1.969386	0.054112
1.973313	0.054878
1.977240	0.055664
1.981167	0.056471
1.985094	0.057299
1.989021	0.058149
1.992948	0.059023
1.996875	0.059920
2.000802	0.060842
2.004729	0.061790
2.008656	0.062766
2.012583	0.063769
2.016510	0.064802
2.020437	0.065865
2.024364	0.066960
2.028291	0.068089
2.032218	0.069252
2.036145	0.070451
2.040072	0.071688
2.043999	0.072965
2.047926	0.074283
2.051853	0.075644
2.055780	0.077051
2.059707	0.078505
2.063634	0.080010
2.067561	0.081566
2.071488	0.083178
2.075415	0.084847
2.079342	0.086578
2.083269	0.088372
2.087196	0.090233
2.091123	0.092166
2.095050	0.094173
2.098977	0.096260
2.102904	0.098430
2.106831	0.100688
2.110758	0.103040
2.114685	0.105490
2.118612	0.108046
2.122539	0.110713
2.126466	0.113498
2.130393	0.116409
2.134320	0.119454
2.138246	0.122641
2.142173	0.125981
2.146100	0.129483
2.150027	0.133159
2.153954	0.137020
2.157881	0.141081
2.161808	0.145355
2.165735	0.149858
2.169662	0.154609
2.173589	0.159625
2.177516	0.164928
2.181443	0.170540
2.185370	0.176487
2.189297	0.182797
2.193224	0.189500
2.197151	0.196629
2.201078	0.204224
2.205005	0.212324
2.208932	0.220976
2.212859	0.230232
2.216786	0.240147
2.220713	0.250786
2.224640	0.262219
2.228567	0.274523
2.232494	0.287787
2.236421	0.302107
2.240348	0.317590
2.244275	0.334357
2.248202	0.352540
2.252129	0.372282
2.256056	0.393743
2.259983	0.417094
2.263910	0.442518
2.267837	0.470209
2.271764	0.500362
2.275691	0.533173
2.279618	0.568822
2.283545	0.607459
2.287472	0.649186
2.291399	0.694024
2.295326	0.741883
2.299253	0.792525
2.303180	0.845524
2.307107	0.900238
2.311034	0.955796
2.314961	1.011112
2.318888	1.064938
2.322815	1.115955
2.326742	1.162886
2.330669	1.204632
2.334596	1.240368
2.338523	1.269622
2.342450	1.292278
2.346377	1.308547
2.350304	1.318893
2.354231	1.323950
2.358158	1.324438
2.362085	1.321092
2.366012	1.314620
2.369939	1.305664
2.373866	1.294789
2.377793	1.282476
2.381720	1.269129
2.385647	1.255078
2.389574	1.240589
2.393501	1.225874
2.397428	1.211100
2.401355	1.196397
2.405282	1.181865
2.409209	1.167577
2.413136	1.153589
2.417063	1.139942
2.420990	1.126663
2.424917	1.113771
2.428844	1.101276
2.432771	1.089184
2.436698	1.077495
2.440625	1.066207
2.444552	1.055315
2.448479	1.044811
2.452406	1.034688
2.456333	1.024936
2.460260	1.015544
2.464187	1.006502
2.468114	0.997799
2.472041	0.989423
2.475968	0.981362
2.479895	0.973603
2.483822	0.966134
2.487749	0.958939
2.491676	0.952004
2.495603	0.945313
2.499530	0.938845
2.503457	0.932579
2.507384	0.926490
2.511311	0.920550
2.515238	0.914721
2.519165	0.908963
2.523092	0.903225
2.527019	0.897446
2.530946	0.891553
2.534873	0.885460
2.538800	0.879065
2.542727	0.872252
2.546654	0.864888
2.550581	0.856835
2.554508	0.847946
2.558435	0.838088
2.562362	0.827151
2.566288	0.815072
2.570215	0.801858
2.574142	0.787605
2.578069	0.772510
2.581996	0.756873
2.585923	0.741084
2.589850	0.725591
2.593777	0.710868
2.597704	0.697378
2.601631	0.685545
2.605558	0.675738
2.609485	0.668260
2.613412	0.663353
2.617339	0.661210
2.621266	0.661983
2.625193	0.665795
2.629120	0.672755
2.633047	0.682958
2.636974	0.696494
2.640901	0.713441
2.644828	0.733864
2.648755	0.757802
2.652682	0.785251
2.656609	0.816144
2.660536	0.850327
2.664463	0.887534
2.668390	0.927367
2.672317	0.969283
2.676244	1.012594
2.680171	1.056485
2.684098	1.100048
2.688025	1.142329
2.691952	1.182369
2.695879	1.219248
2.699806	1.252109
2.703733	1.280192
2.707660	1.302858
2.711587	1.319636
2.715514	1.330284
2.719441	1.334845
2.723368	1.333690
2.727295	1.327512
2.731222	1.317270
2.735149	1.304071
2.739076	1.289033
2.743003	1.273154
2.746930	1.257210
2.750857	1.241712
2.754784	1.226912
2.758711	1.212857
2.762638	1.199463
2.766565	1.186585
2.770492	1.174083
2.774419	1.161853
2.778346	1.149849
2.782273	1.138074
2.786200	1.126572
2.790127	1.115409
2.794054	1.104660
2.797981	1.094396
2.801908	1.084683
2.805835	1.075572
2.809762	1.067102
2.813689	1.059300
2.817616	1.052180
2.821543	1.045752
2.825470	1.040016
2.829397	1.034969
2.833324	1.030605
2.837251	1.026916
2.841178	1.023895
2.845105	1.021535
2.849032	1.019829
2.852959	1.018774
2.856886	1.018368
2.860813	1.018612
2.864740	1.019510
2.868667	1.021070
2.872594	1.023303
2.876521	1.026224
2.880448	1.029852
2.884375	1.034211
2.888302	1.039329
2.892229	1.045238
2.896156	1.051976
2.900083	1.059586
2.904010	1.068116
2.907937	1.077620
2.911864	1.088154
2.915791	1.099781
2.919718	1.112568
2.923645	1.126584
2.927572	1.141896
2.931499	1.158574
2.935426	1.176680
2.939353	1.196270
2.943280	1.217385
2.947207	1.240048
2.951134	1.264255
2.955061	1.289967
2.958988	1.317099
2.962915	1.345506
2.966842	1.374967
2.970769	1.405171
2.974696	1.435706
2.978623	1.466070
2.982550	1.495701
2.986477	1.524046
2.990404	1.550659
2.994330	1.575303
2.998257	1.598021
3.002184	1.619158
3.006111	1.639283
3.010038	1.659059
3.013965	1.679056
3.017892	1.699568
3.021819	1.720479
3.025746	1.741189
3.029673	1.760628
3.033600	1.777346
3.037527	1.789659
3.041454	1.795838
3.045381	1.794293
3.049308	1.783744
3.053235	1.763348
3.057162	1.732793
3.061089	1.692334
3.065016	1.642783
3.068943	1.585443
3.072870	1.521986
3.076797	1.454300
3.080724	1.384312
3.084651	1.313837
3.088578	1.244453
3.092505	1.177441
3.096432	1.113757
3.100359	1.054053
3.104286	0.998721
3.108213	0.947939
3.112140	0.901730
3.116067	0.860006
3.119994	0.822606
3.123921	0.789331
3.127848	0.759963
3.131775	0.734286
3.135702	0.712092
3.139629	0.693191
3.143556	0.677417
3.147483	0.664627
3.151410	0.654706
3.155337	0.647564
3.159264	0.643138
3.163191	0.641389
3.167118	0.642301
3.171045	0.645880
3.174972	0.652148
3.178899	0.661140
3.182826	0.672896
3.186753	0.687453
3.190680	0.704832
3.194607	0.725025
3.198534	0.747973
3.202461	0.773548
3.206388	0.801533
3.210315	0.831604
3.214242	0.863326
3.218169	0.896161
3.222096	0.929508
3.226023	0.962754
3.229950	0.995351
3.233877	1.026897
3.237804	1.057185
3.241731	1.086232
3.245658	1.114239
3.249585	1.141526
3.253512	1.168424
3.257439	1.195178
3.261366	1.221875
3.265293	1.248416
3.269220	1.274531
3.273147	1.299839
3.277074	1.323920
3.281001	1.346387
3.284928	1.366938
3.288855	1.385372
3.292782	1.401584
3.296709	1.415531
3.300636	1.427190
3.304563	1.436513
3.308490	1.443387
3.312417	1.447605
3.316344	1.448846
3.320271	1.446677
3.324198	1.440564
3.328125	1.429917
3.332052	1.414150
3.335979	1.392768
3.339906	1.365458
3.343833	1.332184
3.347760	1.293241
3.351687	1.249279
3.355614	1.201261
3.359541	1.150373
3.363468	1.097911
3.367395	1.045155
3.371322	0.993268
3.375249	0.943223
3.379176	0.895778
3.383103	0.851470
3.387030	0.810640
3.390957	0.773469
3.394884	0.740008
3.398811	0.710216
3.402738	0.683987
3.406665	0.661166
3.410592	0.641569
3.414519	0.624986
3.418446	0.611184
3.422372	0.599912
3.426299	0.590900
3.430226	0.583861
3.434153	0.578503
3.438080	0.574544
3.442007	0.571733
3.445934	0.569882
3.449861	0.568884
3.453788	0.568735
3.457715	0.569535
3.461642	0.571475
3.465569	0.574804
3.469496	0.579789
3.473423	0.586663
3.477350	0.595560
3.481277	0.606440
3.485204	0.619005
3.489131	0.632651
3.493058	0.646506
3.496985	0.659607
3.500912	0.671190
3.504839	0.680924
3.508766	0.688925
3.512693	0.695514
3.516620	0.700873
3.520547	0.704826
3.524474	0.706841
3.528401	0.706199
3.532328	0.702237
3.536255	0.694565
3.540182	0.683194
3.544109	0.668539
3.548036	0.651295
3.551963	0.632271
3.555890	0.612248
3.559817	0.591899
3.563744	0.571775
3.567671	0.552326
3.571598	0.533922
3.575525	0.516873
3.579452	0.501430
3.583379	0.487783
3.587306	0.476057
3.591233	0.466312
3.595160	0.458554
3.599087	0.452749
3.603014	0.448834
3.606941	0.446739
3.610868	0.446395
3.614795	0.447745
3.618722	0.450751
3.622649	0.455401
3.626576	0.461714
3.630503	0.469738
3.634430	0.479549
3.638357	0.491237
3.642284	0.504886
3.646211	0.520555
3.650138	0.538238
3.654065	0.557836
3.657992	0.579121
3.661919	0.601710
3.665846	0.625057
3.669773	0.648465
3.673700	0.671133
3.677627	0.692230
3.681554	0.710980
3.685481	0.726746
3.689408	0.739087
3.693335	0.747790
3.697262	0.752873
3.701189	0.754570
3.705116	0.753296
3.709043	0.749603
3.712970	0.744102
3.716897	0.737388
3.720824	0.729956
3.724751	0.722149
3.728678	0.714128
3.732605	0.705882
3.736532	0.697252
3.740459	0.687975
3.744386	0.677746
3.748313	0.666296
3.752240	0.653467
3.756167	0.639277
3.760094	0.623934
3.764021	0.607811
3.767948	0.591392
3.771875	0.575198
3.775802	0.559727
3.779729	0.545416
3.783656	0.532618
3.787583	0.521605
3.791510	0.512570
3.795437	0.505644
3.799364	0.500904
3.803291	0.498389
3.807218	0.498109
3.811145	0.500056
3.815072	0.504218
3.818999	0.510583
3.822926	0.519151
3.826853	0.529938
3.830780	0.542972
3.834707	0.558297
3.838634	0.575959
3.842561	0.595999
3.846488	0.618437
3.850414	0.643252
3.854341	0.670362
3.858268	0.699607
3.862195	0.730725
3.866122	0.763341
3.870049	0.796956
3.873976	0.830944
3.877903	0.864574
3.881830	0.897040
3.885757	0.927516
3.889684	0.955219
3.893611	0.979472
3.897538	0.999742
3.901465	1.015669
3.905392	1.027050
3.909319	1.033808
3.913246	1.035939
3.917173	1.033453
3.921100	1.026332
3.925027	1.014533
3.928954	0.998013
3.932881	0.976804
3.936808	0.951084
3.940735	0.921234
3.944662	0.887862
3.948589	0.851765
3.952516	0.813869
3.956443	0.775136
3.960370	0.736481
3.964297	0.698703
3.968224	0.662441
3.972151	0.628168
3.976078	0.596191
3.980005	0.566675
3.983932	0.539670
3.987859	0.515136
3.991786	0.492971
3.995713	0.473035
3.999640	0.455164
4.003567	0.439192
4.007494	0.424962
4.011421	0.412332
4.015348	0.401185
4.019275	0.391430
4.023202	0.382999
4.027129	0.375845
4.031056	0.369942
4.034983	0.365274
4.038910	0.361838
4.042837	0.359635
4.046764	0.358670
4.050691	0.358945
4.054618	0.360460
4.058545	0.363206
4.062472	0.367161
4.066399	0.372295
4.070326	0.378565
4.074253	0.385914
4.078180	0.394279
4.082107	0.403596
4.086034	0.413801
4.089961	0.424842
4.093888	0.436675
4.097815	0.449266
4.101742	0.462587
4.105669	0.476614
4.109596	0.491326
4.113523	0.506711
4.117450	0.522782
4.121377	0.539583
4.125304	0.557205
4.129231	0.575780
4.133158	0.595462
4.137085	0.616397
4.141012	0.638669
4.144939	0.662249
4.148866	0.686945
4.152793	0.712361
4.156720	0.737882
4.160647	0.762676
4.164574	0.785737
4.168501	0.805941
4.172428	0.822139
4.176355	0.833262
4.180282	0.838428
4.184209	0.837054
4.188136	0.828935
4.192063	0.814288
4.195990	0.793733
4.199917	0.768226
4.203844	0.738936
4.207771	0.707118
4.211698	0.673982
4.215625	0.640605
4.219552	0.607875
4.223479	0.576472
4.227406	0.546878
4.231333	0.519403
4.235260	0.494220
4.239187	0.471399
4.243114	0.450937
4.247041	0.432780
4.250968	0.416850
4.254895	0.403052
4.258822	0.391290
4.262749	0.381473
4.266676	0.373515
4.270603	0.367346
4.274530	0.362907
4.278456	0.360152
4.282383	0.359048
4.286310	0.359569
4.290237	0.361702
4.294164	0.365432
4.298091	0.370744
4.302018	0.377613
4.305945	0.385995
4.309872	0.395818
4.313799	0.406968
4.317726	0.419284
4.321653	0.432541
4.325580	0.446456
4.329507	0.460681
4.333434	0.474818
4.337361	0.488430
4.341288	0.501067
4.345215	0.512289
4.349142	0.521699
4.353069	0.528966
4.356996	0.533858
4.360923	0.536258
4.364850	0.536181
4.368777	0.533770
4.372704	0.529286
4.376631	0.523078
4.380558	0.515553
4.384485	0.507133
4.388412	0.498220
4.392339	0.489171
4.396266	0.480277
4.400193	0.471764
4.404120	0.463796
4.408047	0.456489
4.411974	0.449924
4.415901	0.444152
4.419828	0.439214
4.423755	0.435141
4.427682	0.431965
4.431609	0.429721
4.435536	0.428454
4.439463	0.428216
4.443390	0.429071
4.447317	0.431093
4.451244	0.434361
4.455171	0.438957
4.459098	0.444951
4.463025	0.452389
4.466952	0.461275
4.470879	0.471555
4.474806	0.483099
4.478733	0.495697
4.482660	0.509053
4.486587	0.522798
4.490514	0.536519
4.494441	0.549788
4.498368	0.562208
4.502295	0.573451
4.506222	0.583290
4.510149	0.591608
4.514076	0.598400
4.518003	0.603745
4.521930	0.607788
4.525857	0.610709
4.529784	0.612698
4.533711	0.613944
4.537638	0.614617
4.541565	0.614865
4.545492	0.614815
4.549419	0.614569
4.553346	0.614209
4.557273	0.613800
4.561200	0.613393
4.565127	0.613028
4.569054	0.612742
4.572981	0.612572
4.576908	0.612558
4.580835	0.612748
4.584762	0.613194
4.588689	0.613953
4.592616	0.615076
4.596543	0.616600
4.600470	0.618537
4.604397	0.620869
4.608324	0.623543
4.612251	0.626486
4.616178	0.629618
4.620105	0.632866
4.624032	0.636185
4.627959	0.639554
4.631886	0.642979
4.635813	0.646482
4.639740	0.650090
4.643667	0.653830
4.647594	0.657725
4.651521	0.661786
4.655448	0.666016
4.659375	0.670408
4.663302	0.674944
4.667229	0.679592
4.671156	0.684311
4.675083	0.689039
4.679010	0.693700
4.682937	0.698193
4.686864	0.702394
4.690791	0.706148
4.694718	0.709268
4.698645	0.711532
4.702572	0.712681
4.706498	0.712424
4.710425	0.710447
4.714352	0.706428
4.718279	0.700059
4.722206	0.691084
4.726133	0.679332
4.730060	0.664759
4.733987	0.647472
4.737914	0.627745
4.741841	0.606002
4.745768	0.582788
4.749695	0.558710
4.753622	0.534383
4.757549	0.510381
4.761476	0.487194
4.765403	0.465216
4.769330	0.444735
4.773257	0.425948
4.777184	0.408973
4.781111	0.393864
4.785038	0.380634
4.788965	0.369268
4.792892	0.359732
4.796819	0.351987
4.800746	0.345989
4.804673	0.341699
4.808600	0.339082
4.812527	0.338105
4.816454	0.338739
4.820381	0.340952
4.824308	0.344704
4.828235	0.349942
4.832162	0.356590
4.836089	0.364539
4.840016	0.373639
4.843943	0.383686
4.847870	0.394415
4.851797	0.405494
4.855724	0.416527
4.859651	0.427060
4.863578	0.436593
4.867505	0.444609
4.871432	0.450607
4.875359	0.454140
4.879286	0.454863
4.883213	0.452571
4.887140	0.447237
4.891067	0.439013
4.894994	0.428222
4.898921	0.415318
4.902848	0.400839
4.906775	0.385345
4.910702	0.369375
4.914629	0.353403
4.918556	0.337821
4.922483	0.322926
4.926410	0.308932
4.930337	0.295977
4.934264	0.284135
4.938191	0.273436
4.942118	0.263879
4.946045	0.255438
4.949972	0.248076
4.953899	0.241750
4.957826	0.236414
4.961753	0.232025
4.965680	0.228540
4.969607	0.225923
4.973534	0.224142
4.977461	0.223170
4.981388	0.222981
4.985315	0.223557
4.989242	0.224882
4.993169	0.226946
4.997096	0.229740
5.001023	0.233264
5.004950	0.237519
5.008877	0.242512
5.012804	0.248248
5.016731	0.254727
5.020658	0.261938
5.024585	0.269856
5.028512	0.278426
5.032439	0.287572
5.036366	0.297184
5.040293	0.307131
5.044220	0.317259
5.048147	0.327408
5.052074	0.337411
5.056001	0.347098
5.059928	0.356294
5.063855	0.364806
5.067782	0.372425
5.071709	0.378932
5.075636	0.384123
5.079563	0.387846
5.083490	0.390041
5.087417	0.390762
5.091344	0.390194
5.095271	0.388634
5.099198	0.386461
5.103125	0.384103
5.107052	0.381988
5.110979	0.380521
5.114906	0.380059
5.118833	0.380897
5.122760	0.383270
5.126687	0.387352
5.130614	0.393260
5.134540	0.401055
5.138467	0.410741
5.142394	0.422258
5.146321	0.435476
5.150248	0.450179
5.154175	0.466059
5.158102	0.482707
5.162029	0.499615
5.165956	0.516183
5.169883	0.531745
5.173810	0.545602
5.177737	0.557061
5.181664	0.565488
5.185591	0.570371
5.189518	0.571402
5.193445	0.568579
5.197372	0.562331
5.201299	0.553614
5.205226	0.543937
5.209153	0.535223
5.213080	0.529481
5.217007	0.528350
5.220934	0.532672
5.224861	0.542259
5.228788	0.555943
5.232715	0.571870
5.236642	0.587926
5.240569	0.602187
5.244496	0.613263
5.248423	0.620464
5.252350	0.623771
5.256277	0.623651
5.260204	0.620806
5.264131	0.615972
5.268058	0.609843
5.271985	0.603114
5.275912	0.596586
5.279839	0.591243
5.283766	0.588210
5.287693	0.588572
5.291620	0.593015
5.295547	0.601342
5.299474	0.611967
5.303401	0.621636
5.307328	0.625833
5.311255	0.620225
5.315182	0.602741
5.319109	0.574704
5.323036	0.539897
5.326963	0.502517
5.330890	0.465748
5.334817	0.431450
5.338744	0.400475
5.342671	0.373073
5.346598	0.349189
5.350525	0.328616
5.354452	0.311068
5.358379	0.296203
5.362306	0.283639
5.366233	0.272979
5.370160	0.263849
5.374087	0.255929
5.378014	0.248985
5.381941	0.242872
5.385868	0.237516
5.389795	0.232888
5.393722	0.228972
5.397649	0.225752
5.401576	0.223208
5.405503	0.221326
5.409430	0.220102
5.413357	0.219546
5.417284	0.219681
5.421211	0.220541
5.425138	0.222163
5.429065	0.224588
5.432992	0.227855
5.436919	0.232008
5.440846	0.237089
5.444773	0.243142
5.448700	0.250207
5.452627	0.258321
5.456554	0.267510
5.460481	0.277785
5.464408	0.289124
5.468335	0.301473
5.472262	0.314720
5.476189	0.328690
5.480116	0.343130
5.484043	0.357701
5.487970	0.371985
5.491897	0.385491
5.495824	0.397683
5.499751	0.408016
5.503678	0.415976
5.507605	0.421126
5.511532	0.423154
5.515459	0.421920
5.519386	0.417495
5.523313	0.410175
5.527240	0.400467
5.531167	0.389030
5.535094	0.376579
5.539021	0.363798
5.542948	0.351268
5.546875	0.339435
5.550802	0.328610
5.554729	0.318992
5.558656	0.310695
5.562582	0.303769
5.566509	0.298221
5.570436	0.294025
5.574363	0.291135
5.578290	0.289492
5.582217	0.289033
5.586144	0.289705
5.590071	0.291467
5.593998	0.294300
5.597925	0.298212
5.601852	0.303231
5.605779	0.309409
5.609706	0.316806
5.613633	0.325488
5.617560	0.335509
5.621487	0.346911
5.625414	0.359705
5.629341	0.373870
5.633268	0.389342
5.637195	0.406019
5.641122	0.423762
5.645049	0.442411
5.648976	0.461799
5.652903	0.481777
5.656830	0.502218
5.660757	0.523027
5.664684	0.544124
5.668611	0.565428
5.672538	0.586841
5.676465	0.608224
5.680392	0.629368
5.684319	0.649962
5.688246	0.669550
5.692173	0.687524
5.696100	0.703150
5.700027	0.715643
5.703954	0.724260
5.707881	0.728387
5.711808	0.727607
5.715735	0.721748
5.719662	0.710914
5.723589	0.695486
5.727516	0.676105
5.731443	0.653608
5.735370	0.628949
5.739297	0.603110
5.743224	0.577018
5.747151	0.551480
5.751078	0.527146
5.755005	0.504492
5.758932	0.483827
5.762859	0.465316
5.766786	0.449011
5.770713	0.434888
5.774640	0.422875
5.778567	0.412882
5.782494	0.404808
5.786421	0.398549
5.790348	0.393989
5.794275	0.390989
5.798202	0.389372
5.802129	0.388910
5.806056	0.389320
5.809983	0.390256
5.813910	0.391328
5.817837	0.392119
5.821764	0.392218
5.825691	0.391262
5.829618	0.388967
5.833545	0.385165
5.837472	0.379808
5.841399	0.372973
5.845326	0.364839
5.849253	0.355663
5.853180	0.345752
5.857107	0.335431
5.861034	0.325016
5.864961	0.314800
5.868888	0.305030
5.872815	0.295910
5.876742	0.287593
5.880669	0.280189
5.884596	0.273774
5.888523	0.268393
5.892450	0.264072
5.896377	0.260819
5.900304	0.258626
5.904231	0.257476
5.908158	0.257336
5.912085	0.258166
5.916012	0.259918
5.919939	0.262548
5.923866	0.266020
5.927793	0.270313
5.931720	0.275426
5.935647	0.281367
5.939574	0.288139
5.943501	0.295718
5.947428	0.304035
5.951355	0.312964
5.955282	0.322318
5.959209	0.331863
5.963136	0.341330
5.967063	0.350443
5.970990	0.358949
5.974917	0.366648
5.978844	0.373430
5.982771	0.379294
5.986698	0.384358
5.990624	0.388847
5.994551	0.393070
5.998478	0.397377
6.002405	0.402127
6.006332	0.407641
6.010259	0.414187
6.014186	0.421955
6.018113	0.431060
6.022040	0.441542
6.025967	0.453387
6.029894	0.466526
6.033821	0.480852
6.037748	0.496207
6.041675	0.512363
6.045602	0.528989
6.049529	0.545624
6.053456	0.561668
6.057383	0.576421
6.061310	0.589179
6.065237	0.599364
6.069164	0.606677
6.073091	0.611197
6.077018	0.613407
6.080945	0.614120
6.084872	0.614312
6.088799	0.614889
6.092726	0.616436
6.096653	0.619014
6.100580	0.622105
6.104507	0.624751
6.108434	0.625848
6.112361	0.624482
6.116288	0.620163
6.120215	0.612895
6.124142	0.603108
6.128069	0.591511
6.131996	0.578929
6.135923	0.566165
6.139850	0.553894
6.143777	0.542607
6.147704	0.532581
6.151631	0.523882
6.155558	0.516396
6.159485	0.509878
6.163412	0.504015
6.167339	0.498483
6.171266	0.493013
6.175193	0.487424
6.179120	0.481656
6.183047	0.475771
6.186974	0.469938
6.190901	0.464409
6.194828	0.459487
6.198755	0.455486
6.202682	0.452714
6.206609	0.451449
6.210536	0.451933
6.214463	0.454364
6.218390	0.458898
6.222317	0.465637
6.226244	0.474633
6.230171	0.485876
6.234098	0.499297
6.238025	0.514757
6.241952	0.532058
6.245879	0.550941
6.249806	0.571103
6.253733	0.592224
6.257660	0.613993
6.261587	0.636129
6.265514	0.658384
6.269441	0.680514
6.273368	0.702232
6.277295	0.723142
6.281222	0.742703
6.285149	0.760234
6.289076	0.774977
6.293003	0.786203
6.296930	0.793344
6.300857	0.796113
6.304784	0.794592
6.308711	0.789262
6.312638	0.780968
6.316565	0.770809
6.320492	0.759978
6.324419	0.749573
6.328346	0.740429
6.332273	0.733007
6.336200	0.727355
6.340127	0.723150
6.344054	0.719818
6.347981	0.716685
6.351908	0.713132
6.355835	0.708701
6.359762	0.703130
6.363689	0.696350
6.367616	0.688432
6.371543	0.679546
6.375470	0.669900
6.379397	0.659686
6.383324	0.649011
6.387251	0.637840
6.391178	0.625967
6.395105	0.613041
6.399032	0.598654
6.402959	0.582455
6.406886	0.564267
6.410813	0.544139
6.414739	0.522343
6.418666	0.499321
6.422593	0.475599
6.426520	0.451715
6.430447	0.428152
6.434374	0.405301
6.438301	0.383452
6.442228	0.362793
6.446155	0.343432
6.450082	0.325408
6.454009	0.308716
6.457936	0.293318
6.461863	0.279156
6.465790	0.266158
6.469717	0.254245
6.473644	0.243337
6.477571	0.233356
6.481498	0.224228
6.485425	0.215890
6.489352	0.208287
6.493279	0.201373
6.497206	0.195112
6.501133	0.189473
6.505060	0.184431
6.508987	0.179965
6.512914	0.176056
6.516841	0.172690
6.520768	0.169852
6.524695	0.167534
6.528622	0.165729
6.532549	0.164433
6.536476	0.163648
6.540403	0.163378
6.544330	0.163632
6.548257	0.164425
6.552184	0.165776
6.556111	0.167710
6.560038	0.170257
6.563965	0.173453
6.567892	0.177340
6.571819	0.181965
6.575746	0.187382
6.579673	0.193648
6.583600	0.200824
6.587527	0.208971
6.591454	0.218148
6.595381	0.228404
6.599308	0.239775
6.603235	0.252266
6.607162	0.265846
6.611089	0.280424
6.615016	0.295835
6.618943	0.311815
6.622870	0.327990
6.626797	0.343870
6.630724	0.358853
6.634651	0.372256
6.638578	0.383372
6.642505	0.391539
6.646432	0.396219
6.650359	0.397074
6.654286	0.394015
6.658213	0.387208
6.662140	0.377058
6.666067	0.364142
6.669994	0.349138
6.673921	0.332743
6.677848	0.315611
6.681775	0.298307
6.685702	0.281281
6.689629	0.264867
6.693556	0.249292
6.697483	0.234693
6.701410	0.221133
6.705337	0.208623
6.709264	0.197135
6.713191	0.186614
6.717118	0.176990
6.721045	0.168187
6.724972	0.160126
6.728899	0.152736
6.732826	0.145952
6.736753	0.139716
6.740680	0.133983
6.744607	0.128714
6.748534	0.123878
6.752461	0.119450
6.756388	0.115410
6.760315	0.111740
6.764242	0.108426
6.768169	0.105455
6.772096	0.102815
6.776023	0.100496
6.779950	0.098490
6.783877	0.096789
6.787804	0.095388
6.791731	0.094283
6.795658	0.093473
6.799585	0.092957
6.803512	0.092739
6.807439	0.092824
6.811366	0.093221
6.815293	0.093939
6.819220	0.094992
6.823147	0.096393
6.827074	0.098160
6.831001	0.100309
6.834928	0.102857
6.838855	0.105818
6.842781	0.109205
6.846708	0.113023
6.850635	0.117269
6.854562	0.121927
6.858489	0.126966
6.862416	0.132336
6.866343	0.137966
6.870270	0.143760
6.874197	0.149596
6.878124	0.155326
6.882051	0.160774
6.885978	0.165737
6.889905	0.169995
6.893832	0.173321
6.897759	0.175502
6.901686	0.176360
6.905613	0.175785
6.909540	0.173746
6.913467	0.170303
6.917394	0.165601
6.921321	0.159845
6.925248	0.153282
6.929175	0.146169
6.933102	0.138751
6.937029	0.131246
6.940956	0.123830
6.944883	0.116639
6.948810	0.109771
6.952737	0.103286
6.956664	0.097218
6.960591	0.091577
6.964518	0.086361
6.968445	0.081552
6.972372	0.077131
6.976299	0.073070
6.980226	0.069342
6.984153	0.065921
6.988080	0.062779
6.992007	0.059891
6.995934	0.057233
6.999861	0.054785
7.003788	0.052526
7.007715	0.050439
7.011642	0.048506
7.015569	0.046714
7.019496	0.045050
7.023423	0.043502
7.027350	0.042058
7.031277	0.040711
7.035204	0.039451
7.039131	0.038272
7.043058	0.037165
7.046985	0.036125
7.050912	0.035147
7.054839	0.034225
7.058766	0.033356
7.062693	0.032534
7.066620	0.031757
7.070547	0.031021
7.074474	0.030323
7.078401	0.029660
7.082328	0.029030
7.086255	0.028430
7.090182	0.027858
7.094109	0.027311
7.098036	0.026789
7.101963	0.026288
7.105890	0.025807
7.109817	0.025345
7.113744	0.024901
7.117671	0.024472
7.121598	0.024059
7.125525	0.023661
7.129452	0.023277
7.133379	0.022906
7.137306	0.022548
7.141233	0.022202
7.145160	0.021869
7.149087	0.021547
7.153014	0.021237
7.156941	0.020937
7.160868	0.020647
7.164795	0.020368
7.168722	0.020097
7.172649	0.019836
7.176576	0.019584
7.180503	0.019339
7.184430	0.019103
7.188357	0.018875
7.192284	0.018654
7.196211	0.018441
7.200138	0.018235
7.204065	0.018035
7.207992	0.017843
7.211919	0.017657
7.215846	0.017478
7.219773	0.017306
7.223700	0.017140
7.227627	0.016981
7.231554	0.016828
7.235481	0.016681
7.239408	0.016541
7.243335	0.016407
7.247262	0.016279
7.251189	0.016157
7.255116	0.016040
7.259043	0.015928
7.262970	0.015820
7.266897	0.015714
7.270823	0.015610
7.274750	0.015506
7.278677	0.015401
7.282604	0.015293
7.286531	0.015181
7.290458	0.015065
7.294385	0.014943
7.298312	0.014816
7.302239	0.014683
7.306166	0.014545
7.310093	0.014403
7.314020	0.014258
7.317947	0.014111
7.321874	0.013963
7.325801	0.013815
7.329728	0.013669
7.333655	0.013526
7.337582	0.013385
7.341509	0.013248
7.345436	0.013114
7.349363	0.012985
7.353290	0.012859
7.357217	0.012738
7.361144	0.012620
7.365071	0.012505
7.368998	0.012394
7.372925	0.012286
7.376852	0.012182
7.380779	0.012080
7.384706	0.011981
7.388633	0.011884
7.392560	0.011790
7.396487	0.011698
7.400414	0.011608
7.404341	0.011520
7.408268	0.011434
7.412195	0.011350
7.416122	0.011267
7.420049	0.011186
7.423976	0.011107
7.427903	0.011029
7.431830	0.010953
7.435757	0.010878
7.439684	0.010804
7.443611	0.010732
7.447538	0.010661
7.451465	0.010591
7.455392	0.010523
7.459319	0.010455
7.463246	0.010389
7.467173	0.010323
7.471100	0.010259
7.475027	0.010196
7.478954	0.010133
7.482881	0.010072
7.486808	0.010011
7.490735	0.009951
7.494662	0.009892
7.498589	0.009833
7.502516	0.009775
7.506443	0.009718
7.510370	0.009661
7.514297	0.009605
7.518224	0.009550
7.522151	0.009495
7.526078	0.009441
7.530005	0.009388
7.533932	0.009335
7.537859	0.009283
7.541786	0.009231
7.545713	0.009180
7.549640	0.009130
7.553567	0.009080
7.557494	0.009030
7.561421	0.008981
7.565348	0.008932
7.569275	0.008884
7.573202	0.008836
7.577129	0.008789
7.581056	0.008742
7.584983	0.008696
7.588910	0.008651
7.592837	0.008606
7.596764	0.008562
7.600691	0.008518
7.604618	0.008475
7.608545	0.008432
7.612472	0.008391
7.616399	0.008349
7.620326	0.008309
7.624253	0.008268
7.628180	0.008229
7.632107	0.008190
7.636034	0.008152
7.639961	0.008114
7.643888	0.008077
7.647815	0.008040
7.651742	0.008004
7.655669	0.007969
7.659596	0.007934
7.663523	0.007900
7.667450	0.007867
7.671377	0.007834
7.675304	0.007801
7.679231	0.007768
7.683158	0.007736
7.687085	0.007703
7.691012	0.007671
7.694939	0.007638
7.698865	0.007604
7.702792	0.007571
7.706719	0.007536
7.710646	0.007501
7.714573	0.007466
7.718500	0.007431
7.722427	0.007395
7.726354	0.007360
7.730281	0.007325
7.734208	0.007290
7.738135	0.007256
7.742062	0.007222
7.745989	0.007189
7.749916	0.007156
7.753843	0.007123
7.757770	0.007091
7.761697	0.007060
7.765624	0.007029
7.769551	0.006999
7.773478	0.006969
7.777405	0.006939
7.781332	0.006910
7.785259	0.006881
7.789186	0.006853
7.793113	0.006825
7.797040	0.006798
7.800967	0.006771
7.804894	0.006744
7.808821	0.006718
7.812748	0.006692
7.816675	0.006667
7.820602	0.006642
7.824529	0.006617
7.828456	0.006593
7.832383	0.006569
7.836310	0.006546
7.840237	0.006523
7.844164	0.006500
7.848091	0.006478
7.852018	0.006456
7.855945	0.006435
7.859872	0.006414
7.863799	0.006394
7.867726	0.006374
7.871653	0.006355
7.875580	0.006336
7.879507	0.006318
7.883434	0.006301
7.887361	0.006284
7.891288	0.006267
7.895215	0.006251
7.899142	0.006235
7.903069	0.006219
7.906996	0.006202
7.910923	0.006185
7.914850	0.006167
7.918777	0.006148
7.922704	0.006127
7.926631	0.006106
7.930558	0.006082
7.934485	0.006058
7.938412	0.006032
7.942339	0.006006
7.946266	0.005980
7.950193	0.005953
7.954120	0.005926
7.958047	0.005900
7.961974	0.005874
7.965901	0.005849
7.969828	0.005825
7.973755	0.005801
7.977682	0.005778
7.981609	0.005755
7.985536	0.005733
7.989463	0.005712
7.993390	0.005691
7.997317	0.005671
8.001244	0.005652
8.005171	0.005633
8.009098	0.005615
8.013025	0.005597
8.016952	0.005580
8.020879	0.005563
8.024806	0.005547
8.028733	0.005531
8.032660	0.005516
8.036587	0.005501
8.040514	0.005487
8.044441	0.005473
8.048368	0.005460
8.052295	0.005447
8.056222	0.005435
8.060149	0.005423
8.064076	0.005412
8.068003	0.005402
8.071930	0.005393
8.075857	0.005385
8.079784	0.005378
8.083711	0.005372
8.087638	0.005367
8.091565	0.005363
8.095492	0.005360
8.099419	0.005358
8.103346	0.005357
8.107273	0.005357
8.111200	0.005357
8.115127	0.005356
8.119054	0.005355
8.122981	0.005352
8.126907	0.005346
8.130834	0.005338
8.134761	0.005327
8.138688	0.005311
8.142615	0.005292
8.146542	0.005270
8.150469	0.005244
8.154396	0.005217
8.158323	0.005187
8.162250	0.005157
8.166177	0.005126
8.170104	0.005096
8.174031	0.005066
8.177958	0.005037
8.181885	0.005009
8.185812	0.004982
8.189739	0.004957
8.193666	0.004932
8.197593	0.004909
8.201520	0.004887
8.205447	0.004866
8.209374	0.004846
8.213301	0.004827
8.217228	0.004809
8.221155	0.004791
8.225082	0.004775
8.229009	0.004759
8.232936	0.004744
8.236863	0.004730
8.240790	0.004716
8.244717	0.004703
8.248644	0.004691
8.252571	0.004680
8.256498	0.004670
8.260425	0.004660
8.264352	0.004651
8.268279	0.004643
8.272206	0.004636
8.276133	0.004630
8.280060	0.004625
8.283987	0.004620
8.287914	0.004617
8.291841	0.004615
8.295768	0.004614
8.299695	0.004615
8.303622	0.004616
8.307549	0.004618
8.311476	0.004621
8.315403	0.004624
8.319330	0.004628
8.323257	0.004632
8.327184	0.004635
8.331111	0.004638
8.335038	0.004639
8.338965	0.004637
8.342892	0.004633
8.346819	0.004626
8.350746	0.004615
8.354673	0.004600
8.358600	0.004582
8.362527	0.004561
8.366454	0.004537
8.370381	0.004511
8.374308	0.004483
8.378235	0.004455
8.382162	0.004427
8.386089	0.004399
8.390016	0.004372
8.393943	0.004345
8.397870	0.004320
8.401797	0.004296
8.405724	0.004272
8.409651	0.004250
8.413578	0.004230
8.417505	0.004210
8.421432	0.004191
8.425359	0.004173
8.429286	0.004156
8.433213	0.004140
8.437140	0.004125
8.441067	0.004110
8.444994	0.004097
8.448921	0.004083
8.452848	0.004071
8.456775	0.004059
8.460702	0.004047
8.464629	0.004036
8.468556	0.004025
8.472483	0.004014
8.476410	0.004003
8.480337	0.003993
8.484264	0.003982
8.488191	0.003972
8.492118	0.003961
8.496045	0.003951
8.499972	0.003941
8.503899	0.003931
8.507826	0.003921
8.511753	0.003911
8.515680	0.003902
8.519607	0.003894
8.523534	0.003886
8.527461	0.003878
8.531388	0.003871
8.535315	0.003865
8.539242	0.003859
8.543169	0.003854
8.547096	0.003849
8.551023	0.003846
8.554949	0.003843
8.558876	0.003840
8.562803	0.003839
8.566730	0.003837
8.570657	0.003836
8.574584	0.003835
8.578511	0.003834
8.582438	0.003832
8.586365	0.003830
8.590292	0.003826
8.594219	0.003820
8.598146	0.003813
8.602073	0.003804
8.606000	0.003792
8.609927	0.003780
8.613854	0.003765
8.617781	0.003750
8.621708	0.003734
8.625635	0.003718
8.629562	0.003701
8.633489	0.003685
8.637416	0.003669
8.641343	0.003653
8.645270	0.003638
8.649197	0.003623
8.653124	0.003609
8.657051	0.003595
8.660978	0.003582
8.664905	0.003570
8.668832	0.003558
8.672759	0.003547
8.676686	0.003536
8.680613	0.003526
8.684540	0.003516
8.688467	0.003507
8.692394	0.003498
8.696321	0.003490
8.700248	0.003482
8.704175	0.003475
8.708102	0.003468
8.712029	0.003461
8.715956	0.003454
8.719883	0.003448
8.723810	0.003442
8.727737	0.003435
8.731664	0.003429
8.735591	0.003423
8.739518	0.003416
8.743445	0.003409
8.747372	0.003402
8.751299	0.003395
8.755226	0.003387
8.759153	0.003380
8.763080	0.003372
8.767007	0.003364
8.770934	0.003357
8.774861	0.003349
8.778788	0.003341
8.782715	0.003334
8.786642	0.003326
8.790569	0.003319
8.794496	0.003312
8.798423	0.003306
8.802350	0.003299
8.806277	0.003293
8.810204	0.003288
8.814131	0.003283
8.818058	0.003278
8.821985	0.003274
8.825912	0.003270
8.829839	0.003266
8.833766	0.003262
8.837693	0.003258
8.841620	0.003253
8.845547	0.003249
8.849474	0.003244
8.853401	0.003239
8.857328	0.003233
8.861255	0.003228
8.865182	0.003222
8.869109	0.003216
8.873036	0.003210
8.876963	0.003204
8.880890	0.003198
8.884817	0.003193
8.888744	0.003187
8.892671	0.003182
8.896598	0.003177
8.900525	0.003173
8.904452	0.003168
8.908379	0.003164
8.912306	0.003160
8.916233	0.003157
8.920160	0.003153
8.924087	0.003150
8.928014	0.003146
8.931941	0.003143
8.935868	0.003139
8.939795	0.003134
8.943722	0.003130
8.947649	0.003124
8.951576	0.003119
8.955503	0.003112
8.959430	0.003106
8.963357	0.003099
8.967284	0.003092
8.971211	0.003086
8.975138	0.003080
8.979065	0.003074
8.982991	0.003070
8.986918	0.003065
8.990845	0.003062
8.994772	0.003059
8.998699	0.003057
9.002626	0.003056
9.006553	0.003055
9.010480	0.003055
9.014407	0.003055
9.018334	0.003056
9.022261	0.003056
9.026188	0.003057
9.030115	0.003057
9.034042	0.003057
9.037969	0.003055
9.041896	0.003052
9.045823	0.003047
9.049750	0.003041
9.053677	0.003032
9.057604	0.003022
9.061531	0.003010
9.065458	0.002997
9.069385	0.002983
9.073312	0.002969
9.077239	0.002954
9.081166	0.002940
9.085093	0.002926
9.089020	0.002912
9.092947	0.002899
9.096874	0.002887
9.100801	0.002875
9.104728	0.002864
9.108655	0.002854
9.112582	0.002844
9.116509	0.002835
9.120436	0.002827
9.124363	0.002819
9.128290	0.002811
9.132217	0.002804
9.136144	0.002798
9.140071	0.002792
9.143998	0.002787
9.147925	0.002781
9.151852	0.002777
9.155779	0.002773
9.159706	0.002769
9.163633	0.002766
9.167560	0.002763
9.171487	0.002761
9.175414	0.002759
9.179341	0.002758
9.183268	0.002757
9.187195	0.002757
9.191122	0.002757
9.195049	0.002759
9.198976	0.002760
9.202903	0.002763
9.206830	0.002766
9.210757	0.002770
9.214684	0.002774
9.218611	0.002779
9.222538	0.002784
9.226465	0.002789
9.230392	0.002794
9.234319	0.002799
9.238246	0.002804
9.242173	0.002808
9.246100	0.002811
9.250027	0.002813
9.253954	0.002815
9.257881	0.002815
9.261808	0.002815
9.265735	0.002813
9.269662	0.002811
9.273589	0.002807
9.277516	0.002804
9.281443	0.002799
9.285370	0.002795
9.289297	0.002790
9.293224	0.002785
9.297151	0.002780
9.301078	0.002775
9.305005	0.002770
9.308932	0.002765
9.312859	0.002760
9.316786	0.002754
9.320713	0.002748
9.324640	0.002742
9.328567	0.002734
9.332494	0.002726
9.336421	0.002717
9.340348	0.002707
9.344275	0.002696
9.348202	0.002684
9.352129	0.002671
9.356056	0.002657
9.359983	0.002643
9.363910	0.002629
9.367837	0.002615
9.371764	0.002602
9.375691	0.002588
9.379618	0.002576
9.383545	0.002564
9.387472	0.002552
9.391399	0.002542
9.395326	0.002532
9.399253	0.002523
9.403180	0.002514
9.407107	0.002506
9.411033	0.002498
9.414960	0.002491
9.418887	0.002484
9.422814	0.002478
9.426741	0.002473
9.430668	0.002468
9.434595	0.002463
9.438522	0.002458
9.442449	0.002454
9.446376	0.002451
9.450303	0.002447
9.454230	0.002445
9.458157	0.002442
9.462084	0.002440
9.466011	0.002438
9.469938	0.002437
9.473865	0.002436
9.477792	0.002436
9.481719	0.002436
9.485646	0.002437
9.489573	0.002438
9.493500	0.002440
9.497427	0.002442
9.501354	0.002446
9.505281	0.002449
9.509208	0.002454
9.513135	0.002459
9.517062	0.002465
9.520989	0.002471
9.524916	0.002479
9.528843	0.002486
9.532770	0.002495
9.536697	0.002503
9.540624	0.002513
9.544551	0.002522
9.548478	0.002533
9.552405	0.002544
9.556332	0.002555
9.560259	0.002568
9.564186	0.002581
9.568113	0.002595
9.572040	0.002609
9.575967	0.002623
9.579894	0.002637
9.583821	0.002650
9.587748	0.002663
9.591675	0.002674
9.595602	0.002683
9.599529	0.002690
9.603456	0.002695
9.607383	0.002698
9.611310	0.002698
9.615237	0.002695
9.619164	0.002689
9.623091	0.002680
9.627018	0.002668
9.630945	0.002653
9.634872	0.002636
9.638799	0.002615
9.642726	0.002593
9.646653	0.002570
9.650580	0.002547
9.654507	0.002523
9.658434	0.002500
9.662361	0.002478
9.666288	0.002457
9.670215	0.002438
9.674142	0.002419
9.678069	0.002403
9.681996	0.002388
9.685923	0.002374
9.689850	0.002361
9.693777	0.002350
9.697704	0.002340
9.701631	0.002332
9.705558	0.002324
9.709485	0.002317
9.713412	0.002312
9.717339	0.002307
9.721266	0.002304
9.725193	0.002301
9.729120	0.002300
9.733047	0.002299
9.736974	0.002300
9.740901	0.002301
9.744828	0.002304
9.748755	0.002307
9.752682	0.002312
9.756609	0.002318
9.760536	0.002326
9.764463	0.002335
9.768390	0.002345
9.772317	0.002357
9.776244	0.002371
9.780171	0.002387
9.784098	0.002405
9.788025	0.002425
9.791952	0.002447
9.795879	0.002470
9.799806	0.002496
9.803733	0.002524
9.807660	0.002552
9.811587	0.002582
9.815514	0.002611
9.819441	0.002641
