-9.819441	0.001127
-9.815514	0.001128
-9.811587	0.001129
-9.807660	0.001130
-9.803733	0.001131
-9.799806	0.001132
-9.795879	0.001133
-9.791952	0.001134
-9.788025	0.001135
-9.784098	0.001136
-9.780171	0.001137
-9.776244	0.001138
-9.772317	0.001139
-9.768390	0.001140
-9.764463	0.001141
-9.760536	0.001142
-9.756609	0.001143
-9.752682	0.001144
-9.748755	0.001145
-9.744828	0.001146
-9.740901	0.001147
-9.736974	0.001148
-9.733047	0.001150
-9.729120	0.001151
-9.725193	0.001152
-9.721266	0.001153
-9.717339	0.001154
-9.713412	0.001155
-9.709485	0.001156
-9.705558	0.001157
-9.701631	0.001158
-9.697704	0.001160
-9.693777	0.001161
-9.689850	0.001162
-9.685923	0.001163
-9.681996	0.001164
-9.678069	0.001166
-9.674142	0.001167
-9.670215	0.001168
-9.666288	0.001169
-9.662361	0.001170
-9.658434	0.001172
-9.654507	0.001173
-9.650580	0.001174
-9.646653	0.001175
-9.642726	0.001176
-9.638799	0.001177
-9.634872	0.001178
-9.630945	0.001179
-9.627018	0.001181
-9.623091	0.001182
-9.619164	0.001183
-9.615237	0.001184
-9.611310	0.001185
-9.607383	0.001186
-9.603456	0.001187
-9.599529	0.001188
-9.595602	0.001189
-9.591675	0.001190
-9.587748	0.001191
-9.583821	0.001192
-9.579894	0.001193
-9.575967	0.001194
-9.572040	0.001196
-9.568113	0.001197
-9.564186	0.001198
-9.560259	0.001199
-9.556332	0.001200
-9.552405	0.001201
-9.548478	0.001202
-9.544551	0.001204
-9.540624	0.001205
-9.536697	0.001206
-9.532770	0.001207
-9.528843	0.001208
-9.524916	0.001210
-9.520989	0.001211
-9.517062	0.001212
-9.513135	0.001213
-9.509208	0.001215
-9.505281	0.001216
-9.501354	0.001217
-9.497427	0.001219
-9.493500	0.001220
-9.489573	0.001221
-9.485646	0.001223
-9.481719	0.001224
-9.477792	0.001225
-9.473865	0.001227
-9.469938	0.001228
-9.466011	0.001229
-9.462084	0.001231
-9.458157	0.001232
-9.454230	0.001233
-9.450303	0.001234
-9.446376	0.001236
-9.442449	0.001237
-9.438522	0.001238
-9.434595	0.001239
-9.430668	0.001240
-9.426741	0.001241
-9.422814	0.001243
-9.418887	0.001244
-9.414960	0.001245
-9.411033	0.001246
-9.407107	0.001247
-9.403180	0.001248
-9.399253	0.001249
-9.395326	0.001250
-9.391399	0.001252
-9.387472	0.001253
-9.383545	0.001254
-9.379618	0.001255
-9.375691	0.001256
-9.371764	0.001258
-9.367837	0.001259
-9.363910	0.001260
-9.359983	0.001261
-9.356056	0.001263
-9.352129	0.001264
-9.348202	0.001265
-9.344275	0.001267
-9.340348	0.001268
-9.336421	0.001269
-9.332494	0.001271
-9.328567	0.001272
-9.324640	0.001274
-9.320713	0.001275
-9.316786	0.001277
-9.312859	0.001278
-9.308932	0.001280
-9.305005	0.001281
-9.301078	0.001283
-9.297151	0.001284
-9.293224	0.001286
-9.289297	0.001287
-9.285370	0.001289
-9.281443	0.001290
-9.277516	0.001292
-9.273589	0.001293
-9.269662	0.001295
-9.265735	0.001296
-9.261808	0.001297
-9.257881	0.001298
-9.253954	0.001300
-9.250027	0.001301
-9.246100	0.001302
-9.242173	0.001303
-9.238246	0.001304
-9.234319	0.001305
-9.230392	0.001306
-9.226465	0.001308
-9.222538	0.001309
-9.218611	0.001310
-9.214684	0.001311
-9.210757	0.001312
-9.206830	0.001313
-9.202903	0.001315
-9.198976	0.001316
-9.195049	0.001317
-9.191122	0.001319
-9.187195	0.001320
-9.183268	0.001321
-9.179341	0.001323
-9.175414	0.001324
-9.171487	0.001326
-9.167560	0.001327
-9.163633	0.001329
-9.159706	0.001330
-9.155779	0.001332
-9.151852	0.001333
-9.147925	0.001335
-9.143998	0.001337
-9.140071	0.001338
-9.136144	0.001340
-9.132217	0.001342
-9.128290	0.001344
-9.124363	0.001345
-9.120436	0.001347
-9.116509	0.001349
-9.112582	0.001351
-9.108655	0.001353
-9.104728	0.001354
-9.100801	0.001356
-9.096874	0.001358
-9.092947	0.001359
-9.089020	0.001361
-9.085093	0.001362
-9.081166	0.001364
-9.077239	0.001365
-9.073312	0.001367
-9.069385	0.001368
-9.065458	0.001369
-9.061531	0.001370
-9.057604	0.001371
-9.053677	0.001372
-9.049750	0.001374
-9.045823	0.001375
-9.041896	0.001376
-9.037969	0.001377
-9.034042	0.001378
-9.030115	0.001379
-9.026188	0.001381
-9.022261	0.001382
-9.018334	0.001383
-9.014407	0.001385
-9.010480	0.001386
-9.006553	0.001387
-9.002626	0.001389
-8.998699	0.001390
-8.994772	0.001392
-8.990845	0.001393
-8.986918	0.001395
-8.982991	0.001397
-8.979065	0.001398
-8.975138	0.001400
-8.971211	0.001402
-8.967284	0.001404
-8.963357	0.001406
-8.959430	0.001408
-8.955503	0.001410
-8.951576	0.001412
-8.947649	0.001414
-8.943722	0.001416
-8.939795	0.001419
-8.935868	0.001421
-8.931941	0.001423
-8.928014	0.001425
-8.924087	0.001427
-8.920160	0.001429
-8.916233	0.001431
-8.912306	0.001433
-8.908379	0.001435
-8.904452	0.001436
-8.900525	0.001438
-8.896598	0.001439
-8.892671	0.001440
-8.888744	0.001441
-8.884817	0.001442
-8.880890	0.001443
-8.876963	0.001444
-8.873036	0.001445
-8.869109	0.001446
-8.865182	0.001448
-8.861255	0.001449
-8.857328	0.001450
-8.853401	0.001451
-8.849474	0.001452
-8.845547	0.001453
-8.841620	0.001455
-8.837693	0.001456
-8.833766	0.001458
-8.829839	0.001459
-8.825912	0.001461
-8.821985	0.001462
-8.818058	0.001464
-8.814131	0.001466
-8.810204	0.001468
-8.806277	0.001470
-8.802350	0.001472
-8.798423	0.001474
-8.794496	0.001476
-8.790569	0.001478
-8.786642	0.001480
-8.782715	0.001483
-8.778788	0.001485
-8.774861	0.001488
-8.770934	0.001490
-8.767007	0.001493
-8.763080	0.001496
-8.759153	0.001498
-8.755226	0.001501
-8.751299	0.001504
-8.747372	0.001506
-8.743445	0.001509
-8.739518	0.001511
-8.735591	0.001513
-8.731664	0.001515
-8.727737	0.001517
-8.723810	0.001519
-8.719883	0.001520
-8.715956	0.001521
-8.712029	0.001522
-8.708102	0.001523
-8.704175	0.001524
-8.700248	0.001525
-8.696321	0.001526
-8.692394	0.001527
-8.688467	0.001528
-8.684540	0.001529
-8.680613	0.001530
-8.676686	0.001531
-8.672759	0.001533
-8.668832	0.001534
-8.664905	0.001535
-8.660978	0.001537
-8.657051	0.001538
-8.653124	0.001540
-8.649197	0.001541
-8.645270	0.001543
-8.641343	0.001545
-8.637416	0.001547
-8.633489	0.001549
-8.629562	0.001551
-8.625635	0.001553
-8.621708	0.001556
-8.617781	0.001558
-8.613854	0.001561
-8.609927	0.001564
-8.606000	0.001567
-8.602073	0.001570
-8.598146	0.001573
-8.594219	0.001576
-8.590292	0.001579
-8.586365	0.001582
-8.582438	0.001586
-8.578511	0.001589
-8.574584	0.001592
-8.570657	0.001595
-8.566730	0.001598
-8.562803	0.001601
-8.558876	0.001604
-8.554949	0.001606
-8.551023	0.001608
-8.547096	0.001610
-8.543169	0.001612
-8.539242	0.001613
-8.535315	0.001614
-8.531388	0.001615
-8.527461	0.001616
-8.523534	0.001617
-8.519607	0.001618
-8.515680	0.001619
-8.511753	0.001619
-8.507826	0.001620
-8.503899	0.001621
-8.499972	0.001622
-8.496045	0.001623
-8.492118	0.001624
-8.488191	0.001626
-8.484264	0.001627
-8.480337	0.001629
-8.476410	0.001630
-8.472483	0.001632
-8.468556	0.001634
-8.464629	0.001636
-8.460702	0.001638
-8.456775	0.001641
-8.452848	0.001643
-8.448921	0.001646
-8.444994	0.001649
-8.441067	0.001652
-8.437140	0.001655
-8.433213	0.001658
-8.429286	0.001662
-8.425359	0.001666
-8.421432	0.001670
-8.417505	0.001674
-8.413578	0.001678
-8.409651	0.001682
-8.405724	0.001687
-8.401797	0.001691
-8.397870	0.001696
-8.393943	0.001700
-8.390016	0.001704
-8.386089	0.001708
-8.382162	0.001711
-8.378235	0.001714
-8.374308	0.001717
-8.370381	0.001719
-8.366454	0.001721
-8.362527	0.001722
-8.358600	0.001723
-8.354673	0.001724
-8.350746	0.001724
-8.346819	0.001724
-8.342892	0.001725
-8.338965	0.001725
-8.335038	0.001725
-8.331111	0.001726
-8.327184	0.001726
-8.323257	0.001727
-8.319330	0.001727
-8.315403	0.001728
-8.311476	0.001729
-8.307549	0.001731
-8.303622	0.001732
-8.299695	0.001734
-8.295768	0.001736
-8.291841	0.001738
-8.287914	0.001741
-8.283987	0.001743
-8.280060	0.001746
-8.276133	0.001750
-8.272206	0.001753
-8.268279	0.001757
-8.264352	0.001761
-8.260425	0.001765
-8.256498	0.001770
-8.252571	0.001775
-8.248644	0.001780
-8.244717	0.001785
-8.240790	0.001791
-8.236863	0.001796
-8.232936	0.001802
-8.229009	0.001808
-8.225082	0.001814
-8.221155	0.001819
-8.217228	0.001824
-8.213301	0.001828
-8.209374	0.001832
-8.205447	0.001835
-8.201520	0.001837
-8.197593	0.001839
-8.193666	0.001840
-8.189739	0.001840
-8.185812	0.001840
-8.181885	0.001840
-8.177958	0.001840
-8.174031	0.001839
-8.170104	0.001839
-8.166177	0.001838
-8.162250	0.001838
-8.158323	0.001838
-8.154396	0.001838
-8.150469	0.001838
-8.146542	0.001839
-8.142615	0.001840
-8.138688	0.001841
-8.134761	0.001842
-8.130834	0.001844
-8.126907	0.001845
-8.122981	0.001847
-8.119054	0.001850
-8.115127	0.001852
-8.111200	0.001855
-8.107273	0.001859
-8.103346	0.001862
-8.099419	0.001866
-8.095492	0.001871
-8.091565	0.001876
-8.087638	0.001881
-8.083711	0.001886
-8.079784	0.001892
-8.075857	0.001898
-8.071930	0.001905
-8.068003	0.001911
-8.064076	0.001918
-8.060149	0.001925
-8.056222	0.001933
-8.052295	0.001940
-8.048368	0.001946
-8.044441	0.001953
-8.040514	0.001958
-8.036587	0.001963
-8.032660	0.001967
-8.028733	0.001970
-8.024806	0.001973
-8.020879	0.001975
-8.016952	0.001976
-8.013025	0.001976
-8.009098	0.001976
-8.005171	0.001976
-8.001244	0.001975
-7.997317	0.001974
-7.993390	0.001974
-7.989463	0.001973
-7.985536	0.001973
-7.981609	0.001972
-7.977682	0.001973
-7.973755	0.001973
-7.969828	0.001973
-7.965901	0.001974
-7.961974	0.001976
-7.958047	0.001977
-7.954120	0.001979
-7.950193	0.001981
-7.946266	0.001984
-7.942339	0.001987
-7.938412	0.001991
-7.934485	0.001995
-7.930558	0.001999
-7.926631	0.002004
-7.922704	0.002010
-7.918777	0.002015
-7.914850	0.002022
-7.910923	0.002029
-7.906996	0.002036
-7.903069	0.002044
-7.899142	0.002053
-7.895215	0.002062
-7.891288	0.002071
-7.887361	0.002080
-7.883434	0.002089
-7.879507	0.002098
-7.875580	0.002106
-7.871653	0.002114
-7.867726	0.002120
-7.863799	0.002126
-7.859872	0.002131
-7.855945	0.002134
-7.852018	0.002136
-7.848091	0.002138
-7.844164	0.002138
-7.840237	0.002137
-7.836310	0.002136
-7.832383	0.002135
-7.828456	0.002133
-7.824529	0.002131
-7.820602	0.002129
-7.816675	0.002128
-7.812748	0.002126
-7.808821	0.002125
-7.804894	0.002125
-7.800967	0.002124
-7.797040	0.002124
-7.793113	0.002125
-7.789186	0.002126
-7.785259	0.002127
-7.781332	0.002129
-7.777405	0.002132
-7.773478	0.002135
-7.769551	0.002139
-7.765624	0.002144
-7.761697	0.002149
-7.757770	0.002155
-7.753843	0.002161
-7.749916	0.002168
-7.745989	0.002176
-7.742062	0.002184
-7.738135	0.002193
-7.734208	0.002203
-7.730281	0.002213
-7.726354	0.002224
-7.722427	0.002235
-7.718500	0.002247
-7.714573	0.002258
-7.710646	0.002269
-7.706719	0.002280
-7.702792	0.002290
-7.698865	0.002299
-7.694939	0.002307
-7.691012	0.002313
-7.687085	0.002318
-7.683158	0.002322
-7.679231	0.002324
-7.675304	0.002324
-7.671377	0.002324
-7.667450	0.002322
-7.663523	0.002320
-7.659596	0.002317
-7.655669	0.002314
-7.651742	0.002311
-7.647815	0.002308
-7.643888	0.002306
-7.639961	0.002304
-7.636034	0.002302
-7.632107	0.002301
-7.628180	0.002300
-7.624253	0.002300
-7.620326	0.002301
-7.616399	0.002302
-7.612472	0.002304
-7.608545	0.002307
-7.604618	0.002311
-7.600691	0.002315
-7.596764	0.002320
-7.592837	0.002326
-7.588910	0.002333
-7.584983	0.002341
-7.581056	0.002349
-7.577129	0.002359
-7.573202	0.002369
-7.569275	0.002380
-7.565348	0.002392
-7.561421	0.002405
-7.557494	0.002418
-7.553567	0.002432
-7.549640	0.002446
-7.545713	0.002460
-7.541786	0.002475
-7.537859	0.002488
-7.533932	0.002501
-7.530005	0.002514
-7.526078	0.002524
-7.522151	0.002534
-7.518224	0.002541
-7.514297	0.002546
-7.510370	0.002550
-7.506443	0.002551
-7.502516	0.002550
-7.498589	0.002548
-7.494662	0.002544
-7.490735	0.002540
-7.486808	0.002535
-7.482881	0.002530
-7.478954	0.002525
-7.475027	0.002520
-7.471100	0.002517
-7.467173	0.002513
-7.463246	0.002511
-7.459319	0.002509
-7.455392	0.002508
-7.451465	0.002508
-7.447538	0.002509
-7.443611	0.002511
-7.439684	0.002515
-7.435757	0.002519
-7.431830	0.002524
-7.427903	0.002531
-7.423976	0.002538
-7.420049	0.002547
-7.416122	0.002557
-7.412195	0.002568
-7.408268	0.002580
-7.404341	0.002594
-7.400414	0.002609
-7.396487	0.002625
-7.392560	0.002642
-7.388633	0.002660
-7.384706	0.002679
-7.380779	0.002699
-7.376852	0.002718
-7.372925	0.002737
-7.368998	0.002755
-7.365071	0.002771
-7.361144	0.002785
-7.357217	0.002796
-7.353290	0.002805
-7.349363	0.002811
-7.345436	0.002814
-7.341509	0.002814
-7.337582	0.002813
-7.333655	0.002809
-7.329728	0.002804
-7.325801	0.002798
-7.321874	0.002792
-7.317947	0.002785
-7.314020	0.002779
-7.310093	0.002773
-7.306166	0.002768
-7.302239	0.002764
-7.298312	0.002760
-7.294385	0.002757
-7.290458	0.002755
-7.286531	0.002754
-7.282604	0.002754
-7.278677	0.002755
-7.274750	0.002757
-7.270823	0.002760
-7.266897	0.002765
-7.262970	0.002771
-7.259043	0.002778
-7.255116	0.002786
-7.251189	0.002797
-7.247262	0.002809
-7.243335	0.002822
-7.239408	0.002838
-7.235481	0.002856
-7.231554	0.002875
-7.227627	0.002897
-7.223700	0.002922
-7.219773	0.002948
-7.215846	0.002976
-7.211919	0.003006
-7.207992	0.003037
-7.204065	0.003069
-7.200138	0.003100
-7.196211	0.003130
-7.192284	0.003157
-7.188357	0.003181
-7.184430	0.003200
-7.180503	0.003214
-7.176576	0.003223
-7.172649	0.003225
-7.168722	0.003223
-7.164795	0.003216
-7.160868	0.003206
-7.156941	0.003194
-7.153014	0.003181
-7.149087	0.003167
-7.145160	0.003153
-7.141233	0.003140
-7.137306	0.003128
-7.133379	0.003118
-7.129452	0.003108
-7.125525	0.003101
-7.121598	0.003095
-7.117671	0.003091
-7.113744	0.003089
-7.109817	0.003089
-7.105890	0.003091
-7.101963	0.003095
-7.098036	0.003101
-7.094109	0.003109
-7.090182	0.003119
-7.086255	0.003132
-7.082328	0.003147
-7.078401	0.003164
-7.074474	0.003184
-7.070547	0.003207
-7.066620	0.003232
-7.062693	0.003260
-7.058766	0.003290
-7.054839	0.003321
-7.050912	0.003354
-7.046985	0.003388
-7.043058	0.003420
-7.039131	0.003451
-7.035204	0.003478
-7.031277	0.003502
-7.027350	0.003520
-7.023423	0.003533
-7.019496	0.003540
-7.015569	0.003541
-7.011642	0.003538
-7.007715	0.003530
-7.003788	0.003520
-6.999861	0.003507
-6.995934	0.003494
-6.992007	0.003480
-6.988080	0.003467
-6.984153	0.003455
-6.980226	0.003444
-6.976299	0.003435
-6.972372	0.003427
-6.968445	0.003421
-6.964518	0.003416
-6.960591	0.003412
-6.956664	0.003409
-6.952737	0.003408
-6.948810	0.003408
-6.944883	0.003409
-6.940956	0.003412
-6.937029	0.003417
-6.933102	0.003423
-6.929175	0.003432
-6.925248	0.003443
-6.921321	0.003457
-6.917394	0.003474
-6.913467	0.003494
-6.909540	0.003518
-6.905613	0.003544
-6.901686	0.003573
-6.897759	0.003606
-6.893832	0.003640
-6.889905	0.003677
-6.885978	0.003714
-6.882051	0.003751
-6.878124	0.003787
-6.874197	0.003821
-6.870270	0.003852
-6.866343	0.003878
-6.862416	0.003898
-6.858489	0.003914
-6.854562	0.003923
-6.850635	0.003926
-6.846708	0.003924
-6.842781	0.003918
-6.838855	0.003908
-6.834928	0.003896
-6.831001	0.003884
-6.827074	0.003871
-6.823147	0.003859
-6.819220	0.003849
-6.815293	0.003840
-6.811366	0.003833
-6.807439	0.003828
-6.803512	0.003824
-6.799585	0.003821
-6.795658	0.003820
-6.791731	0.003819
-6.787804	0.003820
-6.783877	0.003821
-6.779950	0.003824
-6.776023	0.003829
-6.772096	0.003836
-6.768169	0.003845
-6.764242	0.003856
-6.760315	0.003871
-6.756388	0.003890
-6.752461	0.003912
-6.748534	0.003938
-6.744607	0.003968
-6.740680	0.004003
-6.736753	0.004041
-6.732826	0.004084
-6.728899	0.004130
-6.724972	0.004179
-6.721045	0.004229
-6.717118	0.004281
-6.713191	0.004331
-6.709264	0.004380
-6.705337	0.004425
-6.701410	0.004466
-6.697483	0.004501
-6.693556	0.004529
-6.689629	0.004550
-6.685702	0.004564
-6.681775	0.004572
-6.677848	0.004574
-6.673921	0.004571
-6.669994	0.004566
-6.666067	0.004558
-6.662140	0.004549
-6.658213	0.004540
-6.654286	0.004532
-6.650359	0.004524
-6.646432	0.004516
-6.642505	0.004509
-6.638578	0.004502
-6.634651	0.004495
-6.630724	0.004489
-6.626797	0.004483
-6.622870	0.004478
-6.618943	0.004475
-6.615016	0.004474
-6.611089	0.004475
-6.607162	0.004479
-6.603235	0.004487
-6.599308	0.004500
-6.595381	0.004517
-6.591454	0.004540
-6.587527	0.004568
-6.583600	0.004602
-6.579673	0.004643
-6.575746	0.004689
-6.571819	0.004741
-6.567892	0.004797
-6.563965	0.004858
-6.560038	0.004921
-6.556111	0.004985
-6.552184	0.005050
-6.548257	0.005111
-6.544330	0.005170
-6.540403	0.005222
-6.536476	0.005269
-6.532549	0.005308
-6.528622	0.005340
-6.524695	0.005364
-6.520768	0.005381
-6.516841	0.005392
-6.512914	0.005397
-6.508987	0.005398
-6.505060	0.005396
-6.501133	0.005390
-6.497206	0.005383
-6.493279	0.005374
-6.489352	0.005363
-6.485425	0.005350
-6.481498	0.005336
-6.477571	0.005321
-6.473644	0.005306
-6.469717	0.005291
-6.465790	0.005277
-6.461863	0.005265
-6.457936	0.005256
-6.454009	0.005251
-6.450082	0.005250
-6.446155	0.005256
-6.442228	0.005268
-6.438301	0.005288
-6.434374	0.005315
-6.430447	0.005352
-6.426520	0.005398
-6.422593	0.005453
-6.418666	0.005518
-6.414739	0.005592
-6.410813	0.005675
-6.406886	0.005766
-6.402959	0.005863
-6.399032	0.005965
-6.395105	0.006070
-6.391178	0.006174
-6.387251	0.006273
-6.383324	0.006366
-6.379397	0.006448
-6.375470	0.006517
-6.371543	0.006572
-6.367616	0.006611
-6.363689	0.006637
-6.359762	0.006649
-6.355835	0.006651
-6.351908	0.006643
-6.347981	0.006629
-6.344054	0.006608
-6.340127	0.006583
-6.336200	0.006555
-6.332273	0.006523
-6.328346	0.006489
-6.324419	0.006454
-6.320492	0.006417
-6.316565	0.006382
-6.312638	0.006347
-6.308711	0.006316
-6.304784	0.006289
-6.300857	0.006267
-6.296930	0.006251
-6.293003	0.006243
-6.289076	0.006244
-6.285149	0.006255
-6.281222	0.006277
-6.277295	0.006311
-6.273368	0.006356
-6.269441	0.006414
-6.265514	0.006484
-6.261587	0.006566
-6.257660	0.006660
-6.253733	0.006764
-6.249806	0.006877
-6.245879	0.006997
-6.241952	0.007121
-6.238025	0.007245
-6.234098	0.007367
-6.230171	0.007483
-6.226244	0.007590
-6.222317	0.007686
-6.218390	0.007770
-6.214463	0.007841
-6.210536	0.007901
-6.206609	0.007951
-6.202682	0.007993
-6.198755	0.008028
-6.194828	0.008057
-6.190901	0.008079
-6.186974	0.008096
-6.183047	0.008107
-6.179120	0.008110
-6.175193	0.008106
-6.171266	0.008093
-6.167339	0.008072
-6.163412	0.008045
-6.159485	0.008011
-6.155558	0.007975
-6.151631	0.007937
-6.147704	0.007901
-6.143777	0.007870
-6.139850	0.007846
-6.135923	0.007833
-6.131996	0.007831
-6.128069	0.007844
-6.124142	0.007873
-6.120215	0.007919
-6.116288	0.007984
-6.112361	0.008069
-6.108434	0.008172
-6.104507	0.008296
-6.100580	0.008439
-6.096653	0.008599
-6.092726	0.008777
-6.088799	0.008968
-6.084872	0.009171
-6.080945	0.009382
-6.077018	0.009597
-6.073091	0.009810
-6.069164	0.010018
-6.065237	0.010216
-6.061310	0.010400
-6.057383	0.010565
-6.053456	0.010707
-6.049529	0.010823
-6.045602	0.010910
-6.041675	0.010964
-6.037748	0.010986
-6.033821	0.010974
-6.029894	0.010931
-6.025967	0.010861
-6.022040	0.010768
-6.018113	0.010658
-6.014186	0.010539
-6.010259	0.010415
-6.006332	0.010293
-6.002405	0.010176
-5.998478	0.010069
-5.994551	0.009974
-5.990624	0.009894
-5.986698	0.009831
-5.982771	0.009787
-5.978844	0.009764
-5.974917	0.009763
-5.970990	0.009787
-5.967063	0.009837
-5.963136	0.009914
-5.959209	0.010019
-5.955282	0.010153
-5.951355	0.010316
-5.947428	0.010507
-5.943501	0.010726
-5.939574	0.010971
-5.935647	0.011239
-5.931720	0.011527
-5.927793	0.011829
-5.923866	0.012141
-5.919939	0.012453
-5.916012	0.012757
-5.912085	0.013044
-5.908158	0.013301
-5.904231	0.013519
-5.900304	0.013687
-5.896377	0.013797
-5.892450	0.013845
-5.888523	0.013831
-5.884596	0.013760
-5.880669	0.013641
-5.876742	0.013484
-5.872815	0.013303
-5.868888	0.013109
-5.864961	0.012913
-5.861034	0.012722
-5.857107	0.012543
-5.853180	0.012379
-5.849253	0.012232
-5.845326	0.012104
-5.841399	0.011996
-5.837472	0.011910
-5.833545	0.011846
-5.829618	0.011807
-5.825691	0.011796
-5.821764	0.011813
-5.817837	0.011863
-5.813910	0.011946
-5.809983	0.012064
-5.806056	0.012219
-5.802129	0.012412
-5.798202	0.012641
-5.794275	0.012907
-5.790348	0.013208
-5.786421	0.013539
-5.782494	0.013895
-5.778567	0.014268
-5.774640	0.014648
-5.770713	0.015022
-5.766786	0.015376
-5.762859	0.015694
-5.758932	0.015961
-5.755005	0.016164
-5.751078	0.016295
-5.747151	0.016350
-5.743224	0.016330
-5.739297	0.016242
-5.735370	0.016099
-5.731443	0.015914
-5.727516	0.015701
-5.723589	0.015473
-5.719662	0.015242
-5.715735	0.015017
-5.711808	0.014804
-5.707881	0.014609
-5.703954	0.014433
-5.700027	0.014281
-5.696100	0.014155
-5.692173	0.014058
-5.688246	0.013993
-5.684319	0.013961
-5.680392	0.013967
-5.676465	0.014013
-5.672538	0.014101
-5.668611	0.014234
-5.664684	0.014413
-5.660757	0.014641
-5.656830	0.014920
-5.652903	0.015250
-5.648976	0.015633
-5.645049	0.016069
-5.641122	0.016558
-5.637195	0.017097
-5.633268	0.017683
-5.629341	0.018308
-5.625414	0.018963
-5.621487	0.019635
-5.617560	0.020307
-5.613633	0.020961
-5.609706	0.021575
-5.605779	0.022128
-5.601852	0.022599
-5.597925	0.022971
-5.593998	0.023232
-5.590071	0.023376
-5.586144	0.023405
-5.582217	0.023327
-5.578290	0.023154
-5.574363	0.022906
-5.570436	0.022600
-5.566509	0.022256
-5.562582	0.021891
-5.558656	0.021517
-5.554729	0.021145
-5.550802	0.020784
-5.546875	0.020440
-5.542948	0.020119
-5.539021	0.019828
-5.535094	0.019573
-5.531167	0.019361
-5.527240	0.019197
-5.523313	0.019089
-5.519386	0.019040
-5.515459	0.019054
-5.511532	0.019135
-5.507605	0.019283
-5.503678	0.019498
-5.499751	0.019779
-5.495824	0.020120
-5.491897	0.020515
-5.487970	0.020956
-5.484043	0.021428
-5.480116	0.021917
-5.476189	0.022403
-5.472262	0.022865
-5.468335	0.023283
-5.464408	0.023636
-5.460481	0.023911
-5.456554	0.024096
-5.452627	0.024189
-5.448700	0.024194
-5.444773	0.024120
-5.440846	0.023982
-5.436919	0.023795
-5.432992	0.023576
-5.429065	0.023340
-5.425138	0.023099
-5.421211	0.022862
-5.417284	0.022634
-5.413357	0.022417
-5.409430	0.022214
-5.405503	0.022027
-5.401576	0.021859
-5.397649	0.021716
-5.393722	0.021603
-5.389795	0.021528
-5.385868	0.021500
-5.381941	0.021527
-5.378014	0.021616
-5.374087	0.021774
-5.370160	0.022006
-5.366233	0.022318
-5.362306	0.022713
-5.358379	0.023193
-5.354452	0.023761
-5.350525	0.024414
-5.346598	0.025151
-5.342671	0.025966
-5.338744	0.026849
-5.334817	0.027786
-5.330890	0.028757
-5.326963	0.029739
-5.323036	0.030703
-5.319109	0.031618
-5.315182	0.032455
-5.311255	0.033185
-5.307328	0.033786
-5.303401	0.034246
-5.299474	0.034557
-5.295547	0.034723
-5.291620	0.034748
-5.287693	0.034645
-5.283766	0.034427
-5.279839	0.034108
-5.275912	0.033706
-5.271985	0.033241
-5.268058	0.032734
-5.264131	0.032209
-5.260204	0.031690
-5.256277	0.031203
-5.252350	0.030770
-5.248423	0.030410
-5.244496	0.030140
-5.240569	0.029973
-5.236642	0.029918
-5.232715	0.029980
-5.228788	0.030160
-5.224861	0.030458
-5.220934	0.030868
-5.217007	0.031381
-5.213080	0.031982
-5.209153	0.032652
-5.205226	0.033367
-5.201299	0.034096
-5.197372	0.034808
-5.193445	0.035467
-5.189518	0.036042
-5.185591	0.036504
-5.181664	0.036833
-5.177737	0.037016
-5.173810	0.037053
-5.169883	0.036950
-5.165956	0.036719
-5.162029	0.036381
-5.158102	0.035954
-5.154175	0.035459
-5.150248	0.034915
-5.146321	0.034337
-5.142394	0.033739
-5.138467	0.033134
-5.134540	0.032534
-5.130614	0.031953
-5.126687	0.031405
-5.122760	0.030903
-5.118833	0.030462
-5.114906	0.030095
-5.110979	0.029811
-5.107052	0.029621
-5.103125	0.029531
-5.099198	0.029548
-5.095271	0.029677
-5.091344	0.029920
-5.087417	0.030282
-5.083490	0.030764
-5.079563	0.031369
-5.075636	0.032096
-5.071709	0.032946
-5.067782	0.033914
-5.063855	0.034994
-5.059928	0.036175
-5.056001	0.037439
-5.052074	0.038765
-5.048147	0.040121
-5.044220	0.041473
-5.040293	0.042779
-5.036366	0.043995
-5.032439	0.045078
-5.028512	0.045986
-5.024585	0.046684
-5.020658	0.047148
-5.016731	0.047363
-5.012804	0.047329
-5.008877	0.047059
-5.004950	0.046578
-5.001023	0.045923
-4.997096	0.045139
-4.993169	0.044273
-4.989242	0.043374
-4.985315	0.042488
-4.981388	0.041656
-4.977461	0.040911
-4.973534	0.040280
-4.969607	0.039784
-4.965680	0.039439
-4.961753	0.039254
-4.957826	0.039237
-4.953899	0.039393
-4.949972	0.039726
-4.946045	0.040237
-4.942118	0.040927
-4.938191	0.041793
-4.934264	0.042830
-4.930337	0.044030
-4.926410	0.045378
-4.922483	0.046852
-4.918556	0.048424
-4.914629	0.050054
-4.910702	0.051694
-4.906775	0.053285
-4.902848	0.054763
-4.898921	0.056061
-4.894994	0.057114
-4.891067	0.057864
-4.887140	0.058270
-4.883213	0.058313
-4.879286	0.057994
-4.875359	0.057344
-4.871432	0.056413
-4.867505	0.055264
-4.863578	0.053971
-4.859651	0.052607
-4.855724	0.051238
-4.851797	0.049921
-4.847870	0.048701
-4.843943	0.047614
-4.840016	0.046684
-4.836089	0.045929
-4.832162	0.045359
-4.828235	0.044981
-4.824308	0.044799
-4.820381	0.044815
-4.816454	0.045032
-4.812527	0.045449
-4.808600	0.046067
-4.804673	0.046885
-4.800746	0.047902
-4.796819	0.049113
-4.792892	0.050512
-4.788965	0.052086
-4.785038	0.053819
-4.781111	0.055686
-4.777184	0.057657
-4.773257	0.059691
-4.769330	0.061742
-4.765403	0.063755
-4.761476	0.065670
-4.757549	0.067422
-4.753622	0.068944
-4.749695	0.070175
-4.745768	0.071058
-4.741841	0.071555
-4.737914	0.071647
-4.733987	0.071346
-4.730060	0.070687
-4.726133	0.069732
-4.722206	0.068561
-4.718279	0.067261
-4.714352	0.065920
-4.710425	0.064618
-4.706498	0.063424
-4.702572	0.062395
-4.698645	0.061573
-4.694718	0.060992
-4.690791	0.060675
-4.686864	0.060639
-4.682937	0.060896
-4.679010	0.061455
-4.675083	0.062320
-4.671156	0.063495
-4.667229	0.064979
-4.663302	0.066766
-4.659375	0.068844
-4.655448	0.071189
-4.651521	0.073765
-4.647594	0.076521
-4.643667	0.079383
-4.639740	0.082258
-4.635813	0.085033
-4.631886	0.087580
-4.627959	0.089767
-4.624032	0.091470
-4.620105	0.092586
-4.616178	0.093053
-4.612251	0.092850
-4.608324	0.092004
-4.604397	0.090583
-4.600470	0.088685
-4.596543	0.086429
-4.592616	0.083939
-4.588689	0.081333
-4.584762	0.078720
-4.580835	0.076191
-4.576908	0.073818
-4.572981	0.071658
-4.569054	0.069750
-4.565127	0.068122
-4.561200	0.066789
-4.557273	0.065762
-4.553346	0.065045
-4.549419	0.064639
-4.545492	0.064546
-4.541565	0.064761
-4.537638	0.065282
-4.533711	0.066104
-4.529784	0.067219
-4.525857	0.068613
-4.521930	0.070267
-4.518003	0.072151
-4.514076	0.074227
-4.510149	0.076438
-4.506222	0.078717
-4.502295	0.080978
-4.498368	0.083124
-4.494441	0.085053
-4.490514	0.086663
-4.486587	0.087862
-4.482660	0.088579
-4.478733	0.088777
-4.474806	0.088451
-4.470879	0.087635
-4.466952	0.086398
-4.463025	0.084832
-4.459098	0.083042
-4.455171	0.081138
-4.451244	0.079224
-4.447317	0.077387
-4.443390	0.075703
-4.439463	0.074227
-4.435536	0.073004
-4.431609	0.072061
-4.427682	0.071420
-4.423755	0.071092
-4.419828	0.071083
-4.415901	0.071396
-4.411974	0.072028
-4.408047	0.072972
-4.404120	0.074218
-4.400193	0.075747
-4.396266	0.077532
-4.392339	0.079537
-4.388412	0.081713
-4.384485	0.083997
-4.380558	0.086316
-4.376631	0.088582
-4.372704	0.090703
-4.368777	0.092584
-4.364850	0.094134
-4.360923	0.095277
-4.356996	0.095959
-4.353069	0.096153
-4.349142	0.095869
-4.345215	0.095147
-4.341288	0.094057
-4.337361	0.092686
-4.333434	0.091137
-4.329507	0.089510
-4.325580	0.087902
-4.321653	0.086398
-4.317726	0.085069
-4.313799	0.083974
-4.309872	0.083158
-4.305945	0.082653
-4.302018	0.082486
-4.298091	0.082677
-4.294164	0.083242
-4.290237	0.084195
-4.286310	0.085551
-4.282383	0.087322
-4.278456	0.089525
-4.274530	0.092173
-4.270603	0.095281
-4.266676	0.098863
-4.262749	0.102925
-4.258822	0.107468
-4.254895	0.112480
-4.250968	0.117931
-4.247041	0.123767
-4.243114	0.129903
-4.239187	0.136217
-4.235260	0.142544
-4.231333	0.148682
-4.227406	0.154396
-4.223479	0.159435
-4.219552	0.163557
-4.215625	0.166557
-4.211698	0.168295
-4.207771	0.168718
-4.203844	0.167868
-4.199917	0.165879
-4.195990	0.162953
-4.192063	0.159342
-4.188136	0.155308
-4.184209	0.151108
-4.180282	0.146969
-4.176355	0.143080
-4.172428	0.139587
-4.168501	0.136599
-4.164574	0.134188
-4.160647	0.132398
-4.156720	0.131246
-4.152793	0.130731
-4.148866	0.130836
-4.144939	0.131528
-4.141012	0.132760
-4.137085	0.134474
-4.133158	0.136599
-4.129231	0.139052
-4.125304	0.141737
-4.121377	0.144544
-4.117450	0.147343
-4.113523	0.149990
-4.109596	0.152328
-4.105669	0.154195
-4.101742	0.155445
-4.097815	0.155960
-4.093888	0.155675
-4.089961	0.154588
-4.086034	0.152764
-4.082107	0.150323
-4.078180	0.147432
-4.074253	0.144276
-4.070326	0.141045
-4.066399	0.137914
-4.062472	0.135036
-4.058545	0.132534
-4.054618	0.130504
-4.050691	0.129019
-4.046764	0.128127
-4.042837	0.127861
-4.038910	0.128240
-4.034983	0.129268
-4.031056	0.130937
-4.027129	0.133226
-4.023202	0.136096
-4.019275	0.139484
-4.015348	0.143302
-4.011421	0.147429
-4.007494	0.151708
-4.003567	0.155950
-3.999640	0.159940
-3.995713	0.163450
-3.991786	0.166261
-3.987859	0.168190
-3.983932	0.169110
-3.980005	0.168965
-3.976078	0.167778
-3.972151	0.165639
-3.968224	0.162690
-3.964297	0.159108
-3.960370	0.155078
-3.956443	0.150782
-3.952516	0.146393
-3.948589	0.142063
-3.944662	0.137923
-3.940735	0.134085
-3.936808	0.130637
-3.932881	0.127649
-3.928954	0.125169
-3.925027	0.123231
-3.921100	0.121850
-3.917173	0.121029
-3.913246	0.120756
-3.909319	0.121007
-3.905392	0.121738
-3.901465	0.122889
-3.897538	0.124379
-3.893611	0.126103
-3.889684	0.127931
-3.885757	0.129715
-3.881830	0.131296
-3.877903	0.132514
-3.873976	0.133227
-3.870049	0.133328
-3.866122	0.132754
-3.862195	0.131500
-3.858268	0.129616
-3.854341	0.127197
-3.850414	0.124373
-3.846488	0.121290
-3.842561	0.118094
-3.838634	0.114921
-3.834707	0.111885
-3.830780	0.109079
-3.826853	0.106574
-3.822926	0.104420
-3.818999	0.102651
-3.815072	0.101289
-3.811145	0.100349
-3.807218	0.099839
-3.803291	0.099766
-3.799364	0.100135
-3.795437	0.100950
-3.791510	0.102217
-3.787583	0.103940
-3.783656	0.106123
-3.779729	0.108767
-3.775802	0.111866
-3.771875	0.115408
-3.767948	0.119367
-3.764021	0.123700
-3.760094	0.128343
-3.756167	0.133205
-3.752240	0.138168
-3.748313	0.143086
-3.744386	0.147790
-3.740459	0.152096
-3.736532	0.155821
-3.732605	0.158795
-3.728678	0.160887
-3.724751	0.162016
-3.720824	0.162169
-3.716897	0.161402
-3.712970	0.159840
-3.709043	0.157659
-3.705116	0.155068
-3.701189	0.152286
-3.697262	0.149518
-3.693335	0.146946
-3.689408	0.144720
-3.685481	0.142952
-3.681554	0.141724
-3.677627	0.141088
-3.673700	0.141069
-3.669773	0.141668
-3.665846	0.142865
-3.661919	0.144612
-3.657992	0.146840
-3.654065	0.149451
-3.650138	0.152320
-3.646211	0.155299
-3.642284	0.158217
-3.638357	0.160894
-3.634430	0.163152
-3.630503	0.164830
-3.626576	0.165802
-3.622649	0.165991
-3.618722	0.165375
-3.614795	0.163992
-3.610868	0.161929
-3.606941	0.159318
-3.603014	0.156312
-3.599087	0.153074
-3.595160	0.149763
-3.591233	0.146524
-3.587306	0.143484
-3.583379	0.140747
-3.579452	0.138400
-3.575525	0.136509
-3.571598	0.135123
-3.567671	0.134276
-3.563744	0.133984
-3.559817	0.134252
-3.555890	0.135068
-3.551963	0.136402
-3.548036	0.138212
-3.544109	0.140434
-3.540182	0.142987
-3.536255	0.145768
-3.532328	0.148664
-3.528401	0.151546
-3.524474	0.154284
-3.520547	0.156755
-3.516620	0.158847
-3.512693	0.160472
-3.508766	0.161570
-3.504839	0.162110
-3.500912	0.162093
-3.496985	0.161547
-3.493058	0.160524
-3.489131	0.159096
-3.485204	0.157353
-3.481277	0.155399
-3.477350	0.153345
-3.473423	0.151310
-3.469496	0.149414
-3.465569	0.147768
-3.461642	0.146475
-3.457715	0.145621
-3.453788	0.145279
-3.449861	0.145503
-3.445934	0.146330
-3.442007	0.147782
-3.438080	0.149864
-3.434153	0.152563
-3.430226	0.155847
-3.426299	0.159662
-3.422372	0.163924
-3.418446	0.168526
-3.414519	0.173325
-3.410592	0.178153
-3.406665	0.182821
-3.402738	0.187124
-3.398811	0.190862
-3.394884	0.193852
-3.390957	0.195948
-3.387030	0.197058
-3.383103	0.197148
-3.379176	0.196253
-3.375249	0.194473
-3.371322	0.191959
-3.367395	0.188903
-3.363468	0.185519
-3.359541	0.182022
-3.355614	0.178616
-3.351687	0.175484
-3.347760	0.172776
-3.343833	0.170616
-3.339906	0.169092
-3.335979	0.168270
-3.332052	0.168187
-3.328125	0.168862
-3.324198	0.170290
-3.320271	0.172444
-3.316344	0.175274
-3.312417	0.178696
-3.308490	0.182598
-3.304563	0.186825
-3.300636	0.191186
-3.296709	0.195454
-3.292782	0.199379
-3.288855	0.202705
-3.284928	0.205202
-3.281001	0.206686
-3.277074	0.207051
-3.273147	0.206281
-3.269220	0.204451
-3.265293	0.201716
-3.261366	0.198288
-3.257439	0.194409
-3.253512	0.190325
-3.249585	0.186264
-3.245658	0.182425
-3.241731	0.178971
-3.237804	0.176029
-3.233877	0.173691
-3.229950	0.172024
-3.226023	0.171068
-3.222096	0.170845
-3.218169	0.171358
-3.214242	0.172595
-3.210315	0.174526
-3.206388	0.177103
-3.202461	0.180254
-3.198534	0.183884
-3.194607	0.187867
-3.190680	0.192054
-3.186753	0.196269
-3.182826	0.200327
-3.178899	0.204037
-3.174972	0.207228
-3.171045	0.209757
-3.167118	0.211528
-3.163191	0.212501
-3.159264	0.212694
-3.155337	0.212185
-3.151410	0.211101
-3.147483	0.209609
-3.143556	0.207901
-3.139629	0.206179
-3.135702	0.204637
-3.131775	0.203457
-3.127848	0.202795
-3.123921	0.202784
-3.119994	0.203531
-3.116067	0.205120
-3.112140	0.207619
-3.108213	0.211075
-3.104286	0.215523
-3.100359	0.220983
-3.096432	0.227455
-3.092505	0.234918
-3.088578	0.243320
-3.084651	0.252570
-3.080724	0.262529
-3.076797	0.273000
-3.072870	0.283723
-3.068943	0.294377
-3.065016	0.304594
-3.061089	0.313984
-3.057162	0.322178
-3.053235	0.328871
-3.049308	0.333870
-3.045381	0.337126
-3.041454	0.338741
-3.037527	0.338954
-3.033600	0.338102
-3.029673	0.336576
-3.025746	0.334783
-3.021819	0.333114
-3.017892	0.331918
-3.013965	0.331494
-3.010038	0.332077
-3.006111	0.333837
-3.002184	0.336869
-2.998257	0.341192
-2.994330	0.346745
-2.990404	0.353379
-2.986477	0.360862
-2.982550	0.368877
-2.978623	0.377032
-2.974696	0.384886
-2.970769	0.391980
-2.966842	0.397881
-2.962915	0.402227
-2.958988	0.404764
-2.955061	0.405359
-2.951134	0.403999
-2.947207	0.400765
-2.943280	0.395820
-2.939353	0.389385
-2.935426	0.381736
-2.931499	0.373196
-2.927572	0.364120
-2.923645	0.354875
-2.919718	0.345811
-2.915791	0.337238
-2.911864	0.329403
-2.907937	0.322477
-2.904010	0.316551
-2.900083	0.311640
-2.896156	0.307682
-2.892229	0.304553
-2.888302	0.302077
-2.884375	0.300042
-2.880448	0.298219
-2.876521	0.296384
-2.872594	0.294340
-2.868667	0.291933
-2.864740	0.289070
-2.860813	0.285725
-2.856886	0.281932
-2.852959	0.277777
-2.849032	0.273380
-2.845105	0.268876
-2.841178	0.264404
-2.837251	0.260098
-2.833324	0.256083
-2.829397	0.252474
-2.825470	0.249372
-2.821543	0.246870
-2.817616	0.245041
-2.813689	0.243941
-2.809762	0.243600
-2.805835	0.244019
-2.801908	0.245167
-2.797981	0.246981
-2.794054	0.249363
-2.790127	0.252185
-2.786200	0.255293
-2.782273	0.258523
-2.778346	0.261711
-2.774419	0.264708
-2.770492	0.267403
-2.766565	0.269728
-2.762638	0.271666
-2.758711	0.273242
-2.754784	0.274522
-2.750857	0.275593
-2.746930	0.276552
-2.743003	0.277505
-2.739076	0.278562
-2.735149	0.279838
-2.731222	0.281458
-2.727295	0.283556
-2.723368	0.286271
-2.719441	0.289741
-2.715514	0.294088
-2.711587	0.299411
-2.707660	0.305773
-2.703733	0.313192
-2.699806	0.321627
-2.695879	0.330975
-2.691952	0.341065
-2.688025	0.351651
-2.684098	0.362421
-2.680171	0.373001
-2.676244	0.382978
-2.672317	0.391921
-2.668390	0.399412
-2.664463	0.405081
-2.660536	0.408639
-2.656609	0.409910
-2.652682	0.408855
-2.648755	0.405588
-2.644828	0.400364
-2.640901	0.393563
-2.636974	0.385646
-2.633047	0.377111
-2.629120	0.368443
-2.625193	0.360082
-2.621266	0.352399
-2.617339	0.345687
-2.613412	0.340160
-2.609485	0.335958
-2.605558	0.333161
-2.601631	0.331789
-2.597704	0.331810
-2.593777	0.333139
-2.589850	0.335637
-2.585923	0.339110
-2.581996	0.343304
-2.578069	0.347912
-2.574142	0.352587
-2.570215	0.356965
-2.566288	0.360696
-2.562362	0.363484
-2.558435	0.365126
-2.554508	0.365533
-2.550581	0.364747
-2.546654	0.362923
-2.542727	0.360313
-2.538800	0.357227
-2.534873	0.353997
-2.530946	0.350947
-2.527019	0.348370
-2.523092	0.346510
-2.519165	0.345549
-2.515238	0.345610
-2.511311	0.346744
-2.507384	0.348940
-2.503457	0.352116
-2.499530	0.356127
-2.495603	0.360767
-2.491676	0.365787
-2.487749	0.370906
-2.483822	0.375846
-2.479895	0.380358
-2.475968	0.384255
-2.472041	0.387424
-2.468114	0.389840
-2.464187	0.391550
-2.460260	0.392660
-2.456333	0.393315
-2.452406	0.393684
-2.448479	0.393952
-2.444552	0.394321
-2.440625	0.395001
-2.436698	0.396203
-2.432771	0.398128
-2.428844	0.400949
-2.424917	0.404797
-2.420990	0.409752
-2.417063	0.415832
-2.413136	0.422998
-2.409209	0.431152
-2.405282	0.440148
-2.401355	0.449808
-2.397428	0.459932
-2.393501	0.470320
-2.389574	0.480784
-2.385647	0.491151
-2.381720	0.501269
-2.377793	0.511001
-2.373866	0.520215
-2.369939	0.528794
-2.366012	0.536650
-2.362085	0.543747
-2.358158	0.550134
-2.354231	0.555963
-2.350304	0.561485
-2.346377	0.567037
-2.342450	0.572997
-2.338523	0.579743
-2.334596	0.587604
-2.330669	0.596823
-2.326742	0.607527
-2.322815	0.619709
-2.318888	0.633224
-2.314961	0.647795
-2.311034	0.663035
-2.307107	0.678480
-2.303180	0.693622
-2.299253	0.707951
-2.295326	0.720988
-2.291399	0.732308
-2.287472	0.741576
-2.283545	0.748574
-2.279618	0.753245
-2.275691	0.755715
-2.271764	0.756299
-2.267837	0.755464
-2.263910	0.753757
-2.259983	0.751731
-2.256056	0.749854
-2.252129	0.748454
-2.248202	0.747679
-2.244275	0.747496
-2.240348	0.747716
-2.236421	0.748035
-2.232494	0.748095
-2.228567	0.747544
-2.224640	0.746089
-2.220713	0.743539
-2.216786	0.739832
-2.212859	0.735050
-2.208932	0.729418
-2.205005	0.723287
-2.201078	0.717106
-2.197151	0.711368
-2.193224	0.706566
-2.189297	0.703138
-2.185370	0.701431
-2.181443	0.701668
-2.177516	0.703932
-2.173589	0.708165
-2.169662	0.714165
-2.165735	0.721603
-2.161808	0.730052
-2.157881	0.739017
-2.153954	0.747985
-2.150027	0.756481
-2.146100	0.764118
-2.142173	0.770640
-2.138246	0.775949
-2.134320	0.780116
-2.130393	0.783371
-2.126466	0.786085
-2.122539	0.788738
-2.118612	0.791877
-2.114685	0.796074
-2.110758	0.801876
-2.106831	0.809764
-2.102904	0.820124
-2.098977	0.833223
-2.095050	0.849198
-2.091123	0.868057
-2.087196	0.889676
-2.083269	0.913802
-2.079342	0.940054
-2.075415	0.967924
-2.071488	0.996781
-2.067561	1.025891
-2.063634	1.054458
-2.059707	1.081686
-2.055780	1.106876
-2.051853	1.129508
-2.047926	1.149323
-2.043999	1.166359
-2.040072	1.180938
-2.036145	1.193607
-2.032218	1.205035
-2.028291	1.215886
-2.024364	1.226682
-2.020437	1.237684
-2.016510	1.248813
-2.012583	1.259627
-2.008656	1.269363
-2.004729	1.277049
-2.000802	1.281665
-1.996875	1.282326
-1.992948	1.278438
-1.989021	1.269800
-1.985094	1.256610
-1.981167	1.239416
-1.977240	1.219013
-1.973313	1.196330
-1.969386	1.172336
-1.965459	1.147952
-1.961532	1.124003
-1.957605	1.101172
-1.953678	1.079993
-1.949751	1.060850
-1.945824	1.043992
-1.941897	1.029545
-1.937970	1.017529
-1.934043	1.007882
-1.930116	1.000475
-1.926189	0.995134
-1.922262	0.991666
-1.918335	0.989872
-1.914408	0.989565
-1.910481	0.990576
-1.906554	0.992752
-1.902627	0.995944
-1.898700	0.999996
-1.894773	1.004719
-1.890846	1.009878
-1.886919	1.015195
-1.882992	1.020363
-1.879065	1.025076
-1.875138	1.029064
-1.871211	1.032132
-1.867284	1.034180
-1.863357	1.035219
-1.859430	1.035371
-1.855503	1.034864
-1.851576	1.034010
-1.847649	1.033204
-1.843722	1.032897
-1.839795	1.033588
-1.835868	1.035795
-1.831941	1.040023
-1.828014	1.046741
-1.824087	1.056343
-1.820160	1.069135
-1.816233	1.085325
-1.812306	1.105030
-1.808379	1.128301
-1.804452	1.155161
-1.800525	1.185641
-1.796598	1.219810
-1.792671	1.257772
-1.788744	1.299614
-1.784817	1.345315
-1.780890	1.394628
-1.776963	1.447002
-1.773036	1.501563
-1.769109	1.557197
-1.765182	1.612699
-1.761255	1.666932
-1.757328	1.718967
-1.753401	1.768162
-1.749474	1.814167
-1.745547	1.856880
-1.741620	1.896332
-1.737693	1.932574
-1.733766	1.965558
-1.729839	1.995082
-1.725912	2.020780
-1.721985	2.042169
-1.718058	2.058709
-1.714131	2.069871
-1.710205	2.075196
-1.706278	2.074364
-1.702351	2.067268
-1.698424	2.054091
-1.694497	2.035381
-1.690570	2.012092
-1.686643	1.985596
-1.682716	1.957629
-1.678789	1.930178
-1.674862	1.905308
-1.670935	1.884944
-1.667008	1.870662
-1.663081	1.863527
-1.659154	1.864022
-1.655227	1.872093
-1.651300	1.887277
-1.647373	1.908848
-1.643446	1.935911
-1.639519	1.967380
-1.635592	2.001873
-1.631665	2.037570
-1.627738	2.072143
-1.623811	2.102846
-1.619884	2.126801
-1.615957	2.141438
-1.612030	2.144974
-1.608103	2.136769
-1.604176	2.117434
-1.600249	2.088645
-1.596322	2.052752
-1.592395	2.012312
-1.588468	1.969681
-1.584541	1.926748
-1.580614	1.884812
-1.576687	1.844570
-1.572760	1.806166
-1.568833	1.769281
-1.564906	1.733245
-1.560979	1.697162
-1.557052	1.660073
-1.553125	1.621125
-1.549198	1.579735
-1.545271	1.535711
-1.541344	1.489299
-1.537417	1.441152
-1.533490	1.392222
-1.529563	1.343618
-1.525636	1.296467
-1.521709	1.251796
-1.517782	1.210471
-1.513855	1.173163
-1.509928	1.140355
-1.506001	1.112373
-1.502074	1.089408
-1.498147	1.071555
-1.494220	1.058835
-1.490293	1.051209
-1.486366	1.048592
-1.482439	1.050850
-1.478512	1.057794
-1.474585	1.069162
-1.470658	1.084611
-1.466731	1.103694
-1.462804	1.125852
-1.458877	1.150420
-1.454950	1.176644
-1.451023	1.203719
-1.447096	1.230843
-1.443169	1.257269
-1.439242	1.282361
-1.435315	1.305625
-1.431388	1.326724
-1.427461	1.345470
-1.423534	1.361812
-1.419607	1.375799
-1.415680	1.387560
-1.411753	1.397270
-1.407826	1.405125
-1.403899	1.411317
-1.399972	1.416016
-1.396045	1.419366
-1.392118	1.421484
-1.388191	1.422474
-1.384264	1.422437
-1.380337	1.421486
-1.376410	1.419749
-1.372483	1.417366
-1.368556	1.414486
-1.364629	1.411263
-1.360702	1.407843
-1.356775	1.404367
-1.352848	1.400956
-1.348921	1.397713
-1.344994	1.394714
-1.341067	1.391998
-1.337140	1.389567
-1.333213	1.387379
-1.329286	1.385355
-1.325359	1.383385
-1.321432	1.381345
-1.317505	1.379103
-1.313578	1.376536
-1.309651	1.373531
-1.305724	1.369990
-1.301797	1.365831
-1.297870	1.360986
-1.293943	1.355401
-1.290016	1.349040
-1.286089	1.341878
-1.282163	1.333905
-1.278236	1.325120
-1.274309	1.315526
-1.270382	1.305133
-1.266455	1.293948
-1.262528	1.281989
-1.258601	1.269284
-1.254674	1.255878
-1.250747	1.241841
-1.246820	1.227270
-1.242893	1.212299
-1.238966	1.197110
-1.235039	1.181940
-1.231112	1.167083
-1.227185	1.152876
-1.223258	1.139665
-1.219331	1.127769
-1.215404	1.117432
-1.211477	1.108797
-1.207550	1.101888
-1.203623	1.096621
-1.199696	1.092829
-1.195769	1.090294
-1.191842	1.088780
-1.187915	1.088059
-1.183988	1.087927
-1.180061	1.088216
-1.176134	1.088790
-1.172207	1.089546
-1.168280	1.090408
-1.164353	1.091320
-1.160426	1.092240
-1.156499	1.093138
-1.152572	1.093988
-1.148645	1.094771
-1.144718	1.095465
-1.140791	1.096048
-1.136864	1.096495
-1.132937	1.096774
-1.129010	1.096845
-1.125083	1.096658
-1.121156	1.096151
-1.117229	1.095246
-1.113302	1.093849
-1.109375	1.091846
-1.105448	1.089102
-1.101521	1.085463
-1.097594	1.080759
-1.093667	1.074814
-1.089740	1.067456
-1.085813	1.058538
-1.081886	1.047967
-1.077959	1.035732
-1.074032	1.021937
-1.070105	1.006822
-1.066178	0.990775
-1.062251	0.974321
-1.058324	0.958093
-1.054397	0.942786
-1.050470	0.929105
-1.046543	0.917722
-1.042616	0.909238
-1.038689	0.904164
-1.034762	0.902912
-1.030835	0.905796
-1.026908	0.913034
-1.022981	0.924751
-1.019054	0.940971
-1.015127	0.961604
-1.011200	0.986422
-1.007273	1.015028
-1.003346	1.046825
-0.999419	1.080987
-0.995492	1.116445
-0.991565	1.151906
-0.987638	1.185900
-0.983711	1.216881
-0.979784	1.243338
-0.975857	1.263935
-0.971930	1.277618
-0.968003	1.283690
-0.964076	1.281841
-0.960149	1.272134
-0.956222	1.254976
-0.952295	1.231082
-0.948368	1.201429
-0.944441	1.167204
-0.940514	1.129733
-0.936587	1.090393
-0.932660	1.050522
-0.928733	1.011338
-0.924806	0.973881
-0.920879	0.938983
-0.916952	0.907268
-0.913025	0.879171
-0.909098	0.854959
-0.905171	0.834768
-0.901244	0.818626
-0.897317	0.806478
-0.893390	0.798194
-0.889463	0.793581
-0.885536	0.792378
-0.881609	0.794261
-0.877682	0.798833
-0.873755	0.805637
-0.869828	0.814163
-0.865901	0.823873
-0.861974	0.834236
-0.858047	0.844755
-0.854121	0.855008
-0.850194	0.864669
-0.846267	0.873513
-0.842340	0.881415
-0.838413	0.888338
-0.834486	0.894305
-0.830559	0.899387
-0.826632	0.903674
-0.822705	0.907272
-0.818778	0.910281
-0.814851	0.912799
-0.810924	0.914911
-0.806997	0.916693
-0.803070	0.918209
-0.799143	0.919513
-0.795216	0.920648
-0.791289	0.921651
-0.787362	0.922554
-0.783435	0.923379
-0.779508	0.924148
-0.775581	0.924876
-0.771654	0.925577
-0.767727	0.926261
-0.763800	0.926937
-0.759873	0.927613
-0.755946	0.928293
-0.752019	0.928982
-0.748092	0.929683
-0.744165	0.930397
-0.740238	0.931127
-0.736311	0.931870
-0.732384	0.932627
-0.728457	0.933393
-0.724530	0.934164
-0.720603	0.934932
-0.716676	0.935689
-0.712749	0.936423
-0.708822	0.937116
-0.704895	0.937748
-0.700968	0.938292
-0.697041	0.938715
-0.693114	0.938976
-0.689187	0.939023
-0.685260	0.938795
-0.681333	0.938216
-0.677406	0.937199
-0.673479	0.935642
-0.669552	0.933433
-0.665625	0.930452
-0.661698	0.926579
-0.657771	0.921706
-0.653844	0.915755
-0.649917	0.908694
-0.645990	0.900559
-0.642063	0.891474
-0.638136	0.881655
-0.634209	0.871406
-0.630282	0.861092
-0.626355	0.851107
-0.622428	0.841827
-0.618501	0.833561
-0.614574	0.826528
-0.610647	0.820836
-0.606720	0.816488
-0.602793	0.813401
-0.598866	0.811433
-0.594939	0.810409
-0.591012	0.810149
-0.587085	0.810486
-0.583158	0.811271
-0.579231	0.812384
-0.575304	0.813728
-0.571377	0.815228
-0.567450	0.816829
-0.563523	0.818491
-0.559596	0.820183
-0.555669	0.821884
-0.551742	0.823579
-0.547815	0.825259
-0.543888	0.826916
-0.539961	0.828546
-0.536034	0.830147
-0.532107	0.831718
-0.528180	0.833259
-0.524253	0.834771
-0.520326	0.836254
-0.516399	0.837712
-0.512472	0.839145
-0.508545	0.840555
-0.504618	0.841946
-0.500691	0.843319
-0.496764	0.844676
-0.492837	0.846021
-0.488910	0.847355
-0.484983	0.848681
-0.481056	0.850001
-0.477129	0.851318
-0.473202	0.852634
-0.469275	0.853950
-0.465348	0.855270
-0.461421	0.856596
-0.457494	0.857930
-0.453567	0.859274
-0.449640	0.860631
-0.445713	0.862002
-0.441786	0.863390
-0.437859	0.864796
-0.433932	0.866225
-0.430005	0.867677
-0.426079	0.869154
-0.422152	0.870660
-0.418225	0.872197
-0.414298	0.873766
-0.410371	0.875371
-0.406444	0.877013
-0.402517	0.878696
-0.398590	0.880423
-0.394663	0.882195
-0.390736	0.884015
-0.386809	0.885888
-0.382882	0.887814
-0.378955	0.889799
-0.375028	0.891844
-0.371101	0.893954
-0.367174	0.896131
-0.363247	0.898379
-0.359320	0.900703
-0.355393	0.903105
-0.351466	0.905591
-0.347539	0.908164
-0.343612	0.910829
-0.339685	0.913590
-0.335758	0.916452
-0.331831	0.919419
-0.327904	0.922498
-0.323977	0.925693
-0.320050	0.929010
-0.316123	0.932453
-0.312196	0.936030
-0.308269	0.939744
-0.304342	0.943602
-0.300415	0.947609
-0.296488	0.951770
-0.292561	0.956090
-0.288634	0.960574
-0.284707	0.965225
-0.280780	0.970045
-0.276853	0.975035
-0.272926	0.980195
-0.268999	0.985521
-0.265072	0.991007
-0.261145	0.996642
-0.257218	1.002409
-0.253291	1.008286
-0.249364	1.014242
-0.245437	1.020233
-0.241510	1.026204
-0.237583	1.032082
-0.233656	1.037771
-0.229729	1.043151
-0.225802	1.048072
-0.221875	1.052346
-0.217948	1.055740
-0.214021	1.057977
-0.210094	1.058726
-0.206167	1.057606
-0.202240	1.054189
-0.198313	1.048018
-0.194386	1.038627
-0.190459	1.025583
-0.186532	1.008532
-0.182605	0.987259
-0.178678	0.961734
-0.174751	0.932156
-0.170824	0.898961
-0.166897	0.862798
-0.162970	0.824473
-0.159043	0.784867
-0.155116	0.744856
-0.151189	0.705234
-0.147262	0.666668
-0.143335	0.629673
-0.139408	0.594608
-0.135481	0.561695
-0.131554	0.531040
-0.127627	0.502657
-0.123700	0.476499
-0.119773	0.452471
-0.115846	0.430452
-0.111919	0.410309
-0.107992	0.391901
-0.104065	0.375089
-0.100138	0.359739
-0.096211	0.345727
-0.092284	0.332936
-0.088357	0.321258
-0.084430	0.310597
-0.080503	0.300865
-0.076576	0.291982
-0.072649	0.283877
-0.068722	0.276488
-0.064795	0.269756
-0.060868	0.263632
-0.056941	0.258071
-0.053014	0.253032
-0.049087	0.248481
-0.045160	0.244385
-0.041233	0.240718
-0.037306	0.237455
-0.033379	0.234575
-0.029452	0.232059
-0.025525	0.229893
-0.021598	0.228061
-0.017671	0.226554
-0.013744	0.225362
-0.009817	0.224478
-0.005890	0.223897
-0.001963	0.223614
0.001963	0.223629
0.005890	0.223942
0.009817	0.224555
0.013744	0.225470
0.017671	0.226694
0.021598	0.228234
0.025525	0.230099
0.029452	0.232301
0.033379	0.234854
0.037306	0.237772
0.041233	0.241076
0.045160	0.244787
0.049087	0.248928
0.053014	0.253529
0.056941	0.258620
0.060868	0.264238
0.064795	0.270423
0.068722	0.277221
0.072649	0.284682
0.076576	0.292865
0.080503	0.301834
0.084430	0.311660
0.088357	0.322423
0.092284	0.334213
0.096211	0.347128
0.100138	0.361275
0.104065	0.376773
0.107992	0.393747
0.111919	0.412332
0.115846	0.432666
0.119773	0.454890
0.123700	0.479138
0.127627	0.505527
0.131554	0.534146
0.135481	0.565040
0.139408	0.598184
0.143335	0.633460
0.147262	0.670634
0.151189	0.709328
0.155116	0.749012
0.159043	0.789003
0.162970	0.828495
0.166897	0.866608
0.170824	0.902465
0.174751	0.935276
0.178678	0.964412
0.182605	0.989463
0.186532	1.010257
0.190459	1.026846
0.194386	1.039463
0.198313	1.048473
0.202240	1.054317
0.206167	1.057458
0.210094	1.058352
0.214021	1.057423
0.217948	1.055045
0.221875	1.051544
0.225802	1.047192
0.229729	1.042215
0.233656	1.036797
0.237583	1.031086
0.241510	1.025198
0.245437	1.019225
0.249364	1.013239
0.253291	1.007293
0.257218	1.001430
0.261145	0.995680
0.265072	0.990064
0.268999	0.984599
0.272926	0.979294
0.276853	0.974156
0.280780	0.969187
0.284707	0.964388
0.288634	0.959759
0.292561	0.955296
0.296488	0.950996
0.300415	0.946854
0.304342	0.942866
0.308269	0.939026
0.312196	0.935329
0.316123	0.931770
0.320050	0.928342
0.323977	0.925041
0.327904	0.921861
0.331831	0.918796
0.335758	0.915841
0.339685	0.912992
0.343612	0.910243
0.347539	0.907591
0.351466	0.905029
0.355393	0.902554
0.359320	0.900161
0.363247	0.897847
0.367174	0.895608
0.371101	0.893440
0.375028	0.891339
0.378955	0.889301
0.382882	0.887325
0.386809	0.885405
0.390736	0.883540
0.394663	0.881727
0.398590	0.879961
0.402517	0.878241
0.406444	0.876564
0.410371	0.874928
0.414298	0.873329
0.418225	0.871765
0.422152	0.870234
0.426079	0.868734
0.430005	0.867261
0.433932	0.865815
0.437859	0.864391
0.441786	0.862990
0.445713	0.861607
0.449640	0.860241
0.453567	0.858890
0.457494	0.857551
0.461421	0.856223
0.465348	0.854903
0.469275	0.853589
0.473202	0.852278
0.477129	0.850969
0.481056	0.849659
0.484983	0.848346
0.488910	0.847027
0.492837	0.845701
0.496764	0.844364
0.500691	0.843016
0.504618	0.841652
0.508545	0.840271
0.512472	0.838871
0.516399	0.837449
0.520326	0.836004
0.524253	0.834533
0.528180	0.833034
0.532107	0.831507
0.536034	0.829950
0.539961	0.828363
0.543888	0.826747
0.547815	0.825104
0.551742	0.823437
0.555669	0.821752
0.559596	0.820058
0.563523	0.818368
0.567450	0.816701
0.571377	0.815084
0.575304	0.813552
0.579231	0.812157
0.583158	0.810965
0.587085	0.810065
0.591012	0.809569
0.594939	0.809616
0.598866	0.810368
0.602793	0.812005
0.606720	0.814707
0.610647	0.818634
0.614574	0.823896
0.618501	0.830526
0.622428	0.838459
0.626355	0.847515
0.630282	0.857414
0.634209	0.867798
0.638136	0.878269
0.642063	0.888440
0.645990	0.897973
0.649917	0.906613
0.653844	0.914198
0.657771	0.920657
0.661698	0.925996
0.665625	0.930281
0.669552	0.933612
0.673479	0.936108
0.677406	0.937892
0.681333	0.939083
0.685260	0.939789
0.689187	0.940104
0.693114	0.940111
0.697041	0.939878
0.700968	0.939461
0.704895	0.938905
0.708822	0.938248
0.712749	0.937520
0.716676	0.936742
0.720603	0.935935
0.724530	0.935110
0.728457	0.934280
0.732384	0.933450
0.736311	0.932628
0.740238	0.931816
0.744165	0.931016
0.748092	0.930228
0.752019	0.929452
0.755946	0.928684
0.759873	0.927922
0.763800	0.927159
0.767727	0.926391
0.771654	0.925609
0.775581	0.924801
0.779508	0.923957
0.783435	0.923059
0.787362	0.922089
0.791289	0.921024
0.795216	0.919833
0.799143	0.918483
0.803070	0.916929
0.806997	0.915120
0.810924	0.912995
0.814851	0.910479
0.818778	0.907490
0.822705	0.903931
0.826632	0.899702
0.830559	0.894698
0.834486	0.888823
0.838413	0.882001
0.842340	0.874195
0.846267	0.865429
0.850194	0.855808
0.854121	0.845531
0.858047	0.834905
0.861974	0.824332
0.865901	0.814293
0.869828	0.805314
0.873755	0.797935
0.877682	0.792671
0.881609	0.789992
0.885536	0.790308
0.889463	0.793961
0.893390	0.801230
0.897317	0.812328
0.901244	0.827408
0.905171	0.846558
0.909098	0.869786
0.913025	0.897008
0.916952	0.928013
0.920879	0.962435
0.924806	0.999718
0.928733	1.039089
0.932660	1.079546
0.936587	1.119872
0.940514	1.158686
0.944441	1.194526
0.948368	1.225957
0.952295	1.251689
0.956222	1.270679
0.960149	1.282197
0.964076	1.285867
0.968003	1.281668
0.971930	1.269927
0.975857	1.251293
0.979784	1.226710
0.983711	1.197363
0.987638	1.164608
0.991565	1.129875
0.995492	1.094573
0.999419	1.059999
1.003346	1.027271
1.007273	0.997298
1.011200	0.970772
1.015127	0.948182
1.019054	0.929843
1.022981	0.915921
1.026908	0.906457
1.030835	0.901389
1.034762	0.900557
1.038689	0.903706
1.042616	0.910486
1.046543	0.920446
1.050470	0.933037
1.054397	0.947626
1.058324	0.963526
1.062251	0.980029
1.066178	0.996461
1.070105	1.012234
1.074032	1.026877
1.077959	1.040067
1.081886	1.051625
1.085813	1.061501
1.089740	1.069744
1.093667	1.076475
1.097594	1.081856
1.101521	1.086062
1.105448	1.089269
1.109375	1.091642
1.113302	1.093326
1.117229	1.094448
1.121156	1.095113
1.125083	1.095409
1.129010	1.095405
1.132937	1.095159
1.136864	1.094715
1.140791	1.094109
1.144718	1.093371
1.148645	1.092524
1.152572	1.091589
1.156499	1.090588
1.160426	1.089545
1.164353	1.088489
1.168280	1.087458
1.172207	1.086506
1.176134	1.085708
1.180061	1.085164
1.183988	1.085006
1.187915	1.085405
1.191842	1.086570
1.195769	1.088739
1.199696	1.092166
1.203623	1.097095
1.207550	1.103724
1.211477	1.112170
1.215404	1.122438
1.219331	1.134402
1.223258	1.147812
1.227185	1.162322
1.231112	1.177534
1.235039	1.193048
1.238966	1.208510
1.242893	1.223632
1.246820	1.238206
1.250747	1.252097
1.254674	1.265223
1.258601	1.277548
1.262528	1.289062
1.266455	1.299775
1.270382	1.309707
1.274309	1.318882
1.278236	1.327319
1.282163	1.335032
1.286089	1.342034
1.290016	1.348334
1.293943	1.353952
1.297870	1.358914
1.301797	1.363261
1.305724	1.367046
1.309651	1.370335
1.313578	1.373209
1.317505	1.375760
1.321432	1.378091
1.325359	1.380312
1.329286	1.382534
1.333213	1.384859
1.337140	1.387368
1.341067	1.390113
1.344994	1.393110
1.348921	1.396342
1.352848	1.399759
1.356775	1.403282
1.360702	1.406812
1.364629	1.410233
1.368556	1.413413
1.372483	1.416212
1.376410	1.418480
1.380337	1.420066
1.384264	1.420823
1.388191	1.420613
1.392118	1.419314
1.396045	1.416810
1.399972	1.412992
1.403899	1.407735
1.407826	1.400891
1.411753	1.392278
1.415680	1.381687
1.419607	1.368907
1.423534	1.353750
1.427461	1.336097
1.431388	1.315932
1.435315	1.293376
1.439242	1.268716
1.443169	1.242404
1.447096	1.215054
1.451023	1.187403
1.454950	1.160265
1.458877	1.134470
1.462804	1.110808
1.466731	1.089988
1.470658	1.072609
1.474585	1.059159
1.478512	1.050015
1.482439	1.045466
1.486366	1.045725
1.490293	1.050950
1.494220	1.061254
1.498147	1.076711
1.502074	1.097355
1.506001	1.123163
1.509928	1.154037
1.513855	1.189771
1.517782	1.230014
1.521709	1.274236
1.525636	1.321699
1.529563	1.371454
1.533490	1.422369
1.537417	1.473205
1.541344	1.522738
1.545271	1.569913
1.549198	1.613997
1.553125	1.654689
1.557052	1.692161
1.560979	1.727006
1.564906	1.760119
1.568833	1.792524
1.572760	1.825199
1.576687	1.858911
1.580614	1.894082
1.584541	1.930680
1.588468	1.968143
1.592395	2.005346
1.596322	2.040628
1.600249	2.071911
1.604176	2.096939
1.608103	2.113624
1.612030	2.120438
1.615957	2.116750
1.619884	2.102995
1.623811	2.080626
1.627738	2.051872
1.631665	2.019397
1.635592	1.985942
1.639519	1.954021
1.643446	1.925724
1.647373	1.902622
1.651300	1.885776
1.655227	1.875805
1.659154	1.872973
1.663081	1.877248
1.667008	1.888297
1.670935	1.905450
1.674862	1.927655
1.678789	1.953477
1.682716	1.981162
1.686643	2.008761
1.690570	2.034303
1.694497	2.055968
1.698424	2.072260
1.702351	2.082119
1.706278	2.084988
1.710205	2.080804
1.714131	2.069925
1.718058	2.052999
1.721985	2.030812
1.725912	2.004136
1.729839	1.973609
1.733766	1.939682
1.737693	1.902623
1.741620	1.862578
1.745547	1.819656
1.749474	1.774005
1.753401	1.725870
1.757328	1.675617
1.761255	1.623747
1.765182	1.570884
1.769109	1.517751
1.773036	1.465125
1.776963	1.413776
1.780890	1.364401
1.784817	1.317586
1.788744	1.273778
1.792671	1.233305
1.796598	1.196393
1.800525	1.163202
1.804452	1.133844
1.808379	1.108392
1.812306	1.086867
1.816233	1.069230
1.820160	1.055362
1.824087	1.045051
1.828014	1.037991
1.831941	1.033790
1.835868	1.031979
1.839795	1.032040
1.843722	1.033433
1.847649	1.035628
1.851576	1.038130
1.855503	1.040504
1.859430	1.042390
1.863357	1.043507
1.867284	1.043649
1.871211	1.042684
1.875138	1.040557
1.879065	1.037306
1.882992	1.033083
1.886919	1.028172
1.890846	1.022981
1.894773	1.018005
1.898700	1.013755
1.902627	1.010685
1.906554	1.009111
1.910481	1.009178
1.914408	1.010850
1.918335	1.013961
1.922262	1.018298
1.926189	1.023697
1.930116	1.030115
1.934043	1.037674
1.937970	1.046641
1.941897	1.057377
1.945824	1.070264
1.949751	1.085620
1.953678	1.103614
1.957605	1.124199
1.961532	1.147051
1.965459	1.171536
1.969386	1.196708
1.973313	1.221353
1.977240	1.244082
1.981167	1.263486
1.985094	1.278324
1.989021	1.287714
1.992948	1.291281
1.996875	1.289224
2.000802	1.282275
2.004729	1.271563
2.008656	1.258410
2.012583	1.244123
2.016510	1.229804
2.020437	1.216227
2.024364	1.203758
2.028291	1.192349
2.032218	1.181577
2.036145	1.170725
2.040072	1.158915
2.043999	1.145253
2.047926	1.128991
2.051853	1.109656
2.055780	1.087143
2.059707	1.061731
2.063634	1.034039
2.067561	1.004927
2.071488	0.975377
2.075415	0.946369
2.079342	0.918787
2.083269	0.893366
2.087196	0.870658
2.091123	0.851032
2.095050	0.834681
2.098977	0.821634
2.102904	0.811763
2.106831	0.804794
2.110758	0.800307
2.114685	0.797758
2.118612	0.796498
2.122539	0.795818
2.126466	0.795004
2.130393	0.793408
2.134320	0.790519
2.138246	0.786019
2.142173	0.779818
2.146100	0.772054
2.150027	0.763071
2.153954	0.753362
2.157881	0.743511
2.161808	0.734125
2.165735	0.725775
2.169662	0.718954
2.173589	0.714038
2.177516	0.711271
2.181443	0.710753
2.185370	0.712438
2.189297	0.716138
2.193224	0.721530
2.197151	0.728181
2.201078	0.735569
2.205005	0.743124
2.208932	0.750270
2.212859	0.756487
2.216786	0.761360
2.220713	0.764630
2.224640	0.766227
2.228567	0.766281
2.232494	0.765097
2.236421	0.763113
2.240348	0.760826
2.244275	0.758716
2.248202	0.757172
2.252129	0.756433
2.256056	0.756542
2.259983	0.757336
2.263910	0.758455
2.267837	0.759379
2.271764	0.759499
2.275691	0.758192
2.279618	0.754912
2.283545	0.749267
2.287472	0.741070
2.291399	0.730360
2.295326	0.717390
2.299253	0.702589
2.303180	0.686513
2.307107	0.669781
2.311034	0.653021
2.314961	0.636813
2.318888	0.621650
2.322815	0.607910
2.326742	0.595839
2.330669	0.585544
2.334596	0.576998
2.338523	0.570044
2.342450	0.564416
2.346377	0.559763
2.350304	0.555676
2.354231	0.551731
2.358158	0.547527
2.362085	0.542718
2.366012	0.537042
2.369939	0.530333
2.373866	0.522521
2.377793	0.513628
2.381720	0.503760
2.385647	0.493098
2.389574	0.481889
2.393501	0.470425
2.397428	0.459024
2.401355	0.448009
2.405282	0.437676
2.409209	0.428281
2.413136	0.420023
2.417063	0.413039
2.420990	0.407395
2.424917	0.403092
2.428844	0.400062
2.432771	0.398177
2.436698	0.397251
2.440625	0.397054
2.444552	0.397319
2.448479	0.397760
2.452406	0.398088
2.456333	0.398030
2.460260	0.397346
2.464187	0.395843
2.468114	0.393399
2.472041	0.389969
2.475968	0.385603
2.479895	0.380438
2.483822	0.374692
2.487749	0.368640
2.491676	0.362583
2.495603	0.356820
2.499530	0.351628
2.503457	0.347235
2.507384	0.343816
2.511311	0.341488
2.515238	0.340304
2.519165	0.340258
2.523092	0.341278
2.527019	0.343234
2.530946	0.345932
2.534873	0.349122
2.538800	0.352503
2.542727	0.355742
2.546654	0.358499
2.550581	0.360457
2.554508	0.361358
2.558435	0.361039
2.562362	0.359453
2.566288	0.356682
2.570215	0.352921
2.574142	0.348457
2.578069	0.343630
2.581996	0.338798
2.585923	0.334304
2.589850	0.330454
2.593777	0.327505
2.597704	0.325662
2.601631	0.325074
2.605558	0.325844
2.609485	0.328025
2.613412	0.331624
2.617339	0.336596
2.621266	0.342840
2.625193	0.350190
2.629120	0.358400
2.633047	0.367147
2.636974	0.376022
2.640901	0.384548
2.644828	0.392205
2.648755	0.398474
2.652682	0.402885
2.656609	0.405076
2.660536	0.404837
2.664463	0.402129
2.668390	0.397088
2.672317	0.390000
2.676244	0.381263
2.680171	0.371337
2.684098	0.360702
2.688025	0.349818
2.691952	0.339095
2.695879	0.328879
2.699806	0.319439
2.703733	0.310970
2.707660	0.303597
2.711587	0.297382
2.715514	0.292333
2.719441	0.288406
2.723368	0.285521
2.727295	0.283557
2.731222	0.282364
2.735149	0.281769
2.739076	0.281579
2.743003	0.281592
2.746930	0.281605
2.750857	0.281424
2.754784	0.280876
2.758711	0.279820
2.762638	0.278163
2.766565	0.275867
2.770492	0.272963
2.774419	0.269543
2.778346	0.265754
2.782273	0.261785
2.786200	0.257842
2.790127	0.254131
2.794054	0.250845
2.797981	0.248145
2.801908	0.246162
2.805835	0.244993
2.809762	0.244696
2.813689	0.245302
2.817616	0.246805
2.821543	0.249170
2.825470	0.252330
2.829397	0.256184
2.833324	0.260598
2.837251	0.265409
2.841178	0.270427
2.845105	0.275443
2.849032	0.280247
2.852959	0.284638
2.856886	0.288452
2.860813	0.291579
2.864740	0.293982
2.868667	0.295707
2.872594	0.296885
2.876521	0.297717
2.880448	0.298454
2.884375	0.299374
2.888302	0.300752
2.892229	0.302840
2.896156	0.305852
2.900083	0.309948
2.904010	0.315228
2.907937	0.321725
2.911864	0.329399
2.915791	0.338129
2.919718	0.347712
2.923645	0.357856
2.927572	0.368191
2.931499	0.378283
2.935426	0.387660
2.939353	0.395851
2.943280	0.402428
2.947207	0.407047
2.951134	0.409481
2.955061	0.409639
2.958988	0.407575
2.962915	0.403477
2.966842	0.397653
2.970769	0.390497
2.974696	0.382461
2.978623	0.374014
2.982550	0.365612
2.986477	0.357662
2.990404	0.350508
2.994330	0.344418
2.998257	0.339575
3.002184	0.336080
3.006111	0.333950
3.010038	0.333123
3.013965	0.333458
3.017892	0.334734
3.021819	0.336663
3.025746	0.338890
3.029673	0.341015
3.033600	0.342615
3.037527	0.343278
3.041454	0.342634
3.045381	0.340401
3.049308	0.336411
3.053235	0.330636
3.057162	0.323190
3.061089	0.314315
3.065016	0.304345
3.068943	0.293667
3.072870	0.282673
3.076797	0.271730
3.080724	0.261145
3.084651	0.251168
3.088578	0.241980
3.092505	0.233705
3.096432	0.226422
3.100359	0.220169
3.104286	0.214958
3.108213	0.210781
3.112140	0.207612
3.116067	0.205411
3.119994	0.204125
3.123921	0.203682
3.127848	0.203993
3.131775	0.204940
3.135702	0.206379
3.139629	0.208138
3.143556	0.210016
3.147483	0.211793
3.151410	0.213248
3.155337	0.214172
3.159264	0.214393
3.163191	0.213795
3.167118	0.212329
3.171045	0.210016
3.174972	0.206944
3.178899	0.203252
3.182826	0.199118
3.186753	0.194739
3.190680	0.190310
3.194607	0.186017
3.198534	0.182022
3.202461	0.178459
3.206388	0.175436
3.210315	0.173034
3.214242	0.171310
3.218169	0.170300
3.222096	0.170028
3.226023	0.170497
3.229950	0.171697
3.233877	0.173602
3.237804	0.176162
3.241731	0.179301
3.245658	0.182914
3.249585	0.186856
3.253512	0.190945
3.257439	0.194963
3.261366	0.198664
3.265293	0.201795
3.269220	0.204119
3.273147	0.205442
3.277074	0.205646
3.281001	0.204702
3.284928	0.202676
3.288855	0.199721
3.292782	0.196053
3.296709	0.191924
3.300636	0.187591
3.304563	0.183295
3.308490	0.179245
3.312417	0.175613
3.316344	0.172530
3.320271	0.170092
3.324198	0.168364
3.328125	0.167384
3.332052	0.167168
3.335979	0.167714
3.339906	0.168997
3.343833	0.170970
3.347760	0.173563
3.351687	0.176673
3.355614	0.180168
3.359541	0.183879
3.363468	0.187607
3.367395	0.191129
3.371322	0.194210
3.375249	0.196627
3.379176	0.198186
3.383103	0.198743
3.387030	0.198221
3.390957	0.196620
3.394884	0.194010
3.398811	0.190525
3.402738	0.186349
3.406665	0.181689
3.410592	0.176765
3.414519	0.171786
3.418446	0.166940
3.422372	0.162388
3.426299	0.158258
3.430226	0.154645
3.434153	0.151617
3.438080	0.149217
3.442007	0.147466
3.445934	0.146368
3.449861	0.145910
3.453788	0.146061
3.457715	0.146775
3.461642	0.147984
3.465569	0.149603
3.469496	0.151521
3.473423	0.153611
3.477350	0.155729
3.481277	0.157730
3.485204	0.159473
3.489131	0.160839
3.493058	0.161736
3.496985	0.162106
3.500912	0.161927
3.504839	0.161202
3.508766	0.159960
3.512693	0.158250
3.516620	0.156135
3.520547	0.153699
3.524474	0.151038
3.528401	0.148262
3.532328	0.145487
3.536255	0.142830
3.540182	0.140400
3.544109	0.138292
3.548036	0.136586
3.551963	0.135344
3.555890	0.134609
3.559817	0.134407
3.563744	0.134747
3.567671	0.135620
3.571598	0.137001
3.575525	0.138850
3.579452	0.141107
3.583379	0.143698
3.587306	0.146532
3.591233	0.149506
3.595160	0.152504
3.599087	0.155404
3.603014	0.158078
3.606941	0.160399
3.610868	0.162243
3.614795	0.163505
3.618722	0.164103
3.622649	0.163996
3.626576	0.163188
3.630503	0.161732
3.634430	0.159729
3.638357	0.157316
3.642284	0.154650
3.646211	0.151898
3.650138	0.149222
3.654065	0.146768
3.657992	0.144659
3.661919	0.142994
3.665846	0.141845
3.669773	0.141260
3.673700	0.141260
3.677627	0.141843
3.681554	0.142983
3.685481	0.144629
3.689408	0.146703
3.693335	0.149099
3.697262	0.151685
3.701189	0.154301
3.705116	0.156770
3.709043	0.158909
3.712970	0.160540
3.716897	0.161508
3.720824	0.161695
3.724751	0.161029
3.728678	0.159494
3.732605	0.157125
3.736532	0.154001
3.740459	0.150244
3.744386	0.145998
3.748313	0.141424
3.752240	0.136684
3.756167	0.131928
3.760094	0.127289
3.764021	0.122878
3.767948	0.118781
3.771875	0.115059
3.775802	0.111756
3.779729	0.108896
3.783656	0.106493
3.787583	0.104551
3.791510	0.103069
3.795437	0.102042
3.799364	0.101459
3.803291	0.101312
3.807218	0.101586
3.811145	0.102264
3.815072	0.103326
3.818999	0.104746
3.822926	0.106489
3.826853	0.108516
3.830780	0.110777
3.834707	0.113217
3.838634	0.115771
3.842561	0.118368
3.846488	0.120929
3.850414	0.123366
3.854341	0.125589
3.858268	0.127504
3.862195	0.129026
3.866122	0.130085
3.870049	0.130641
3.873976	0.130687
3.877903	0.130260
3.881830	0.129432
3.885757	0.128309
3.889684	0.127020
3.893611	0.125697
3.897538	0.124471
3.901465	0.123459
3.905392	0.122759
3.909319	0.122445
3.913246	0.122571
3.917173	0.123168
3.921100	0.124249
3.925027	0.125808
3.928954	0.127824
3.932881	0.130263
3.936808	0.133078
3.940735	0.136217
3.944662	0.139620
3.948589	0.143224
3.952516	0.146958
3.956443	0.150741
3.960370	0.154472
3.964297	0.158031
3.968224	0.161270
3.972151	0.164022
3.976078	0.166116
3.980005	0.167399
3.983932	0.167756
3.987859	0.167134
3.991786	0.165555
3.995713	0.163114
3.999640	0.159968
4.003567	0.156316
4.007494	0.152372
4.011421	0.148349
4.015348	0.144437
4.019275	0.140795
4.023202	0.137551
4.027129	0.134798
4.031056	0.132600
4.034983	0.130998
4.038910	0.130009
4.042837	0.129635
4.046764	0.129859
4.050691	0.130654
4.054618	0.131973
4.058545	0.133759
4.062472	0.135936
4.066399	0.138414
4.070326	0.141086
4.074253	0.143830
4.078180	0.146512
4.082107	0.148987
4.086034	0.151114
4.089961	0.152760
4.093888	0.153818
4.097815	0.154221
4.101742	0.153944
4.105669	0.153013
4.109596	0.151499
4.113523	0.149509
4.117450	0.147170
4.121377	0.144621
4.125304	0.142002
4.129231	0.139445
4.133158	0.137071
4.137085	0.134991
4.141012	0.133301
4.144939	0.132080
4.148866	0.131394
4.152793	0.131293
4.156720	0.131809
4.160647	0.132959
4.164574	0.134739
4.168501	0.137124
4.172428	0.140065
4.176355	0.143482
4.180282	0.147263
4.184209	0.151257
4.188136	0.155279
4.192063	0.159109
4.195990	0.162506
4.199917	0.165224
4.203844	0.167031
4.207771	0.167741
4.211698	0.167231
4.215625	0.165461
4.219552	0.162479
4.223479	0.158415
4.227406	0.153462
4.231333	0.147850
4.235260	0.141821
4.239187	0.135603
4.243114	0.129394
4.247041	0.123356
4.250968	0.117611
4.254895	0.112245
4.258822	0.107313
4.262749	0.102847
4.266676	0.098858
4.270603	0.095348
4.274530	0.092310
4.278456	0.089731
4.282383	0.087597
4.286310	0.085892
4.290237	0.084600
4.294164	0.083704
4.298091	0.083189
4.302018	0.083035
4.305945	0.083220
4.309872	0.083719
4.313799	0.084499
4.317726	0.085520
4.321653	0.086732
4.325580	0.088079
4.329507	0.089493
4.333434	0.090903
4.337361	0.092229
4.341288	0.093392
4.345215	0.094314
4.349142	0.094921
4.353069	0.095156
4.356996	0.094975
4.360923	0.094361
4.364850	0.093324
4.368777	0.091900
4.372704	0.090150
4.376631	0.088151
4.380558	0.085994
4.384485	0.083770
4.388412	0.081564
4.392339	0.079455
4.396266	0.077507
4.400193	0.075772
4.404120	0.074289
4.408047	0.073085
4.411974	0.072179
4.415901	0.071584
4.419828	0.071305
4.423755	0.071344
4.427682	0.071697
4.431609	0.072354
4.435536	0.073302
4.439463	0.074518
4.443390	0.075970
4.447317	0.077615
4.451244	0.079397
4.455171	0.081245
4.459098	0.083077
4.463025	0.084800
4.466952	0.086314
4.470879	0.087521
4.474806	0.088331
4.478733	0.088675
4.482660	0.088514
4.486587	0.087842
4.490514	0.086691
4.494441	0.085124
4.498368	0.083229
4.502295	0.081107
4.506222	0.078863
4.510149	0.076594
4.514076	0.074388
4.518003	0.072316
4.521930	0.070434
4.525857	0.068783
4.529784	0.067394
4.533711	0.066286
4.537638	0.065472
4.541565	0.064961
4.545492	0.064759
4.549419	0.064868
4.553346	0.065291
4.557273	0.066027
4.561200	0.067076
4.565127	0.068433
4.569054	0.070086
4.572981	0.072017
4.576908	0.074199
4.580835	0.076587
4.584762	0.079123
4.588689	0.081729
4.592616	0.084306
4.596543	0.086742
4.600470	0.088914
4.604397	0.090696
4.608324	0.091976
4.612251	0.092662
4.616178	0.092701
4.620105	0.092081
4.624032	0.090836
4.627959	0.089040
4.631886	0.086800
4.635813	0.084240
4.639740	0.081489
4.643667	0.078669
4.647594	0.075886
4.651521	0.073228
4.655448	0.070761
4.659375	0.068535
4.663302	0.066583
4.667229	0.064924
4.671156	0.063571
4.675083	0.062527
4.679010	0.061794
4.682937	0.061366
4.686864	0.061238
4.690791	0.061397
4.694718	0.061828
4.698645	0.062509
4.702572	0.063410
4.706498	0.064492
4.710425	0.065702
4.714352	0.066978
4.718279	0.068243
4.722206	0.069416
4.726133	0.070414
4.730060	0.071157
4.733987	0.071584
4.737914	0.071653
4.741841	0.071345
4.745768	0.070670
4.749695	0.069656
4.753622	0.068346
4.757549	0.066791
4.761476	0.065047
4.765403	0.063171
4.769330	0.061216
4.773257	0.059236
4.777184	0.057279
4.781111	0.055388
4.785038	0.053600
4.788965	0.051946
4.792892	0.050451
4.796819	0.049131
4.800746	0.047998
4.804673	0.047060
4.808600	0.046321
4.812527	0.045783
4.816454	0.045446
4.820381	0.045308
4.824308	0.045367
4.828235	0.045620
4.832162	0.046060
4.836089	0.046679
4.840016	0.047464
4.843943	0.048397
4.847870	0.049454
4.851797	0.050604
4.855724	0.051806
4.859651	0.053016
4.863578	0.054180
4.867505	0.055242
4.871432	0.056146
4.875359	0.056837
4.879286	0.057269
4.883213	0.057407
4.887140	0.057234
4.891067	0.056749
4.894994	0.055972
4.898921	0.054937
4.902848	0.053695
4.906775	0.052300
4.910702	0.050813
4.914629	0.049293
4.918556	0.047791
4.922483	0.046354
4.926410	0.045018
4.930337	0.043810
4.934264	0.042752
4.938191	0.041856
4.942118	0.041132
4.946045	0.040582
4.949972	0.040208
4.953899	0.040008
4.957826	0.039975
4.961753	0.040103
4.965680	0.040379
4.969607	0.040789
4.973534	0.041313
4.977461	0.041927
4.981388	0.042602
4.985315	0.043307
4.989242	0.044009
4.993169	0.044674
4.997096	0.045272
5.001023	0.045775
5.004950	0.046158
5.008877	0.046399
5.012804	0.046479
5.016731	0.046383
5.020658	0.046099
5.024585	0.045621
5.028512	0.044954
5.032439	0.044112
5.036366	0.043117
5.040293	0.042002
5.044220	0.040805
5.048147	0.039565
5.052074	0.038323
5.056001	0.037113
5.059928	0.035963
5.063855	0.034897
5.067782	0.033932
5.071709	0.033078
5.075636	0.032342
5.079563	0.031726
5.083490	0.031230
5.087417	0.030852
5.091344	0.030585
5.095271	0.030424
5.099198	0.030359
5.103125	0.030380
5.107052	0.030475
5.110979	0.030631
5.114906	0.030835
5.118833	0.031077
5.122760	0.031347
5.126687	0.031642
5.130614	0.031959
5.134540	0.032303
5.138467	0.032675
5.142394	0.033081
5.146321	0.033521
5.150248	0.033989
5.154175	0.034476
5.158102	0.034963
5.162029	0.035427
5.165956	0.035840
5.169883	0.036172
5.173810	0.036394
5.177737	0.036484
5.181664	0.036427
5.185591	0.036219
5.189518	0.035869
5.193445	0.035396
5.197372	0.034829
5.201299	0.034203
5.205226	0.033554
5.209153	0.032916
5.213080	0.032320
5.217007	0.031792
5.220934	0.031350
5.224861	0.031007
5.228788	0.030771
5.232715	0.030644
5.236642	0.030623
5.240569	0.030701
5.244496	0.030866
5.248423	0.031105
5.252350	0.031399
5.256277	0.031730
5.260204	0.032080
5.264131	0.032431
5.268058	0.032770
5.271985	0.033083
5.275912	0.033362
5.279839	0.033599
5.283766	0.033785
5.287693	0.033908
5.291620	0.033958
5.295547	0.033921
5.299474	0.033782
5.303401	0.033530
5.307328	0.033156
5.311255	0.032659
5.315182	0.032043
5.319109	0.031325
5.323036	0.030525
5.326963	0.029669
5.330890	0.028786
5.334817	0.027903
5.338744	0.027045
5.342671	0.026233
5.346598	0.025481
5.350525	0.024801
5.354452	0.024200
5.358379	0.023679
5.362306	0.023238
5.366233	0.022874
5.370160	0.022582
5.374087	0.022355
5.378014	0.022184
5.381941	0.022060
5.385868	0.021973
5.389795	0.021917
5.393722	0.021884
5.397649	0.021872
5.401576	0.021880
5.405503	0.021911
5.409430	0.021970
5.413357	0.022060
5.417284	0.022187
5.421211	0.022352
5.425138	0.022553
5.429065	0.022784
5.432992	0.023035
5.436919	0.023290
5.440846	0.023532
5.444773	0.023740
5.448700	0.023892
5.452627	0.023971
5.456554	0.023962
5.460481	0.023857
5.464408	0.023658
5.468335	0.023371
5.472262	0.023011
5.476189	0.022598
5.480116	0.022153
5.484043	0.021697
5.487970	0.021252
5.491897	0.020834
5.495824	0.020457
5.499751	0.020130
5.503678	0.019862
5.507605	0.019654
5.511532	0.019508
5.515459	0.019422
5.519386	0.019393
5.523313	0.019417
5.527240	0.019487
5.531167	0.019599
5.535094	0.019746
5.539021	0.019925
5.542948	0.020132
5.546875	0.020368
5.550802	0.020630
5.554729	0.020920
5.558656	0.021235
5.562582	0.021569
5.566509	0.021914
5.570436	0.022256
5.574363	0.022576
5.578290	0.022854
5.582217	0.023065
5.586144	0.023188
5.590071	0.023205
5.593998	0.023104
5.597925	0.022882
5.601852	0.022542
5.605779	0.022097
5.609706	0.021564
5.613633	0.020966
5.617560	0.020325
5.621487	0.019665
5.625414	0.019004
5.629341	0.018361
5.633268	0.017748
5.637195	0.017176
5.641122	0.016651
5.645049	0.016177
5.648976	0.015755
5.652903	0.015387
5.656830	0.015070
5.660757	0.014803
5.664684	0.014583
5.668611	0.014406
5.672538	0.014270
5.676465	0.014171
5.680392	0.014105
5.684319	0.014070
5.688246	0.014062
5.692173	0.014082
5.696100	0.014128
5.700027	0.014202
5.703954	0.014303
5.707881	0.014434
5.711808	0.014593
5.715735	0.014778
5.719662	0.014987
5.723589	0.015213
5.727516	0.015446
5.731443	0.015674
5.735370	0.015882
5.739297	0.016055
5.743224	0.016177
5.747151	0.016235
5.751078	0.016220
5.755005	0.016128
5.758932	0.015961
5.762859	0.015727
5.766786	0.015439
5.770713	0.015111
5.774640	0.014758
5.778567	0.014396
5.782494	0.014038
5.786421	0.013695
5.790348	0.013375
5.794275	0.013084
5.798202	0.012826
5.802129	0.012603
5.806056	0.012414
5.809983	0.012259
5.813910	0.012137
5.817837	0.012045
5.821764	0.011980
5.825691	0.011940
5.829618	0.011924
5.833545	0.011929
5.837472	0.011956
5.841399	0.012004
5.845326	0.012075
5.849253	0.012169
5.853180	0.012287
5.857107	0.012429
5.861034	0.012592
5.864961	0.012773
5.868888	0.012966
5.872815	0.013161
5.876742	0.013348
5.880669	0.013515
5.884596	0.013648
5.888523	0.013736
5.892450	0.013768
5.896377	0.013739
5.900304	0.013649
5.904231	0.013499
5.908158	0.013298
5.912085	0.013055
5.916012	0.012781
5.919939	0.012487
5.923866	0.012183
5.927793	0.011879
5.931720	0.011583
5.935647	0.011302
5.939574	0.011039
5.943501	0.010801
5.947428	0.010587
5.951355	0.010401
5.955282	0.010243
5.959209	0.010112
5.963136	0.010008
5.967063	0.009929
5.970990	0.009873
5.974917	0.009840
5.978844	0.009828
5.982771	0.009834
5.986698	0.009859
5.990624	0.009900
5.994551	0.009958
5.998478	0.010032
6.002405	0.010120
6.006332	0.010220
6.010259	0.010329
6.014186	0.010443
6.018113	0.010556
6.022040	0.010661
6.025967	0.010753
6.029894	0.010826
6.033821	0.010874
6.037748	0.010894
6.041675	0.010884
6.045602	0.010843
6.049529	0.010772
6.053456	0.010671
6.057383	0.010544
6.061310	0.010393
6.065237	0.010221
6.069164	0.010033
6.073091	0.009832
6.077018	0.009625
6.080945	0.009415
6.084872	0.009208
6.088799	0.009009
6.092726	0.008820
6.096653	0.008646
6.100580	0.008488
6.104507	0.008348
6.108434	0.008226
6.112361	0.008124
6.116288	0.008040
6.120215	0.007973
6.124142	0.007923
6.128069	0.007888
6.131996	0.007866
6.135923	0.007856
6.139850	0.007857
6.143777	0.007865
6.147704	0.007880
6.151631	0.007900
6.155558	0.007923
6.159485	0.007947
6.163412	0.007969
6.167339	0.007989
6.171266	0.008004
6.175193	0.008014
6.179120	0.008018
6.183047	0.008018
6.186974	0.008013
6.190901	0.008004
6.194828	0.007991
6.198755	0.007973
6.202682	0.007949
6.206609	0.007919
6.210536	0.007880
6.214463	0.007831
6.218390	0.007770
6.222317	0.007695
6.226244	0.007608
6.230171	0.007508
6.234098	0.007398
6.238025	0.007281
6.241952	0.007160
6.245879	0.007040
6.249806	0.006923
6.253733	0.006812
6.257660	0.006710
6.261587	0.006618
6.265514	0.006537
6.269441	0.006467
6.273368	0.006409
6.277295	0.006362
6.281222	0.006327
6.285149	0.006300
6.289076	0.006283
6.293003	0.006275
6.296930	0.006273
6.300857	0.006278
6.304784	0.006289
6.308711	0.006305
6.312638	0.006326
6.316565	0.006350
6.320492	0.006377
6.324419	0.006407
6.328346	0.006437
6.332273	0.006467
6.336200	0.006496
6.340127	0.006524
6.344054	0.006549
6.347981	0.006572
6.351908	0.006591
6.355835	0.006605
6.359762	0.006611
6.363689	0.006608
6.367616	0.006593
6.371543	0.006563
6.375470	0.006519
6.379397	0.006459
6.383324	0.006385
6.387251	0.006300
6.391178	0.006205
6.395105	0.006106
6.399032	0.006005
6.402959	0.005905
6.406886	0.005809
6.410813	0.005719
6.414739	0.005637
6.418666	0.005563
6.422593	0.005498
6.426520	0.005442
6.430447	0.005394
6.434374	0.005355
6.438301	0.005323
6.442228	0.005297
6.446155	0.005278
6.450082	0.005265
6.454009	0.005256
6.457936	0.005253
6.461863	0.005253
6.465790	0.005256
6.469717	0.005263
6.473644	0.005272
6.477571	0.005282
6.481498	0.005293
6.485425	0.005305
6.489352	0.005316
6.493279	0.005327
6.497206	0.005338
6.501133	0.005348
6.505060	0.005358
6.508987	0.005365
6.512914	0.005370
6.516841	0.005372
6.520768	0.005368
6.524695	0.005358
6.528622	0.005341
6.532549	0.005315
6.536476	0.005281
6.540403	0.005238
6.544330	0.005189
6.548257	0.005133
6.552184	0.005073
6.556111	0.005010
6.560038	0.004947
6.563965	0.004885
6.567892	0.004825
6.571819	0.004769
6.575746	0.004718
6.579673	0.004672
6.583600	0.004631
6.587527	0.004596
6.591454	0.004566
6.595381	0.004541
6.599308	0.004520
6.603235	0.004503
6.607162	0.004489
6.611089	0.004480
6.615016	0.004473
6.618943	0.004468
6.622870	0.004467
6.626797	0.004467
6.630724	0.004468
6.634651	0.004471
6.638578	0.004475
6.642505	0.004480
6.646432	0.004486
6.650359	0.004493
6.654286	0.004501
6.658213	0.004510
6.662140	0.004520
6.666067	0.004531
6.669994	0.004542
6.673921	0.004551
6.677848	0.004558
6.681775	0.004560
6.685702	0.004557
6.689629	0.004548
6.693556	0.004531
6.697483	0.004508
6.701410	0.004477
6.705337	0.004439
6.709264	0.004397
6.713191	0.004350
6.717118	0.004301
6.721045	0.004251
6.724972	0.004202
6.728899	0.004153
6.732826	0.004108
6.736753	0.004065
6.740680	0.004026
6.744607	0.003990
6.748534	0.003959
6.752461	0.003931
6.756388	0.003907
6.760315	0.003885
6.764242	0.003867
6.768169	0.003852
6.772096	0.003839
6.776023	0.003828
6.779950	0.003820
6.783877	0.003813
6.787804	0.003809
6.791731	0.003806
6.795658	0.003804
6.799585	0.003804
6.803512	0.003805
6.807439	0.003808
6.811366	0.003813
6.815293	0.003820
6.819220	0.003829
6.823147	0.003839
6.827074	0.003852
6.831001	0.003866
6.834928	0.003881
6.838855	0.003895
6.842781	0.003908
6.846708	0.003918
6.850635	0.003923
6.854562	0.003924
6.858489	0.003918
6.862416	0.003906
6.866343	0.003887
6.870270	0.003863
6.874197	0.003834
6.878124	0.003801
6.882051	0.003765
6.885978	0.003728
6.889905	0.003691
6.893832	0.003655
6.897759	0.003620
6.901686	0.003588
6.905613	0.003558
6.909540	0.003531
6.913467	0.003507
6.917394	0.003486
6.921321	0.003467
6.925248	0.003451
6.929175	0.003437
6.933102	0.003426
6.937029	0.003417
6.940956	0.003409
6.944883	0.003404
6.948810	0.003400
6.952737	0.003398
6.956664	0.003398
6.960591	0.003399
6.964518	0.003402
6.968445	0.003407
6.972372	0.003412
6.976299	0.003420
6.980226	0.003429
6.984153	0.003440
6.988080	0.003453
6.992007	0.003467
6.995934	0.003482
6.999861	0.003497
7.003788	0.003511
7.007715	0.003524
7.011642	0.003534
7.015569	0.003539
7.019496	0.003540
7.023423	0.003536
7.027350	0.003525
7.031277	0.003509
7.035204	0.003487
7.039131	0.003461
7.043058	0.003431
7.046985	0.003400
7.050912	0.003367
7.054839	0.003334
7.058766	0.003302
7.062693	0.003272
7.066620	0.003244
7.070547	0.003217
7.074474	0.003193
7.078401	0.003172
7.082328	0.003153
7.086255	0.003136
7.090182	0.003121
7.094109	0.003109
7.098036	0.003099
7.101963	0.003091
7.105890	0.003085
7.109817	0.003081
7.113744	0.003080
7.117671	0.003081
7.121598	0.003084
7.125525	0.003089
7.129452	0.003095
7.133379	0.003104
7.137306	0.003114
7.141233	0.003125
7.145160	0.003138
7.149087	0.003152
7.153014	0.003166
7.156941	0.003180
7.160868	0.003193
7.164795	0.003205
7.168722	0.003213
7.172649	0.003218
7.176576	0.003218
7.180503	0.003213
7.184430	0.003202
7.188357	0.003186
7.192284	0.003164
7.196211	0.003139
7.200138	0.003110
7.204065	0.003080
7.207992	0.003049
7.211919	0.003018
7.215846	0.002988
7.219773	0.002960
7.223700	0.002933
7.227627	0.002908
7.231554	0.002886
7.235481	0.002865
7.239408	0.002847
7.243335	0.002830
7.247262	0.002815
7.251189	0.002802
7.255116	0.002790
7.259043	0.002780
7.262970	0.002771
7.266897	0.002764
7.270823	0.002758
7.274750	0.002754
7.278677	0.002750
7.282604	0.002748
7.286531	0.002748
7.290458	0.002748
7.294385	0.002750
7.298312	0.002752
7.302239	0.002756
7.306166	0.002760
7.310093	0.002765
7.314020	0.002771
7.317947	0.002777
7.321874	0.002784
7.325801	0.002791
7.329728	0.002798
7.333655	0.002804
7.337582	0.002810
7.341509	0.002813
7.345436	0.002814
7.349363	0.002813
7.353290	0.002809
7.357217	0.002801
7.361144	0.002791
7.365071	0.002778
7.368998	0.002762
7.372925	0.002745
7.376852	0.002726
7.380779	0.002706
7.384706	0.002687
7.388633	0.002667
7.392560	0.002649
7.396487	0.002631
7.400414	0.002614
7.404341	0.002598
7.408268	0.002584
7.412195	0.002571
7.416122	0.002559
7.420049	0.002548
7.423976	0.002538
7.427903	0.002530
7.431830	0.002523
7.435757	0.002517
7.439684	0.002512
7.443611	0.002509
7.447538	0.002506
7.451465	0.002505
7.455392	0.002505
7.459319	0.002505
7.463246	0.002507
7.467173	0.002509
7.471100	0.002512
7.475027	0.002516
7.478954	0.002521
7.482881	0.002526
7.486808	0.002531
7.490735	0.002536
7.494662	0.002541
7.498589	0.002545
7.502516	0.002549
7.506443	0.002551
7.510370	0.002550
7.514297	0.002548
7.518224	0.002544
7.522151	0.002537
7.526078	0.002529
7.530005	0.002518
7.533932	0.002506
7.537859	0.002493
7.541786	0.002480
7.545713	0.002465
7.549640	0.002451
7.553567	0.002437
7.557494	0.002422
7.561421	0.002409
7.565348	0.002396
7.569275	0.002383
7.573202	0.002372
7.577129	0.002361
7.581056	0.002351
7.584983	0.002342
7.588910	0.002334
7.592837	0.002326
7.596764	0.002320
7.600691	0.002314
7.604618	0.002309
7.608545	0.002305
7.612472	0.002302
7.616399	0.002300
7.620326	0.002298
7.624253	0.002297
7.628180	0.002297
7.632107	0.002298
7.636034	0.002299
7.639961	0.002300
7.643888	0.002302
7.647815	0.002305
7.651742	0.002307
7.655669	0.002310
7.659596	0.002314
7.663523	0.002317
7.667450	0.002320
7.671377	0.002322
7.675304	0.002323
7.679231	0.002323
7.683158	0.002322
7.687085	0.002319
7.691012	0.002315
7.694939	0.002309
7.698865	0.002301
7.702792	0.002293
7.706719	0.002283
7.710646	0.002272
7.714573	0.002261
7.718500	0.002250
7.722427	0.002238
7.726354	0.002227
7.730281	0.002216
7.734208	0.002205
7.738135	0.002195
7.742062	0.002186
7.745989	0.002177
7.749916	0.002169
7.753843	0.002161
7.757770	0.002154
7.761697	0.002148
7.765624	0.002143
7.769551	0.002138
7.773478	0.002134
7.777405	0.002130
7.781332	0.002128
7.785259	0.002125
7.789186	0.002124
7.793113	0.002123
7.797040	0.002122
7.800967	0.002122
7.804894	0.002122
7.808821	0.002123
7.812748	0.002124
7.816675	0.002125
7.820602	0.002127
7.824529	0.002128
7.828456	0.002131
7.832383	0.002133
7.836310	0.002134
7.840237	0.002136
7.844164	0.002137
7.848091	0.002137
7.852018	0.002137
7.855945	0.002135
7.859872	0.002132
7.863799	0.002128
7.867726	0.002122
7.871653	0.002116
7.875580	0.002108
7.879507	0.002100
7.883434	0.002091
7.887361	0.002082
7.891288	0.002073
7.895215	0.002064
7.899142	0.002055
7.903069	0.002046
7.906996	0.002038
7.910923	0.002030
7.914850	0.002023
7.918777	0.002016
7.922704	0.002010
7.926631	0.002004
7.930558	0.001999
7.934485	0.001994
7.938412	0.001990
7.942339	0.001986
7.946266	0.001983
7.950193	0.001980
7.954120	0.001978
7.958047	0.001976
7.961974	0.001974
7.965901	0.001973
7.969828	0.001972
7.973755	0.001971
7.977682	0.001971
7.981609	0.001971
7.985536	0.001971
7.989463	0.001971
7.993390	0.001972
7.997317	0.001972
8.001244	0.001973
8.005171	0.001974
8.009098	0.001975
8.013025	0.001975
8.016952	0.001975
8.020879	0.001974
8.024806	0.001973
8.028733	0.001971
8.032660	0.001968
8.036587	0.001964
8.040514	0.001959
8.044441	0.001954
8.048368	0.001948
8.052295	0.001941
8.056222	0.001934
8.060149	0.001927
8.064076	0.001920
8.068003	0.001913
8.071930	0.001906
8.075857	0.001899
8.079784	0.001893
8.083711	0.001887
8.087638	0.001881
8.091565	0.001876
8.095492	0.001871
8.099419	0.001867
8.103346	0.001863
8.107273	0.001859
8.111200	0.001855
8.115127	0.001852
8.119054	0.001850
8.122981	0.001847
8.126907	0.001845
8.130834	0.001843
8.134761	0.001841
8.138688	0.001840
8.142615	0.001839
8.146542	0.001838
8.150469	0.001837
8.154396	0.001837
8.158323	0.001837
8.162250	0.001837
8.166177	0.001837
8.170104	0.001838
8.174031	0.001838
8.177958	0.001839
8.181885	0.001839
8.185812	0.001839
8.189739	0.001840
8.193666	0.001839
8.197593	0.001839
8.201520	0.001837
8.205447	0.001835
8.209374	0.001832
8.213301	0.001829
8.217228	0.001825
8.221155	0.001820
8.225082	0.001815
8.229009	0.001809
8.232936	0.001803
8.236863	0.001798
8.240790	0.001792
8.244717	0.001786
8.248644	0.001781
8.252571	0.001775
8.256498	0.001770
8.260425	0.001766
8.264352	0.001761
8.268279	0.001757
8.272206	0.001753
8.276133	0.001750
8.280060	0.001746
8.283987	0.001743
8.287914	0.001740
8.291841	0.001738
8.295768	0.001736
8.299695	0.001734
8.303622	0.001732
8.307549	0.001730
8.311476	0.001729
8.315403	0.001728
8.319330	0.001727
8.323257	0.001726
8.327184	0.001725
8.331111	0.001725
8.335038	0.001724
8.338965	0.001724
8.342892	0.001724
8.346819	0.001723
8.350746	0.001723
8.354673	0.001723
8.358600	0.001722
8.362527	0.001721
8.366454	0.001720
8.370381	0.001719
8.374308	0.001717
8.378235	0.001714
8.382162	0.001712
8.386089	0.001708
8.390016	0.001705
8.393943	0.001701
8.397870	0.001696
8.401797	0.001692
8.405724	0.001687
8.409651	0.001683
8.413578	0.001679
8.417505	0.001674
8.421432	0.001670
8.425359	0.001666
8.429286	0.001662
8.433213	0.001659
8.437140	0.001655
8.441067	0.001652
8.444994	0.001649
8.448921	0.001646
8.452848	0.001643
8.456775	0.001640
8.460702	0.001638
8.464629	0.001636
8.468556	0.001634
8.472483	0.001632
8.476410	0.001630
8.480337	0.001628
8.484264	0.001627
8.488191	0.001625
8.492118	0.001624
8.496045	0.001623
8.499972	0.001621
8.503899	0.001620
8.507826	0.001620
8.511753	0.001619
8.515680	0.001618
8.519607	0.001617
8.523534	0.001616
8.527461	0.001616
8.531388	0.001615
8.535315	0.001614
8.539242	0.001613
8.543169	0.001612
8.547096	0.001610
8.551023	0.001608
8.554949	0.001606
8.558876	0.001604
8.562803	0.001602
8.566730	0.001599
8.570657	0.001596
8.574584	0.001593
8.578511	0.001589
8.582438	0.001586
8.586365	0.001583
8.590292	0.001579
8.594219	0.001576
8.598146	0.001573
8.602073	0.001570
8.606000	0.001567
8.609927	0.001564
8.613854	0.001561
8.617781	0.001558
8.621708	0.001556
8.625635	0.001554
8.629562	0.001551
8.633489	0.001549
8.637416	0.001547
8.641343	0.001545
8.645270	0.001543
8.649197	0.001541
8.653124	0.001540
8.657051	0.001538
8.660978	0.001536
8.664905	0.001535
8.668832	0.001534
8.672759	0.001532
8.676686	0.001531
8.680613	0.001530
8.684540	0.001529
8.688467	0.001528
8.692394	0.001527
8.696321	0.001526
8.700248	0.001525
8.704175	0.001524
8.708102	0.001523
8.712029	0.001522
8.715956	0.001521
8.719883	0.001520
8.723810	0.001519
8.727737	0.001517
8.731664	0.001515
8.735591	0.001514
8.739518	0.001511
8.743445	0.001509
8.747372	0.001507
8.751299	0.001504
8.755226	0.001501
8.759153	0.001498
8.763080	0.001496
8.767007	0.001493
8.770934	0.001490
8.774861	0.001488
8.778788	0.001485
8.782715	0.001483
8.786642	0.001480
8.790569	0.001478
8.794496	0.001476
8.798423	0.001474
8.802350	0.001472
8.806277	0.001470
8.810204	0.001468
8.814131	0.001466
8.818058	0.001464
8.821985	0.001462
8.825912	0.001461
8.829839	0.001459
8.833766	0.001458
8.837693	0.001456
8.841620	0.001455
8.845547	0.001453
8.849474	0.001452
8.853401	0.001451
8.857328	0.001450
8.861255	0.001448
8.865182	0.001447
8.869109	0.001446
8.873036	0.001445
8.876963	0.001444
8.880890	0.001443
8.884817	0.001442
8.888744	0.001441
8.892671	0.001440
8.896598	0.001439
8.900525	0.001438
8.904452	0.001436
8.908379	0.001435
8.912306	0.001433
8.916233	0.001431
8.920160	0.001429
8.924087	0.001427
8.928014	0.001425
8.931941	0.001423
8.935868	0.001421
8.939795	0.001419
8.943722	0.001417
8.947649	0.001414
8.951576	0.001412
8.955503	0.001410
8.959430	0.001408
8.963357	0.001406
8.967284	0.001404
8.971211	0.001402
8.975138	0.001400
8.979065	0.001398
8.982991	0.001397
8.986918	0.001395
8.990845	0.001393
8.994772	0.001392
8.998699	0.001390
9.002626	0.001389
9.006553	0.001387
9.010480	0.001386
9.014407	0.001384
9.018334	0.001383
9.022261	0.001382
9.026188	0.001380
9.030115	0.001379
9.034042	0.001378
9.037969	0.001377
9.041896	0.001376
9.045823	0.001375
9.049750	0.001373
9.053677	0.001372
9.057604	0.001371
9.061531	0.001370
9.065458	0.001369
9.069385	0.001368
9.073312	0.001366
9.077239	0.001365
9.081166	0.001364
9.085093	0.001362
9.089020	0.001361
9.092947	0.001359
9.096874	0.001358
9.100801	0.001356
9.104728	0.001354
9.108655	0.001353
9.112582	0.001351
9.116509	0.001349
9.120436	0.001347
9.124363	0.001345
9.128290	0.001344
9.132217	0.001342
9.136144	0.001340
9.140071	0.001338
9.143998	0.001337
9.147925	0.001335
9.151852	0.001333
9.155779	0.001332
9.159706	0.001330
9.163633	0.001329
9.167560	0.001327
9.171487	0.001326
9.175414	0.001324
9.179341	0.001323
9.183268	0.001321
9.187195	0.001320
9.191122	0.001319
9.195049	0.001317
9.198976	0.001316
9.202903	0.001315
9.206830	0.001313
9.210757	0.001312
9.214684	0.001311
9.218611	0.001310
9.222538	0.001309
9.226465	0.001307
9.230392	0.001306
9.234319	0.001305
9.238246	0.001304
9.242173	0.001303
9.246100	0.001302
9.250027	0.001301
9.253954	0.001300
9.257881	0.001298
9.261808	0.001297
9.265735	0.001296
9.269662	0.001295
9.273589	0.001293
9.277516	0.001292
9.281443	0.001290
9.285370	0.001289
9.289297	0.001287
9.293224	0.001286
9.297151	0.001284
9.301078	0.001283
9.305005	0.001281
9.308932	0.001280
9.312859	0.001278
9.316786	0.001277
9.320713	0.001275
9.324640	0.001274
9.328567	0.001272
9.332494	0.001271
9.336421	0.001269
9.340348	0.001268
9.344275	0.001267
9.348202	0.001265
9.352129	0.001264
9.356056	0.001263
9.359983	0.001261
9.363910	0.001260
9.367837	0.001259
9.371764	0.001257
9.375691	0.001256
9.379618	0.001255
9.383545	0.001254
9.387472	0.001253
9.391399	0.001251
9.395326	0.001250
9.399253	0.001249
9.403180	0.001248
9.407107	0.001247
9.411033	0.001246
9.414960	0.001245
9.418887	0.001244
9.422814	0.001243
9.426741	0.001241
9.430668	0.001240
9.434595	0.001239
9.438522	0.001238
9.442449	0.001237
9.446376	0.001236
9.450303	0.001234
9.454230	0.001233
9.458157	0.001232
9.462084	0.001231
9.466011	0.001229
9.469938	0.001228
9.473865	0.001227
9.477792	0.001225
9.481719	0.001224
9.485646	0.001223
9.489573	0.001221
9.493500	0.001220
9.497427	0.001219
9.501354	0.001217
9.505281	0.001216
9.509208	0.001215
9.513135	0.001213
9.517062	0.001212
9.520989	0.001211
9.524916	0.001210
9.528843	0.001208
9.532770	0.001207
9.536697	0.001206
9.540624	0.001205
9.544551	0.001204
9.548478	0.001202
9.552405	0.001201
9.556332	0.001200
9.560259	0.001199
9.564186	0.001198
9.568113	0.001197
9.572040	0.001196
9.575967	0.001194
9.579894	0.001193
9.583821	0.001192
9.587748	0.001191
9.591675	0.001190
9.595602	0.001189
9.599529	0.001188
9.603456	0.001187
9.607383	0.001186
9.611310	0.001185
9.615237	0.001184
9.619164	0.001183
9.623091	0.001182
9.627018	0.001181
9.630945	0.001179
9.634872	0.001178
9.638799	0.001177
9.642726	0.001176
9.646653	0.001175
9.650580	0.001174
9.654507	0.001173
9.658434	0.001172
9.662361	0.001170
9.666288	0.001169
9.670215	0.001168
9.674142	0.001167
9.678069	0.001166
9.681996	0.001164
9.685923	0.001163
9.689850	0.001162
9.693777	0.001161
9.697704	0.001160
9.701631	0.001158
9.705558	0.001157
9.709485	0.001156
9.713412	0.001155
9.717339	0.001154
9.721266	0.001153
9.725193	0.001152
9.729120	0.001151
9.733047	0.001150
9.736974	0.001148
9.740901	0.001147
9.744828	0.001146
9.748755	0.001145
9.752682	0.001144
9.756609	0.001143
9.760536	0.001142
9.764463	0.001141
9.768390	0.001140
9.772317	0.001139
9.776244	0.001138
9.780171	0.001137
9.784098	0.001136
9.788025	0.001135
9.791952	0.001134
9.795879	0.001133
9.799806	0.001132
9.803733	0.001131
9.807660	0.001130
9.811587	0.001129
9.815514	0.001128
9.819441	0.001127
