-9.819441	0.002733
-9.815514	0.002737
-9.811587	0.002742
-9.807660	0.002746
-9.803733	0.002750
-9.799806	0.002755
-9.795879	0.002759
-9.791952	0.002763
-9.788025	0.002768
-9.784098	0.002773
-9.780171	0.002777
-9.776244	0.002782
-9.772317	0.002787
-9.768390	0.002792
-9.764463	0.002797
-9.760536	0.002802
-9.756609	0.002807
-9.752682	0.002812
-9.748755	0.002817
-9.744828	0.002822
-9.740901	0.002828
-9.736974	0.002833
-9.733047	0.002839
-9.729120	0.002844
-9.725193	0.002850
-9.721266	0.002855
-9.717339	0.002861
-9.713412	0.002866
-9.709485	0.002872
-9.705558	0.002878
-9.701631	0.002884
-9.697704	0.002889
-9.693777	0.002895
-9.689850	0.002901
-9.685923	0.002907
-9.681996	0.002913
-9.678069	0.002919
-9.674142	0.002925
-9.670215	0.002930
-9.666288	0.002936
-9.662361	0.002943
-9.658434	0.002949
-9.654507	0.002955
-9.650580	0.002961
-9.646653	0.002967
-9.642726	0.002973
-9.638799	0.002979
-9.634872	0.002985
-9.630945	0.002992
-9.627018	0.002998
-9.623091	0.003004
-9.619164	0.003011
-9.615237	0.003017
-9.611310	0.003023
-9.607383	0.003030
-9.603456	0.003036
-9.599529	0.003043
-9.595602	0.003049
-9.591675	0.003056
-9.587748	0.003062
-9.583821	0.003069
-9.579894	0.003075
-9.575967	0.003082
-9.572040	0.003088
-9.568113	0.003095
-9.564186	0.003102
-9.560259	0.003109
-9.556332	0.003115
-9.552405	0.003122
-9.548478	0.003129
-9.544551	0.003136
-9.540624	0.003142
-9.536697	0.003149
-9.532770	0.003156
-9.528843	0.003163
-9.524916	0.003170
-9.520989	0.003177
-9.517062	0.003184
-9.513135	0.003191
-9.509208	0.003198
-9.505281	0.003205
-9.501354	0.003212
-9.497427	0.003220
-9.493500	0.003227
-9.489573	0.003234
-9.485646	0.003241
-9.481719	0.003249
-9.477792	0.003256
-9.473865	0.003263
-9.469938	0.003270
-9.466011	0.003278
-9.462084	0.003285
-9.458157	0.003293
-9.454230	0.003300
-9.450303	0.003308
-9.446376	0.003315
-9.442449	0.003323
-9.438522	0.003330
-9.434595	0.003338
-9.430668	0.003346
-9.426741	0.003353
-9.422814	0.003361
-9.418887	0.003369
-9.414960	0.003377
-9.411033	0.003384
-9.407107	0.003392
-9.403180	0.003400
-9.399253	0.003408
-9.395326	0.003416
-9.391399	0.003424
-9.387472	0.003432
-9.383545	0.003440
-9.379618	0.003448
-9.375691	0.003456
-9.371764	0.003465
-9.367837	0.003473
-9.363910	0.003481
-9.359983	0.003489
-9.356056	0.003497
-9.352129	0.003506
-9.348202	0.003514
-9.344275	0.003523
-9.340348	0.003531
-9.336421	0.003539
-9.332494	0.003548
-9.328567	0.003556
-9.324640	0.003565
-9.320713	0.003574
-9.316786	0.003582
-9.312859	0.003591
-9.308932	0.003600
-9.305005	0.003608
-9.301078	0.003617
-9.297151	0.003626
-9.293224	0.003635
-9.289297	0.003644
-9.285370	0.003653
-9.281443	0.003662
-9.277516	0.003671
-9.273589	0.003680
-9.269662	0.003689
-9.265735	0.003698
-9.261808	0.003707
-9.257881	0.003717
-9.253954	0.003726
-9.250027	0.003735
-9.246100	0.003745
-9.242173	0.003754
-9.238246	0.003763
-9.234319	0.003773
-9.230392	0.003782
-9.226465	0.003792
-9.222538	0.003802
-9.218611	0.003811
-9.214684	0.003821
-9.210757	0.003831
-9.206830	0.003841
-9.202903	0.003850
-9.198976	0.003860
-9.195049	0.003870
-9.191122	0.003880
-9.187195	0.003890
-9.183268	0.003900
-9.179341	0.003910
-9.175414	0.003920
-9.171487	0.003931
-9.167560	0.003941
-9.163633	0.003951
-9.159706	0.003962
-9.155779	0.003972
-9.151852	0.003982
-9.147925	0.003993
-9.143998	0.004003
-9.140071	0.004014
-9.136144	0.004025
-9.132217	0.004035
-9.128290	0.004046
-9.124363	0.004057
-9.120436	0.004068
-9.116509	0.004079
-9.112582	0.004089
-9.108655	0.004100
-9.104728	0.004112
-9.100801	0.004123
-9.096874	0.004134
-9.092947	0.004145
-9.089020	0.004156
-9.085093	0.004168
-9.081166	0.004179
-9.077239	0.004190
-9.073312	0.004202
-9.069385	0.004213
-9.065458	0.004225
-9.061531	0.004237
-9.057604	0.004248
-9.053677	0.004260
-9.049750	0.004272
-9.045823	0.004284
-9.041896	0.004296
-9.037969	0.004308
-9.034042	0.004320
-9.030115	0.004332
-9.026188	0.004344
-9.022261	0.004356
-9.018334	0.004369
-9.014407	0.004381
-9.010480	0.004394
-9.006553	0.004406
-9.002626	0.004419
-8.998699	0.004431
-8.994772	0.004444
-8.990845	0.004457
-8.986918	0.004470
-8.982991	0.004482
-8.979065	0.004495
-8.975138	0.004508
-8.971211	0.004522
-8.967284	0.004535
-8.963357	0.004548
-8.959430	0.004561
-8.955503	0.004575
-8.951576	0.004588
-8.947649	0.004602
-8.943722	0.004615
-8.939795	0.004629
-8.935868	0.004643
-8.931941	0.004656
-8.928014	0.004670
-8.924087	0.004684
-8.920160	0.004698
-8.916233	0.004712
-8.912306	0.004726
-8.908379	0.004741
-8.904452	0.004755
-8.900525	0.004769
-8.896598	0.004784
-8.892671	0.004799
-8.888744	0.004813
-8.884817	0.004828
-8.880890	0.004843
-8.876963	0.004858
-8.873036	0.004873
-8.869109	0.004888
-8.865182	0.004903
-8.861255	0.004918
-8.857328	0.004933
-8.853401	0.004949
-8.849474	0.004964
-8.845547	0.004980
-8.841620	0.004995
-8.837693	0.005011
-8.833766	0.005027
-8.829839	0.005043
-8.825912	0.005059
-8.821985	0.005075
-8.818058	0.005091
-8.814131	0.005108
-8.810204	0.005124
-8.806277	0.005141
-8.802350	0.005157
-8.798423	0.005174
-8.794496	0.005191
-8.790569	0.005208
-8.786642	0.005225
-8.782715	0.005242
-8.778788	0.005259
-8.774861	0.005276
-8.770934	0.005294
-8.767007	0.005311
-8.763080	0.005329
-8.759153	0.005346
-8.755226	0.005364
-8.751299	0.005382
-8.747372	0.005400
-8.743445	0.005418
-8.739518	0.005437
-8.735591	0.005455
-8.731664	0.005473
-8.727737	0.005492
-8.723810	0.005511
-8.719883	0.005530
-8.715956	0.005549
-8.712029	0.005568
-8.708102	0.005587
-8.704175	0.005606
-8.700248	0.005626
-8.696321	0.005645
-8.692394	0.005665
-8.688467	0.005685
-8.684540	0.005705
-8.680613	0.005725
-8.676686	0.005745
-8.672759	0.005765
-8.668832	0.005786
-8.664905	0.005806
-8.660978	0.005827
-8.657051	0.005848
-8.653124	0.005869
-8.649197	0.005890
-8.645270	0.005911
-8.641343	0.005933
-8.637416	0.005954
-8.633489	0.005976
-8.629562	0.005998
-8.625635	0.006020
-8.621708	0.006042
-8.617781	0.006064
-8.613854	0.006087
-8.609927	0.006109
-8.606000	0.006132
-8.602073	0.006155
-8.598146	0.006178
-8.594219	0.006201
-8.590292	0.006224
-8.586365	0.006248
-8.582438	0.006272
-8.578511	0.006296
-8.574584	0.006320
-8.570657	0.006344
-8.566730	0.006368
-8.562803	0.006393
-8.558876	0.006418
-8.554949	0.006442
-8.551023	0.006468
-8.547096	0.006493
-8.543169	0.006518
-8.539242	0.006544
-8.535315	0.006570
-8.531388	0.006596
-8.527461	0.006622
-8.523534	0.006648
-8.519607	0.006675
-8.515680	0.006702
-8.511753	0.006729
-8.507826	0.006756
-8.503899	0.006783
-8.499972	0.006811
-8.496045	0.006839
-8.492118	0.006867
-8.488191	0.006895
-8.484264	0.006924
-8.480337	0.006952
-8.476410	0.006981
-8.472483	0.007010
-8.468556	0.007040
-8.464629	0.007069
-8.460702	0.007099
-8.456775	0.007129
-8.452848	0.007159
-8.448921	0.007190
-8.444994	0.007221
-8.441067	0.007252
-8.437140	0.007283
-8.433213	0.007315
-8.429286	0.007346
-8.425359	0.007378
-8.421432	0.007411
-8.417505	0.007443
-8.413578	0.007476
-8.409651	0.007509
-8.405724	0.007543
-8.401797	0.007576
-8.397870	0.007610
-8.393943	0.007644
-8.390016	0.007679
-8.386089	0.007714
-8.382162	0.007749
-8.378235	0.007784
-8.374308	0.007820
-8.370381	0.007856
-8.366454	0.007892
-8.362527	0.007929
-8.358600	0.007966
-8.354673	0.008003
-8.350746	0.008041
-8.346819	0.008079
-8.342892	0.008117
-8.338965	0.008156
-8.335038	0.008195
-8.331111	0.008235
-8.327184	0.008274
-8.323257	0.008314
-8.319330	0.008355
-8.315403	0.008396
-8.311476	0.008437
-8.307549	0.008479
-8.303622	0.008521
-8.299695	0.008563
-8.295768	0.008606
-8.291841	0.008649
-8.287914	0.008693
-8.283987	0.008737
-8.280060	0.008781
-8.276133	0.008826
-8.272206	0.008872
-8.268279	0.008917
-8.264352	0.008964
-8.260425	0.009010
-8.256498	0.009058
-8.252571	0.009105
-8.248644	0.009153
-8.244717	0.009202
-8.240790	0.009251
-8.236863	0.009301
-8.232936	0.009351
-8.229009	0.009402
-8.225082	0.009453
-8.221155	0.009505
-8.217228	0.009557
-8.213301	0.009610
-8.209374	0.009664
-8.205447	0.009718
-8.201520	0.009773
-8.197593	0.009828
-8.193666	0.009884
-8.189739	0.009940
-8.185812	0.009998
-8.181885	0.010055
-8.177958	0.010114
-8.174031	0.010173
-8.170104	0.010233
-8.166177	0.010293
-8.162250	0.010355
-8.158323	0.010417
-8.154396	0.010479
-8.150469	0.010543
-8.146542	0.010607
-8.142615	0.010672
-8.138688	0.010738
-8.134761	0.010805
-8.130834	0.010873
-8.126907	0.010941
-8.122981	0.011010
-8.119054	0.011081
-8.115127	0.011152
-8.111200	0.011224
-8.107273	0.011297
-8.103346	0.011371
-8.099419	0.011447
-8.095492	0.011523
-8.091565	0.011600
-8.087638	0.011679
-8.083711	0.011758
-8.079784	0.011839
-8.075857	0.011921
-8.071930	0.012005
-8.068003	0.012090
-8.064076	0.012176
-8.060149	0.012263
-8.056222	0.012352
-8.052295	0.012443
-8.048368	0.012535
-8.044441	0.012628
-8.040514	0.012723
-8.036587	0.012819
-8.032660	0.012917
-8.028733	0.013016
-8.024806	0.013117
-8.020879	0.013219
-8.016952	0.013321
-8.013025	0.013425
-8.009098	0.013530
-8.005171	0.013636
-8.001244	0.013743
-7.997317	0.013851
-7.993390	0.013960
-7.989463	0.014072
-7.985536	0.014185
-7.981609	0.014300
-7.977682	0.014417
-7.973755	0.014537
-7.969828	0.014659
-7.965901	0.014785
-7.961974	0.014913
-7.958047	0.015044
-7.954120	0.015179
-7.950193	0.015317
-7.946266	0.015458
-7.942339	0.015603
-7.938412	0.015753
-7.934485	0.015906
-7.930558	0.016064
-7.926631	0.016226
-7.922704	0.016393
-7.918777	0.016566
-7.914850	0.016744
-7.910923	0.016927
-7.906996	0.017116
-7.903069	0.017312
-7.899142	0.017514
-7.895215	0.017722
-7.891288	0.017936
-7.887361	0.018156
-7.883434	0.018381
-7.879507	0.018611
-7.875580	0.018843
-7.871653	0.019077
-7.867726	0.019309
-7.863799	0.019539
-7.859872	0.019765
-7.855945	0.019984
-7.852018	0.020196
-7.848091	0.020402
-7.844164	0.020601
-7.840237	0.020796
-7.836310	0.020988
-7.832383	0.021180
-7.828456	0.021375
-7.824529	0.021575
-7.820602	0.021781
-7.816675	0.021995
-7.812748	0.022218
-7.808821	0.022451
-7.804894	0.022695
-7.800967	0.022950
-7.797040	0.023217
-7.793113	0.023495
-7.789186	0.023786
-7.785259	0.024090
-7.781332	0.024406
-7.777405	0.024735
-7.773478	0.025077
-7.769551	0.025433
-7.765624	0.025804
-7.761697	0.026188
-7.757770	0.026588
-7.753843	0.027002
-7.749916	0.027433
-7.745989	0.027880
-7.742062	0.028343
-7.738135	0.028824
-7.734208	0.029323
-7.730281	0.029842
-7.726354	0.030381
-7.722427	0.030942
-7.718500	0.031527
-7.714573	0.032137
-7.710646	0.032774
-7.706719	0.033440
-7.702792	0.034139
-7.698865	0.034871
-7.694939	0.035639
-7.691012	0.036447
-7.687085	0.037297
-7.683158	0.038192
-7.679231	0.039136
-7.675304	0.040133
-7.671377	0.041186
-7.667450	0.042302
-7.663523	0.043484
-7.659596	0.044739
-7.655669	0.046074
-7.651742	0.047494
-7.647815	0.049009
-7.643888	0.050627
-7.639961	0.052358
-7.636034	0.054213
-7.632107	0.056204
-7.628180	0.058345
-7.624253	0.060652
-7.620326	0.063140
-7.616399	0.065830
-7.612472	0.068742
-7.608545	0.071900
-7.604618	0.075329
-7.600691	0.079057
-7.596764	0.083114
-7.592837	0.087533
-7.588910	0.092347
-7.584983	0.097590
-7.581056	0.103295
-7.577129	0.109491
-7.573202	0.116201
-7.569275	0.123435
-7.565348	0.131188
-7.561421	0.139425
-7.557494	0.148081
-7.553567	0.157042
-7.549640	0.166141
-7.545713	0.175154
-7.541786	0.183793
-7.537859	0.191726
-7.533932	0.198595
-7.530005	0.204056
-7.526078	0.207823
-7.522151	0.209711
-7.518224	0.209669
-7.514297	0.207784
-7.510370	0.204271
-7.506443	0.199431
-7.502516	0.193613
-7.498589	0.187163
-7.494662	0.180398
-7.490735	0.173583
-7.486808	0.166927
-7.482881	0.160583
-7.478954	0.154658
-7.475027	0.149221
-7.471100	0.144312
-7.467173	0.139953
-7.463246	0.136150
-7.459319	0.132898
-7.455392	0.130186
-7.451465	0.128001
-7.447538	0.126326
-7.443611	0.125145
-7.439684	0.124443
-7.435757	0.124207
-7.431830	0.124427
-7.427903	0.125097
-7.423976	0.126214
-7.420049	0.127780
-7.416122	0.129802
-7.412195	0.132289
-7.408268	0.135259
-7.404341	0.138731
-7.400414	0.142733
-7.396487	0.147295
-7.392560	0.152457
-7.388633	0.158262
-7.384706	0.164760
-7.380779	0.172009
-7.376852	0.180071
-7.372925	0.189016
-7.368998	0.198916
-7.365071	0.209849
-7.361144	0.221889
-7.357217	0.235108
-7.353290	0.249564
-7.349363	0.265294
-7.345436	0.282298
-7.341509	0.300528
-7.337582	0.319859
-7.333655	0.340072
-7.329728	0.360829
-7.325801	0.381652
-7.321874	0.401921
-7.317947	0.420887
-7.314020	0.437711
-7.310093	0.451543
-7.306166	0.461616
-7.302239	0.467349
-7.298312	0.468443
-7.294385	0.464922
-7.290458	0.457136
-7.286531	0.445701
-7.282604	0.431406
-7.278677	0.415111
-7.274750	0.397649
-7.270823	0.379765
-7.266897	0.362070
-7.262970	0.345036
-7.259043	0.329000
-7.255116	0.314181
-7.251189	0.300708
-7.247262	0.288636
-7.243335	0.277971
-7.239408	0.268684
-7.235481	0.260725
-7.231554	0.254031
-7.227627	0.248532
-7.223700	0.244157
-7.219773	0.240833
-7.215846	0.238491
-7.211919	0.237066
-7.207992	0.236499
-7.204065	0.236738
-7.200138	0.237744
-7.196211	0.239491
-7.192284	0.241966
-7.188357	0.245168
-7.184430	0.249103
-7.180503	0.253784
-7.176576	0.259222
-7.172649	0.265421
-7.168722	0.272380
-7.164795	0.280087
-7.160868	0.288528
-7.156941	0.297689
-7.153014	0.307566
-7.149087	0.318168
-7.145160	0.329526
-7.141233	0.341689
-7.137306	0.354727
-7.133379	0.368722
-7.129452	0.383764
-7.125525	0.399946
-7.121598	0.417363
-7.117671	0.436106
-7.113744	0.456265
-7.109817	0.477922
-7.105890	0.501152
-7.101963	0.526014
-7.098036	0.552547
-7.094109	0.580754
-7.090182	0.610585
-7.086255	0.641923
-7.082328	0.674560
-7.078401	0.708189
-7.074474	0.742385
-7.070547	0.776594
-7.066620	0.810132
-7.062693	0.842188
-7.058766	0.871864
-7.054839	0.898250
-7.050912	0.920530
-7.046985	0.938105
-7.043058	0.950690
-7.039131	0.958344
-7.035204	0.961406
-7.031277	0.960342
-7.027350	0.955555
-7.023423	0.947246
-7.019496	0.935389
-7.015569	0.919848
-7.011642	0.900570
-7.007715	0.877760
-7.003788	0.851949
-6.999861	0.823924
-6.995934	0.794586
-6.992007	0.764801
-6.988080	0.735296
-6.984153	0.706614
-6.980226	0.679126
-6.976299	0.653072
-6.972372	0.628615
-6.968445	0.605885
-6.964518	0.585012
-6.960591	0.566133
-6.956664	0.549390
-6.952737	0.534919
-6.948810	0.522840
-6.944883	0.513252
-6.940956	0.506229
-6.937029	0.501823
-6.933102	0.500066
-6.929175	0.500976
-6.925248	0.504551
-6.921321	0.510769
-6.917394	0.519579
-6.913467	0.530890
-6.909540	0.544554
-6.905613	0.560349
-6.901686	0.577962
-6.897759	0.596976
-6.893832	0.616866
-6.889905	0.637004
-6.885978	0.656690
-6.882051	0.675185
-6.878124	0.691772
-6.874197	0.705815
-6.870270	0.716822
-6.866343	0.724495
-6.862416	0.728747
-6.858489	0.729688
-6.854562	0.727567
-6.850635	0.722699
-6.846708	0.715405
-6.842781	0.705974
-6.838855	0.694668
-6.834928	0.681765
-6.831001	0.667612
-6.827074	0.652667
-6.823147	0.637497
-6.819220	0.622710
-6.815293	0.608852
-6.811366	0.596299
-6.807439	0.585191
-6.803512	0.575443
-6.799585	0.566806
-6.795658	0.558969
-6.791731	0.551650
-6.787804	0.544672
-6.783877	0.537988
-6.779950	0.531683
-6.776023	0.525948
-6.772096	0.521033
-6.768169	0.517216
-6.764242	0.514754
-6.760315	0.513852
-6.756388	0.514633
-6.752461	0.517106
-6.748534	0.521148
-6.744607	0.526501
-6.740680	0.532782
-6.736753	0.539505
-6.732826	0.546134
-6.728899	0.552132
-6.724972	0.557027
-6.721045	0.560466
-6.717118	0.562254
-6.713191	0.562357
-6.709264	0.560875
-6.705337	0.557979
-6.701410	0.553837
-6.697483	0.548563
-6.693556	0.542178
-6.689629	0.534632
-6.685702	0.525835
-6.681775	0.515710
-6.677848	0.504234
-6.673921	0.491457
-6.669994	0.477511
-6.666067	0.462599
-6.662140	0.446984
-6.658213	0.430966
-6.654286	0.414863
-6.650359	0.398986
-6.646432	0.383619
-6.642505	0.369004
-6.638578	0.355334
-6.634651	0.342747
-6.630724	0.331327
-6.626797	0.321113
-6.622870	0.312098
-6.618943	0.304245
-6.615016	0.297484
-6.611089	0.291726
-6.607162	0.286871
-6.603235	0.282810
-6.599308	0.279443
-6.595381	0.276684
-6.591454	0.274474
-6.587527	0.272785
-6.583600	0.271623
-6.579673	0.271025
-6.575746	0.271051
-6.571819	0.271774
-6.567892	0.273273
-6.563965	0.275625
-6.560038	0.278900
-6.556111	0.283159
-6.552184	0.288452
-6.548257	0.294817
-6.544330	0.302277
-6.540403	0.310841
-6.536476	0.320506
-6.532549	0.331248
-6.528622	0.343028
-6.524695	0.355783
-6.520768	0.369420
-6.516841	0.383807
-6.512914	0.398756
-6.508987	0.414015
-6.505060	0.429272
-6.501133	0.444191
-6.497206	0.458458
-6.493279	0.471840
-6.489352	0.484201
-6.485425	0.495494
-6.481498	0.505721
-6.477571	0.514912
-6.473644	0.523137
-6.469717	0.530545
-6.465790	0.537402
-6.461863	0.544071
-6.457936	0.550952
-6.454009	0.558390
-6.450082	0.566608
-6.446155	0.575680
-6.442228	0.585552
-6.438301	0.596099
-6.434374	0.607179
-6.430447	0.618658
-6.426520	0.630381
-6.422593	0.642092
-6.418666	0.653350
-6.414739	0.663500
-6.410813	0.671744
-6.406886	0.677301
-6.402959	0.679573
-6.399032	0.678253
-6.395105	0.673339
-6.391178	0.665079
-6.387251	0.653884
-6.383324	0.640264
-6.379397	0.624798
-6.375470	0.608121
-6.371543	0.590925
-6.367616	0.573928
-6.363689	0.557825
-6.359762	0.543201
-6.355835	0.530459
-6.351908	0.519756
-6.347981	0.510986
-6.344054	0.503793
-6.340127	0.497623
-6.336200	0.491791
-6.332273	0.485584
-6.328346	0.478358
-6.324419	0.469640
-6.320492	0.459194
-6.316565	0.447044
-6.312638	0.433432
-6.308711	0.418740
-6.304784	0.403405
-6.300857	0.387837
-6.296930	0.372384
-6.293003	0.357317
-6.289076	0.342843
-6.285149	0.329115
-6.281222	0.316248
-6.277295	0.304327
-6.273368	0.293411
-6.269441	0.283533
-6.265514	0.274706
-6.261587	0.266925
-6.257660	0.260172
-6.253733	0.254425
-6.249806	0.249662
-6.245879	0.245865
-6.241952	0.243028
-6.238025	0.241159
-6.234098	0.240283
-6.230171	0.240450
-6.226244	0.241731
-6.222317	0.244228
-6.218390	0.248075
-6.214463	0.253429
-6.210536	0.260470
-6.206609	0.269379
-6.202682	0.280312
-6.198755	0.293370
-6.194828	0.308559
-6.190901	0.325762
-6.186974	0.344739
-6.183047	0.365139
-6.179120	0.386553
-6.175193	0.408549
-6.171266	0.430692
-6.167339	0.452491
-6.163412	0.473279
-6.159485	0.492070
-6.155558	0.507477
-6.151631	0.517813
-6.147704	0.521413
-6.143777	0.517128
-6.139850	0.504825
-6.135923	0.485668
-6.131996	0.461999
-6.128069	0.436745
-6.124142	0.412549
-6.120215	0.391060
-6.116288	0.372763
-6.112361	0.357333
-6.108434	0.344154
-6.104507	0.332697
-6.100580	0.322673
-6.096653	0.314026
-6.092726	0.306858
-6.088799	0.301339
-6.084872	0.297643
-6.080945	0.295900
-6.077018	0.296183
-6.073091	0.298510
-6.069164	0.302853
-6.065237	0.309161
-6.061310	0.317373
-6.057383	0.327425
-6.053456	0.339260
-6.049529	0.352817
-6.045602	0.368026
-6.041675	0.384794
-6.037748	0.402982
-6.033821	0.422398
-6.029894	0.442773
-6.025967	0.463759
-6.022040	0.484933
-6.018113	0.505810
-6.014186	0.525881
-6.010259	0.544652
-6.006332	0.561693
-6.002405	0.576676
-5.998478	0.589402
-5.994551	0.599807
-5.990624	0.607947
-5.986698	0.613974
-5.982771	0.618104
-5.978844	0.620590
-5.974917	0.621695
-5.970990	0.621671
-5.967063	0.620751
-5.963136	0.619142
-5.959209	0.617021
-5.955282	0.614534
-5.951355	0.611805
-5.947428	0.608930
-5.943501	0.605987
-5.939574	0.603037
-5.935647	0.600123
-5.931720	0.597278
-5.927793	0.594522
-5.923866	0.591864
-5.919939	0.589306
-5.916012	0.586843
-5.912085	0.584466
-5.908158	0.582166
-5.904231	0.579937
-5.900304	0.577772
-5.896377	0.575670
-5.892450	0.573619
-5.888523	0.571602
-5.884596	0.569583
-5.880669	0.567507
-5.876742	0.565297
-5.872815	0.562853
-5.868888	0.560051
-5.864961	0.556743
-5.861034	0.552760
-5.857107	0.547917
-5.853180	0.542019
-5.849253	0.534876
-5.845326	0.526323
-5.841399	0.516235
-5.837472	0.504559
-5.833545	0.491328
-5.829618	0.476676
-5.825691	0.460833
-5.821764	0.444115
-5.817837	0.426890
-5.813910	0.409546
-5.809983	0.392455
-5.806056	0.375945
-5.802129	0.360289
-5.798202	0.345692
-5.794275	0.332296
-5.790348	0.320191
-5.786421	0.309422
-5.782494	0.299999
-5.778567	0.291912
-5.774640	0.285135
-5.770713	0.279634
-5.766786	0.275371
-5.762859	0.272313
-5.758932	0.270427
-5.755005	0.269690
-5.751078	0.270083
-5.747151	0.271599
-5.743224	0.274237
-5.739297	0.278004
-5.735370	0.282909
-5.731443	0.288961
-5.727516	0.296158
-5.723589	0.304476
-5.719662	0.313856
-5.715735	0.324189
-5.711808	0.335296
-5.707881	0.346914
-5.703954	0.358688
-5.700027	0.370162
-5.696100	0.380801
-5.692173	0.390022
-5.688246	0.397251
-5.684319	0.401990
-5.680392	0.403890
-5.676465	0.402804
-5.672538	0.398814
-5.668611	0.392208
-5.664684	0.383439
-5.660757	0.373052
-5.656830	0.361616
-5.652903	0.349672
-5.648976	0.337690
-5.645049	0.326055
-5.641122	0.315064
-5.637195	0.304931
-5.633268	0.295802
-5.629341	0.287767
-5.625414	0.280878
-5.621487	0.275155
-5.617560	0.270602
-5.613633	0.267214
-5.609706	0.264978
-5.605779	0.263886
-5.601852	0.263931
-5.597925	0.265114
-5.593998	0.267443
-5.590071	0.270934
-5.586144	0.275609
-5.582217	0.281500
-5.578290	0.288644
-5.574363	0.297079
-5.570436	0.306846
-5.566509	0.317974
-5.562582	0.330481
-5.558656	0.344357
-5.554729	0.359555
-5.550802	0.375970
-5.546875	0.393426
-5.542948	0.411660
-5.539021	0.430305
-5.535094	0.448895
-5.531167	0.466873
-5.527240	0.483622
-5.523313	0.498512
-5.519386	0.510961
-5.515459	0.520499
-5.511532	0.526819
-5.507605	0.529812
-5.503678	0.529574
-5.499751	0.526387
-5.495824	0.520678
-5.491897	0.512979
-5.487970	0.503874
-5.484043	0.493957
-5.480116	0.483798
-5.476189	0.473916
-5.472262	0.464768
-5.468335	0.456741
-5.464408	0.450152
-5.460481	0.445259
-5.456554	0.442261
-5.452627	0.441315
-5.448700	0.442535
-5.444773	0.446000
-5.440846	0.451762
-5.436919	0.459835
-5.432992	0.470199
-5.429065	0.482787
-5.425138	0.497472
-5.421211	0.514057
-5.417284	0.532258
-5.413357	0.551694
-5.409430	0.571891
-5.405503	0.592295
-5.401576	0.612304
-5.397649	0.631311
-5.393722	0.648763
-5.389795	0.664205
-5.385868	0.677324
-5.381941	0.687963
-5.378014	0.696116
-5.374087	0.701900
-5.370160	0.705526
-5.366233	0.707256
-5.362306	0.707375
-5.358379	0.706162
-5.354452	0.703879
-5.350525	0.700758
-5.346598	0.697000
-5.342671	0.692779
-5.338744	0.688242
-5.334817	0.683515
-5.330890	0.678705
-5.326963	0.673907
-5.323036	0.669199
-5.319109	0.664651
-5.315182	0.660317
-5.311255	0.656237
-5.307328	0.652432
-5.303401	0.648902
-5.299474	0.645627
-5.295547	0.642579
-5.291620	0.639734
-5.287693	0.637074
-5.283766	0.634591
-5.279839	0.632271
-5.275912	0.630087
-5.271985	0.628005
-5.268058	0.626002
-5.264131	0.624087
-5.260204	0.622302
-5.256277	0.620704
-5.252350	0.619346
-5.248423	0.618263
-5.244496	0.617465
-5.240569	0.616938
-5.236642	0.616656
-5.232715	0.616583
-5.228788	0.616678
-5.224861	0.616893
-5.220934	0.617174
-5.217007	0.617456
-5.213080	0.617660
-5.209153	0.617689
-5.205226	0.617424
-5.201299	0.616718
-5.197372	0.615397
-5.193445	0.613257
-5.189518	0.610071
-5.185591	0.605597
-5.181664	0.599594
-5.177737	0.591846
-5.173810	0.582191
-5.169883	0.570543
-5.165956	0.556926
-5.162029	0.541480
-5.158102	0.524461
-5.154175	0.506222
-5.150248	0.487182
-5.146321	0.467780
-5.142394	0.448438
-5.138467	0.429531
-5.134540	0.411366
-5.130614	0.394180
-5.126687	0.378137
-5.122760	0.363338
-5.118833	0.349835
-5.114906	0.337639
-5.110979	0.326734
-5.107052	0.317085
-5.103125	0.308649
-5.099198	0.301380
-5.095271	0.295236
-5.091344	0.290180
-5.087417	0.286182
-5.083490	0.283220
-5.079563	0.281277
-5.075636	0.280343
-5.071709	0.280410
-5.067782	0.281477
-5.063855	0.283546
-5.059928	0.286620
-5.056001	0.290707
-5.052074	0.295812
-5.048147	0.301941
-5.044220	0.309098
-5.040293	0.317280
-5.036366	0.326481
-5.032439	0.336687
-5.028512	0.347876
-5.024585	0.360023
-5.020658	0.373095
-5.016731	0.387051
-5.012804	0.401834
-5.008877	0.417359
-5.004950	0.433487
-5.001023	0.450008
-4.997096	0.466627
-4.993169	0.482958
-4.989242	0.498541
-4.985315	0.512875
-4.981388	0.525457
-4.977461	0.535838
-4.973534	0.543671
-4.969607	0.548742
-4.965680	0.550989
-4.961753	0.550497
-4.957826	0.547470
-4.953899	0.542201
-4.949972	0.535033
-4.946045	0.526339
-4.942118	0.516506
-4.938191	0.505929
-4.934264	0.495002
-4.930337	0.484115
-4.926410	0.473643
-4.922483	0.463935
-4.918556	0.455307
-4.914629	0.448032
-4.910702	0.442339
-4.906775	0.438404
-4.902848	0.436357
-4.898921	0.436281
-4.894994	0.438221
-4.891067	0.442183
-4.887140	0.448141
-4.883213	0.456040
-4.879286	0.465789
-4.875359	0.477264
-4.871432	0.490304
-4.867505	0.504715
-4.863578	0.520278
-4.859651	0.536768
-4.855724	0.553978
-4.851797	0.571755
-4.847870	0.590026
-4.843943	0.608811
-4.840016	0.628207
-4.836089	0.648351
-4.832162	0.669357
-4.828235	0.691250
-4.824308	0.713896
-4.820381	0.736955
-4.816454	0.759854
-4.812527	0.781783
-4.808600	0.801731
-4.804673	0.818544
-4.800746	0.831029
-4.796819	0.838090
-4.792892	0.838885
-4.788965	0.832973
-4.785038	0.820398
-4.781111	0.801696
-4.777184	0.777802
-4.773257	0.749908
-4.769330	0.719301
-4.765403	0.687222
-4.761476	0.654773
-4.757549	0.622859
-4.753622	0.592174
-4.749695	0.563212
-4.745768	0.536296
-4.741841	0.511609
-4.737914	0.489228
-4.733987	0.469155
-4.730060	0.451343
-4.726133	0.435713
-4.722206	0.422173
-4.718279	0.410624
-4.714352	0.400971
-4.710425	0.393123
-4.706498	0.387005
-4.702572	0.382549
-4.698645	0.379706
-4.694718	0.378439
-4.690791	0.378726
-4.686864	0.380563
-4.682937	0.383960
-4.679010	0.388945
-4.675083	0.395560
-4.671156	0.403865
-4.667229	0.413938
-4.663302	0.425871
-4.659375	0.439774
-4.655448	0.455771
-4.651521	0.473999
-4.647594	0.494605
-4.643667	0.517737
-4.639740	0.543543
-4.635813	0.572152
-4.631886	0.603666
-4.627959	0.638140
-4.624032	0.675556
-4.620105	0.715800
-4.616178	0.758631
-4.612251	0.803643
-4.608324	0.850235
-4.604397	0.897587
-4.600470	0.944637
-4.596543	0.990087
-4.592616	1.032435
-4.588689	1.070042
-4.584762	1.101252
-4.580835	1.124545
-4.576908	1.138697
-4.572981	1.142926
-4.569054	1.136970
-4.565127	1.121101
-4.561200	1.096083
-4.557273	1.063095
-4.553346	1.023635
-4.549419	0.979405
-4.545492	0.932167
-4.541565	0.883597
-4.537638	0.835151
-4.533711	0.787984
-4.529784	0.742932
-4.525857	0.700528
-4.521930	0.661059
-4.518003	0.624628
-4.514076	0.591204
-4.510149	0.560676
-4.506222	0.532889
-4.502295	0.507668
-4.498368	0.484841
-4.494441	0.464249
-4.490514	0.445751
-4.486587	0.429224
-4.482660	0.414568
-4.478733	0.401697
-4.474806	0.390542
-4.470879	0.381044
-4.466952	0.373149
-4.463025	0.366806
-4.459098	0.361959
-4.455171	0.358546
-4.451244	0.356501
-4.447317	0.355751
-4.443390	0.356228
-4.439463	0.357866
-4.435536	0.360608
-4.431609	0.364411
-4.427682	0.369238
-4.423755	0.375069
-4.419828	0.381895
-4.415901	0.389730
-4.411974	0.398611
-4.408047	0.408606
-4.404120	0.419810
-4.400193	0.432333
-4.396266	0.446273
-4.392339	0.461685
-4.388412	0.478543
-4.384485	0.496707
-4.380558	0.515909
-4.376631	0.535756
-4.372704	0.555763
-4.368777	0.575416
-4.364850	0.594257
-4.360923	0.611969
-4.356996	0.628423
-4.353069	0.643621
-4.349142	0.657547
-4.345215	0.669979
-4.341288	0.680403
-4.337361	0.688148
-4.333434	0.692737
-4.329507	0.694277
-4.325580	0.693604
-4.321653	0.691946
-4.317726	0.690175
-4.313799	0.688113
-4.309872	0.684466
-4.305945	0.677608
-4.302018	0.666679
-4.298091	0.652124
-4.294164	0.635291
-4.290237	0.617575
-4.286310	0.599851
-4.282383	0.582508
-4.278456	0.565779
-4.274530	0.549997
-4.270603	0.535624
-4.266676	0.523143
-4.262749	0.512940
-4.258822	0.505243
-4.254895	0.500133
-4.250968	0.497569
-4.247041	0.497430
-4.243114	0.499550
-4.239187	0.503740
-4.235260	0.509800
-4.231333	0.517532
-4.227406	0.526746
-4.223479	0.537262
-4.219552	0.548917
-4.215625	0.561566
-4.211698	0.575080
-4.207771	0.589346
-4.203844	0.604258
-4.199917	0.619715
-4.195990	0.635616
-4.192063	0.651853
-4.188136	0.668287
-4.184209	0.684719
-4.180282	0.700856
-4.176355	0.716280
-4.172428	0.730439
-4.168501	0.742665
-4.164574	0.752235
-4.160647	0.758471
-4.156720	0.760855
-4.152793	0.759141
-4.148866	0.753415
-4.144939	0.744100
-4.141012	0.731896
-4.137085	0.717675
-4.133158	0.702369
-4.129231	0.686876
-4.125304	0.671994
-4.121377	0.658387
-4.117450	0.646579
-4.113523	0.636962
-4.109596	0.629810
-4.105669	0.625302
-4.101742	0.623538
-4.097815	0.624559
-4.093888	0.628353
-4.089961	0.634873
-4.086034	0.644040
-4.082107	0.655760
-4.078180	0.669931
-4.074253	0.686463
-4.070326	0.705294
-4.066399	0.726405
-4.062472	0.749826
-4.058545	0.775635
-4.054618	0.803930
-4.050691	0.834796
-4.046764	0.868253
-4.042837	0.904202
-4.038910	0.942380
-4.034983	0.982317
-4.031056	1.023334
-4.027129	1.064558
-4.023202	1.104976
-4.019275	1.143523
-4.015348	1.179179
-4.011421	1.211075
-4.007494	1.238562
-4.003567	1.261250
-3.999640	1.279006
-3.995713	1.291903
-3.991786	1.300159
-3.987859	1.304069
-3.983932	1.303938
-3.980005	1.300036
-3.976078	1.292570
-3.972151	1.281671
-3.968224	1.267411
-3.964297	1.249824
-3.960370	1.228946
-3.956443	1.204868
-3.952516	1.177780
-3.948589	1.148008
-3.944662	1.116033
-3.940735	1.082480
-3.936808	1.048085
-3.932881	1.013640
-3.928954	0.979936
-3.925027	0.947711
-3.921100	0.917618
-3.917173	0.890200
-3.913246	0.865885
-3.909319	0.844983
-3.905392	0.827694
-3.901465	0.814109
-3.897538	0.804212
-3.893611	0.797878
-3.889684	0.794867
-3.885757	0.794815
-3.881830	0.797222
-3.877903	0.801450
-3.873976	0.806729
-3.870049	0.812183
-3.866122	0.816882
-3.862195	0.819918
-3.858268	0.820497
-3.854341	0.818030
-3.850414	0.812213
-3.846488	0.803056
-3.842561	0.790880
-3.838634	0.776256
-3.834707	0.759927
-3.830780	0.742707
-3.826853	0.725398
-3.822926	0.708725
-3.818999	0.693298
-3.815072	0.679604
-3.811145	0.668007
-3.807218	0.658771
-3.803291	0.652081
-3.799364	0.648065
-3.795437	0.646814
-3.791510	0.648401
-3.787583	0.652892
-3.783656	0.660359
-3.779729	0.670887
-3.775802	0.684575
-3.771875	0.701543
-3.767948	0.721930
-3.764021	0.745889
-3.760094	0.773585
-3.756167	0.805185
-3.752240	0.840838
-3.748313	0.880663
-3.744386	0.924713
-3.740459	0.972944
-3.736532	1.025171
-3.732605	1.081018
-3.728678	1.139872
-3.724751	1.200846
-3.720824	1.262764
-3.716897	1.324177
-3.712970	1.383437
-3.709043	1.438804
-3.705116	1.488600
-3.701189	1.531374
-3.697262	1.566046
-3.693335	1.592011
-3.689408	1.609188
-3.685481	1.618015
-3.681554	1.619389
-3.677627	1.614585
-3.673700	1.605131
-3.669773	1.592683
-3.665846	1.578875
-3.661919	1.565176
-3.657992	1.552774
-3.654065	1.542484
-3.650138	1.534703
-3.646211	1.529416
-3.642284	1.526229
-3.638357	1.524454
-3.634430	1.523197
-3.630503	1.521478
-3.626576	1.518341
-3.622649	1.512965
-3.618722	1.504751
-3.614795	1.493371
-3.610868	1.478777
-3.606941	1.461171
-3.603014	1.440945
-3.599087	1.418609
-3.595160	1.394729
-3.591233	1.369874
-3.587306	1.344581
-3.583379	1.319328
-3.579452	1.294524
-3.575525	1.270504
-3.571598	1.247526
-3.567671	1.225777
-3.563744	1.205383
-3.559817	1.186419
-3.555890	1.168917
-3.551963	1.152878
-3.548036	1.138280
-3.544109	1.125084
-3.540182	1.113245
-3.536255	1.102711
-3.532328	1.093428
-3.528401	1.085344
-3.524474	1.078411
-3.520547	1.072584
-3.516620	1.067823
-3.512693	1.064092
-3.508766	1.061363
-3.504839	1.059610
-3.500912	1.058815
-3.496985	1.058963
-3.493058	1.060042
-3.489131	1.062045
-3.485204	1.064966
-3.481277	1.068802
-3.477350	1.073548
-3.473423	1.079198
-3.469496	1.085741
-3.465569	1.093163
-3.461642	1.101439
-3.457715	1.110535
-3.453788	1.120406
-3.449861	1.130993
-3.445934	1.142229
-3.442007	1.154038
-3.438080	1.166349
-3.434153	1.179100
-3.430226	1.192255
-3.426299	1.205809
-3.422372	1.219790
-3.418446	1.234245
-3.414519	1.249199
-3.410592	1.264602
-3.406665	1.280259
-3.402738	1.295766
-3.398811	1.310471
-3.394884	1.323482
-3.390957	1.333732
-3.387030	1.340092
-3.383103	1.341515
-3.379176	1.337171
-3.375249	1.326555
-3.371322	1.309526
-3.367395	1.286302
-3.363468	1.257407
-3.359541	1.223609
-3.355614	1.185846
-3.351687	1.145164
-3.347760	1.102665
-3.343833	1.059443
-3.339906	1.016537
-3.335979	0.974882
-3.332052	0.935272
-3.328125	0.898343
-3.324198	0.864572
-3.320271	0.834289
-3.316344	0.807699
-3.312417	0.784908
-3.308490	0.765947
-3.304563	0.750792
-3.300636	0.739380
-3.296709	0.731620
-3.292782	0.727393
-3.288855	0.726552
-3.284928	0.728914
-3.281001	0.734251
-3.277074	0.742281
-3.273147	0.752655
-3.269220	0.764963
-3.265293	0.778737
-3.261366	0.793474
-3.257439	0.808665
-3.253512	0.823833
-3.249585	0.838571
-3.245658	0.852566
-3.241731	0.865614
-3.237804	0.877614
-3.233877	0.888562
-3.229950	0.898519
-3.226023	0.907596
-3.222096	0.915928
-3.218169	0.923659
-3.214242	0.930928
-3.210315	0.937866
-3.206388	0.944590
-3.202461	0.951200
-3.198534	0.957782
-3.194607	0.964409
-3.190680	0.971142
-3.186753	0.978031
-3.182826	0.985120
-3.178899	0.992443
-3.174972	1.000032
-3.171045	1.007912
-3.167118	1.016106
-3.163191	1.024633
-3.159264	1.033511
-3.155337	1.042754
-3.151410	1.052378
-3.147483	1.062393
-3.143556	1.072810
-3.139629	1.083639
-3.135702	1.094884
-3.131775	1.106551
-3.127848	1.118639
-3.123921	1.131144
-3.119994	1.144057
-3.116067	1.157362
-3.112140	1.171032
-3.108213	1.185030
-3.104286	1.199305
-3.100359	1.213787
-3.096432	1.228381
-3.092505	1.242967
-3.088578	1.257386
-3.084651	1.271438
-3.080724	1.284869
-3.076797	1.297366
-3.072870	1.308542
-3.068943	1.317936
-3.065016	1.325001
-3.061089	1.329110
-3.057162	1.329571
-3.053235	1.325646
-3.049308	1.316605
-3.045381	1.301782
-3.041454	1.280661
-3.037527	1.252956
-3.033600	1.218696
-3.029673	1.178262
-3.025746	1.132395
-3.021819	1.082136
-3.017892	1.028730
-3.013965	0.973501
-3.010038	0.917727
-3.006111	0.862543
-3.002184	0.808880
-2.998257	0.757439
-2.994330	0.708698
-2.990404	0.662941
-2.986477	0.620293
-2.982550	0.580755
-2.978623	0.544244
-2.974696	0.510620
-2.970769	0.479708
-2.966842	0.451314
-2.962915	0.425242
-2.958988	0.401297
-2.955061	0.379292
-2.951134	0.359052
-2.947207	0.340416
-2.943280	0.323234
-2.939353	0.307371
-2.935426	0.292704
-2.931499	0.279123
-2.927572	0.266527
-2.923645	0.254827
-2.919718	0.243942
-2.915791	0.233800
-2.911864	0.224335
-2.907937	0.215490
-2.904010	0.207210
-2.900083	0.199450
-2.896156	0.192166
-2.892229	0.185320
-2.888302	0.178876
-2.884375	0.172804
-2.880448	0.167074
-2.876521	0.161662
-2.872594	0.156542
-2.868667	0.151695
-2.864740	0.147100
-2.860813	0.142740
-2.856886	0.138598
-2.852959	0.134660
-2.849032	0.130912
-2.845105	0.127341
-2.841178	0.123936
-2.837251	0.120686
-2.833324	0.117583
-2.829397	0.114615
-2.825470	0.111776
-2.821543	0.109058
-2.817616	0.106454
-2.813689	0.103957
-2.809762	0.101560
-2.805835	0.099259
-2.801908	0.097048
-2.797981	0.094923
-2.794054	0.092877
-2.790127	0.090909
-2.786200	0.089012
-2.782273	0.087184
-2.778346	0.085422
-2.774419	0.083721
-2.770492	0.082080
-2.766565	0.080494
-2.762638	0.078962
-2.758711	0.077480
-2.754784	0.076048
-2.750857	0.074661
-2.746930	0.073318
-2.743003	0.072018
-2.739076	0.070758
-2.735149	0.069537
-2.731222	0.068352
-2.727295	0.067203
-2.723368	0.066088
-2.719441	0.065005
-2.715514	0.063953
-2.711587	0.062931
-2.707660	0.061938
-2.703733	0.060972
-2.699806	0.060033
-2.695879	0.059119
-2.691952	0.058230
-2.688025	0.057364
-2.684098	0.056520
-2.680171	0.055699
-2.676244	0.054898
-2.672317	0.054118
-2.668390	0.053357
-2.664463	0.052615
-2.660536	0.051892
-2.656609	0.051185
-2.652682	0.050496
-2.648755	0.049823
-2.644828	0.049166
-2.640901	0.048524
-2.636974	0.047897
-2.633047	0.047284
-2.629120	0.046685
-2.625193	0.046100
-2.621266	0.045527
-2.617339	0.044967
-2.613412	0.044419
-2.609485	0.043883
-2.605558	0.043358
-2.601631	0.042845
-2.597704	0.042342
-2.593777	0.041850
-2.589850	0.041367
-2.585923	0.040895
-2.581996	0.040432
-2.578069	0.039978
-2.574142	0.039533
-2.570215	0.039098
-2.566288	0.038670
-2.562362	0.038251
-2.558435	0.037840
-2.554508	0.037436
-2.550581	0.037041
-2.546654	0.036652
-2.542727	0.036271
-2.538800	0.035897
-2.534873	0.035530
-2.530946	0.035170
-2.527019	0.034815
-2.523092	0.034468
-2.519165	0.034126
-2.515238	0.033790
-2.511311	0.033461
-2.507384	0.033137
-2.503457	0.032818
-2.499530	0.032505
-2.495603	0.032197
-2.491676	0.031895
-2.487749	0.031597
-2.483822	0.031305
-2.479895	0.031017
-2.475968	0.030734
-2.472041	0.030455
-2.468114	0.030181
-2.464187	0.029911
-2.460260	0.029646
-2.456333	0.029385
-2.452406	0.029128
-2.448479	0.028875
-2.444552	0.028626
-2.440625	0.028380
-2.436698	0.028139
-2.432771	0.027901
-2.428844	0.027666
-2.424917	0.027436
-2.420990	0.027208
-2.417063	0.026984
-2.413136	0.026763
-2.409209	0.026546
-2.405282	0.026332
-2.401355	0.026120
-2.397428	0.025912
-2.393501	0.025707
-2.389574	0.025504
-2.385647	0.025305
-2.381720	0.025108
-2.377793	0.024914
-2.373866	0.024723
-2.369939	0.024534
-2.366012	0.024348
-2.362085	0.024164
-2.358158	0.023983
-2.354231	0.023804
-2.350304	0.023628
-2.346377	0.023454
-2.342450	0.023283
-2.338523	0.023113
-2.334596	0.022946
-2.330669	0.022781
-2.326742	0.022618
-2.322815	0.022457
-2.318888	0.022298
-2.314961	0.022142
-2.311034	0.021987
-2.307107	0.021834
-2.303180	0.021683
-2.299253	0.021534
-2.295326	0.021387
-2.291399	0.021242
-2.287472	0.021098
-2.283545	0.020956
-2.279618	0.020816
-2.275691	0.020678
-2.271764	0.020541
-2.267837	0.020406
-2.263910	0.020272
-2.259983	0.020141
-2.256056	0.020010
-2.252129	0.019881
-2.248202	0.019754
-2.244275	0.019628
-2.240348	0.019504
-2.236421	0.019381
-2.232494	0.019259
-2.228567	0.019139
-2.224640	0.019020
-2.220713	0.018903
-2.216786	0.018787
-2.212859	0.018672
-2.208932	0.018558
-2.205005	0.018446
-2.201078	0.018335
-2.197151	0.018225
-2.193224	0.018116
-2.189297	0.018009
-2.185370	0.017902
-2.181443	0.017797
-2.177516	0.017693
-2.173589	0.017590
-2.169662	0.017488
-2.165735	0.017388
-2.161808	0.017288
-2.157881	0.017189
-2.153954	0.017092
-2.150027	0.016995
-2.146100	0.016900
-2.142173	0.016805
-2.138246	0.016711
-2.134320	0.016619
-2.130393	0.016527
-2.126466	0.016436
-2.122539	0.016346
-2.118612	0.016257
-2.114685	0.016169
-2.110758	0.016082
-2.106831	0.015996
-2.102904	0.015910
-2.098977	0.015826
-2.095050	0.015742
-2.091123	0.015659
-2.087196	0.015577
-2.083269	0.015496
-2.079342	0.015415
-2.075415	0.015335
-2.071488	0.015256
-2.067561	0.015178
-2.063634	0.015101
-2.059707	0.015024
-2.055780	0.014948
-2.051853	0.014873
-2.047926	0.014798
-2.043999	0.014724
-2.040072	0.014651
-2.036145	0.014578
-2.032218	0.014507
-2.028291	0.014435
-2.024364	0.014365
-2.020437	0.014295
-2.016510	0.014226
-2.012583	0.014157
-2.008656	0.014089
-2.004729	0.014022
-2.000802	0.013955
-1.996875	0.013889
-1.992948	0.013823
-1.989021	0.013759
-1.985094	0.013694
-1.981167	0.013630
-1.977240	0.013567
-1.973313	0.013504
-1.969386	0.013442
-1.965459	0.013381
-1.961532	0.013320
-1.957605	0.013259
-1.953678	0.013199
-1.949751	0.013140
-1.945824	0.013081
-1.941897	0.013022
-1.937970	0.012964
-1.934043	0.012907
-1.930116	0.012850
-1.926189	0.012793
-1.922262	0.012737
-1.918335	0.012682
-1.914408	0.012627
-1.910481	0.012572
-1.906554	0.012518
-1.902627	0.012464
-1.898700	0.012411
-1.894773	0.012358
-1.890846	0.012306
-1.886919	0.012254
-1.882992	0.012202
-1.879065	0.012151
-1.875138	0.012101
-1.871211	0.012050
-1.867284	0.012001
-1.863357	0.011951
-1.859430	0.011902
-1.855503	0.011853
-1.851576	0.011805
-1.847649	0.011757
-1.843722	0.011710
-1.839795	0.011663
-1.835868	0.011616
-1.831941	0.011570
-1.828014	0.011524
-1.824087	0.011478
-1.820160	0.011433
-1.816233	0.011388
-1.812306	0.011343
-1.808379	0.011299
-1.804452	0.011255
-1.800525	0.011212
-1.796598	0.011169
-1.792671	0.011126
-1.788744	0.011083
-1.784817	0.011041
-1.780890	0.010999
-1.776963	0.010957
-1.773036	0.010916
-1.769109	0.010875
-1.765182	0.010835
-1.761255	0.010794
-1.757328	0.010754
-1.753401	0.010715
-1.749474	0.010675
-1.745547	0.010636
-1.741620	0.010597
-1.737693	0.010559
-1.733766	0.010521
-1.729839	0.010483
-1.725912	0.010445
-1.721985	0.010408
-1.718058	0.010370
-1.714131	0.010334
-1.710205	0.010297
-1.706278	0.010261
-1.702351	0.010225
-1.698424	0.010189
-1.694497	0.010153
-1.690570	0.010118
-1.686643	0.010083
-1.682716	0.010048
-1.678789	0.010014
-1.674862	0.009980
-1.670935	0.009946
-1.667008	0.009912
-1.663081	0.009878
-1.659154	0.009845
-1.655227	0.009812
-1.651300	0.009779
-1.647373	0.009747
-1.643446	0.009714
-1.639519	0.009682
-1.635592	0.009650
-1.631665	0.009619
-1.627738	0.009587
-1.623811	0.009556
-1.619884	0.009525
-1.615957	0.009494
-1.612030	0.009464
-1.608103	0.009433
-1.604176	0.009403
-1.600249	0.009373
-1.596322	0.009343
-1.592395	0.009314
-1.588468	0.009285
-1.584541	0.009255
-1.580614	0.009227
-1.576687	0.009198
-1.572760	0.009169
-1.568833	0.009141
-1.564906	0.009113
-1.560979	0.009085
-1.557052	0.009057
-1.553125	0.009030
-1.549198	0.009002
-1.545271	0.008975
-1.541344	0.008948
-1.537417	0.008921
-1.533490	0.008894
-1.529563	0.008868
-1.525636	0.008842
-1.521709	0.008816
-1.517782	0.008790
-1.513855	0.008764
-1.509928	0.008738
-1.506001	0.008713
-1.502074	0.008688
-1.498147	0.008662
-1.494220	0.008638
-1.490293	0.008613
-1.486366	0.008588
-1.482439	0.008564
-1.478512	0.008539
-1.474585	0.008515
-1.470658	0.008491
-1.466731	0.008468
-1.462804	0.008444
-1.458877	0.008420
-1.454950	0.008397
-1.451023	0.008374
-1.447096	0.008351
-1.443169	0.008328
-1.439242	0.008305
-1.435315	0.008283
-1.431388	0.008260
-1.427461	0.008238
-1.423534	0.008216
-1.419607	0.008194
-1.415680	0.008172
-1.411753	0.008150
-1.407826	0.008129
-1.403899	0.008107
-1.399972	0.008086
-1.396045	0.008065
-1.392118	0.008044
-1.388191	0.008023
-1.384264	0.008002
-1.380337	0.007981
-1.376410	0.007961
-1.372483	0.007941
-1.368556	0.007920
-1.364629	0.007900
-1.360702	0.007880
-1.356775	0.007860
-1.352848	0.007841
-1.348921	0.007821
-1.344994	0.007801
-1.341067	0.007782
-1.337140	0.007763
-1.333213	0.007744
-1.329286	0.007725
-1.325359	0.007706
-1.321432	0.007687
-1.317505	0.007668
-1.313578	0.007650
-1.309651	0.007632
-1.305724	0.007613
-1.301797	0.007595
-1.297870	0.007577
-1.293943	0.007559
-1.290016	0.007541
-1.286089	0.007523
-1.282163	0.007506
-1.278236	0.007488
-1.274309	0.007471
-1.270382	0.007454
-1.266455	0.007436
-1.262528	0.007419
-1.258601	0.007402
-1.254674	0.007386
-1.250747	0.007369
-1.246820	0.007352
-1.242893	0.007336
-1.238966	0.007319
-1.235039	0.007303
-1.231112	0.007287
-1.227185	0.007270
-1.223258	0.007254
-1.219331	0.007238
-1.215404	0.007223
-1.211477	0.007207
-1.207550	0.007191
-1.203623	0.007176
-1.199696	0.007160
-1.195769	0.007145
-1.191842	0.007129
-1.187915	0.007114
-1.183988	0.007099
-1.180061	0.007084
-1.176134	0.007069
-1.172207	0.007054
-1.168280	0.007040
-1.164353	0.007025
-1.160426	0.007011
-1.156499	0.006996
-1.152572	0.006982
-1.148645	0.006968
-1.144718	0.006953
-1.140791	0.006939
-1.136864	0.006925
-1.132937	0.006911
-1.129010	0.006897
-1.125083	0.006884
-1.121156	0.006870
-1.117229	0.006856
-1.113302	0.006843
-1.109375	0.006830
-1.105448	0.006816
-1.101521	0.006803
-1.097594	0.006790
-1.093667	0.006777
-1.089740	0.006764
-1.085813	0.006751
-1.081886	0.006738
-1.077959	0.006725
-1.074032	0.006712
-1.070105	0.006700
-1.066178	0.006687
-1.062251	0.006675
-1.058324	0.006662
-1.054397	0.006650
-1.050470	0.006638
-1.046543	0.006626
-1.042616	0.006614
-1.038689	0.006602
-1.034762	0.006590
-1.030835	0.006578
-1.026908	0.006566
-1.022981	0.006554
-1.019054	0.006543
-1.015127	0.006531
-1.011200	0.006520
-1.007273	0.006508
-1.003346	0.006497
-0.999419	0.006486
-0.995492	0.006474
-0.991565	0.006463
-0.987638	0.006452
-0.983711	0.006441
-0.979784	0.006430
-0.975857	0.006419
-0.971930	0.006409
-0.968003	0.006398
-0.964076	0.006387
-0.960149	0.006377
-0.956222	0.006366
-0.952295	0.006356
-0.948368	0.006345
-0.944441	0.006335
-0.940514	0.006325
-0.936587	0.006314
-0.932660	0.006304
-0.928733	0.006294
-0.924806	0.006284
-0.920879	0.006274
-0.916952	0.006264
-0.913025	0.006255
-0.909098	0.006245
-0.905171	0.006235
-0.901244	0.006225
-0.897317	0.006216
-0.893390	0.006206
-0.889463	0.006197
-0.885536	0.006188
-0.881609	0.006178
-0.877682	0.006169
-0.873755	0.006160
-0.869828	0.006151
-0.865901	0.006141
-0.861974	0.006132
-0.858047	0.006123
-0.854121	0.006115
-0.850194	0.006106
-0.846267	0.006097
-0.842340	0.006088
-0.838413	0.006079
-0.834486	0.006071
-0.830559	0.006062
-0.826632	0.006054
-0.822705	0.006045
-0.818778	0.006037
-0.814851	0.006028
-0.810924	0.006020
-0.806997	0.006012
-0.803070	0.006004
-0.799143	0.005996
-0.795216	0.005988
-0.791289	0.005980
-0.787362	0.005972
-0.783435	0.005964
-0.779508	0.005956
-0.775581	0.005948
-0.771654	0.005940
-0.767727	0.005932
-0.763800	0.005925
-0.759873	0.005917
-0.755946	0.005910
-0.752019	0.005902
-0.748092	0.005895
-0.744165	0.005887
-0.740238	0.005880
-0.736311	0.005873
-0.732384	0.005865
-0.728457	0.005858
-0.724530	0.005851
-0.720603	0.005844
-0.716676	0.005837
-0.712749	0.005830
-0.708822	0.005823
-0.704895	0.005816
-0.700968	0.005809
-0.697041	0.005803
-0.693114	0.005796
-0.689187	0.005789
-0.685260	0.005782
-0.681333	0.005776
-0.677406	0.005769
-0.673479	0.005763
-0.669552	0.005756
-0.665625	0.005750
-0.661698	0.005743
-0.657771	0.005737
-0.653844	0.005731
-0.649917	0.005725
-0.645990	0.005718
-0.642063	0.005712
-0.638136	0.005706
-0.634209	0.005700
-0.630282	0.005694
-0.626355	0.005688
-0.622428	0.005682
-0.618501	0.005676
-0.614574	0.005671
-0.610647	0.005665
-0.606720	0.005659
-0.602793	0.005653
-0.598866	0.005648
-0.594939	0.005642
-0.591012	0.005637
-0.587085	0.005631
-0.583158	0.005626
-0.579231	0.005620
-0.575304	0.005615
-0.571377	0.005610
-0.567450	0.005604
-0.563523	0.005599
-0.559596	0.005594
-0.555669	0.005589
-0.551742	0.005584
-0.547815	0.005578
-0.543888	0.005573
-0.539961	0.005568
-0.536034	0.005563
-0.532107	0.005559
-0.528180	0.005554
-0.524253	0.005549
-0.520326	0.005544
-0.516399	0.005539
-0.512472	0.005535
-0.508545	0.005530
-0.504618	0.005525
-0.500691	0.005521
-0.496764	0.005516
-0.492837	0.005512
-0.488910	0.005507
-0.484983	0.005503
-0.481056	0.005498
-0.477129	0.005494
-0.473202	0.005490
-0.469275	0.005486
-0.465348	0.005481
-0.461421	0.005477
-0.457494	0.005473
-0.453567	0.005469
-0.449640	0.005465
-0.445713	0.005461
-0.441786	0.005457
-0.437859	0.005453
-0.433932	0.005449
-0.430005	0.005445
-0.426079	0.005441
-0.422152	0.005438
-0.418225	0.005434
-0.414298	0.005430
-0.410371	0.005426
-0.406444	0.005423
-0.402517	0.005419
-0.398590	0.005416
-0.394663	0.005412
-0.390736	0.005409
-0.386809	0.005405
-0.382882	0.005402
-0.378955	0.005398
-0.375028	0.005395
-0.371101	0.005392
-0.367174	0.005388
-0.363247	0.005385
-0.359320	0.005382
-0.355393	0.005379
-0.351466	0.005376
-0.347539	0.005373
-0.343612	0.005370
-0.339685	0.005367
-0.335758	0.005364
-0.331831	0.005361
-0.327904	0.005358
-0.323977	0.005355
-0.320050	0.005352
-0.316123	0.005349
-0.312196	0.005347
-0.308269	0.005344
-0.304342	0.005341
-0.300415	0.005339
-0.296488	0.005336
-0.292561	0.005333
-0.288634	0.005331
-0.284707	0.005328
-0.280780	0.005326
-0.276853	0.005324
-0.272926	0.005321
-0.268999	0.005319
-0.265072	0.005316
-0.261145	0.005314
-0.257218	0.005312
-0.253291	0.005310
-0.249364	0.005308
-0.245437	0.005305
-0.241510	0.005303
-0.237583	0.005301
-0.233656	0.005299
-0.229729	0.005297
-0.225802	0.005295
-0.221875	0.005293
-0.217948	0.005291
-0.214021	0.005290
-0.210094	0.005288
-0.206167	0.005286
-0.202240	0.005284
-0.198313	0.005282
-0.194386	0.005281
-0.190459	0.005279
-0.186532	0.005277
-0.182605	0.005276
-0.178678	0.005274
-0.174751	0.005273
-0.170824	0.005271
-0.166897	0.005270
-0.162970	0.005268
-0.159043	0.005267
-0.155116	0.005266
-0.151189	0.005264
-0.147262	0.005263
-0.143335	0.005262
-0.139408	0.005261
-0.135481	0.005260
-0.131554	0.005258
-0.127627	0.005257
-0.123700	0.005256
-0.119773	0.005255
-0.115846	0.005254
-0.111919	0.005253
-0.107992	0.005252
-0.104065	0.005251
-0.100138	0.005250
-0.096211	0.005250
-0.092284	0.005249
-0.088357	0.005248
-0.084430	0.005247
-0.080503	0.005247
-0.076576	0.005246
-0.072649	0.005245
-0.068722	0.005245
-0.064795	0.005244
-0.060868	0.005244
-0.056941	0.005243
-0.053014	0.005243
-0.049087	0.005242
-0.045160	0.005242
-0.041233	0.005241
-0.037306	0.005241
-0.033379	0.005241
-0.029452	0.005241
-0.025525	0.005240
-0.021598	0.005240
-0.017671	0.005240
-0.013744	0.005240
-0.009817	0.005240
-0.005890	0.005240
-0.001963	0.005240
0.001963	0.005240
0.005890	0.005240
0.009817	0.005240
0.013744	0.005240
0.017671	0.005240
0.021598	0.005240
0.025525	0.005240
0.029452	0.005241
0.033379	0.005241
0.037306	0.005241
0.041233	0.005241
0.045160	0.005242
0.049087	0.005242
0.053014	0.005243
0.056941	0.005243
0.060868	0.005244
0.064795	0.005244
0.068722	0.005245
0.072649	0.005245
0.076576	0.005246
0.080503	0.005247
0.084430	0.005247
0.088357	0.005248
0.092284	0.005249
0.096211	0.005250
0.100138	0.005250
0.104065	0.005251
0.107992	0.005252
0.111919	0.005253
0.115846	0.005254
0.119773	0.005255
0.123700	0.005256
0.127627	0.005257
0.131554	0.005258
0.135481	0.005260
0.139408	0.005261
0.143335	0.005262
0.147262	0.005263
0.151189	0.005264
0.155116	0.005266
0.159043	0.005267
0.162970	0.005268
0.166897	0.005270
0.170824	0.005271
0.174751	0.005273
0.178678	0.005274
0.182605	0.005276
0.186532	0.005277
0.190459	0.005279
0.194386	0.005281
0.198313	0.005282
0.202240	0.005284
0.206167	0.005286
0.210094	0.005288
0.214021	0.005290
0.217948	0.005291
0.221875	0.005293
0.225802	0.005295
0.229729	0.005297
0.233656	0.005299
0.237583	0.005301
0.241510	0.005303
0.245437	0.005305
0.249364	0.005308
0.253291	0.005310
0.257218	0.005312
0.261145	0.005314
0.265072	0.005317
0.268999	0.005319
0.272926	0.005321
0.276853	0.005324
0.280780	0.005326
0.284707	0.005328
0.288634	0.005331
0.292561	0.005333
0.296488	0.005336
0.300415	0.005339
0.304342	0.005341
0.308269	0.005344
0.312196	0.005347
0.316123	0.005349
0.320050	0.005352
0.323977	0.005355
0.327904	0.005358
0.331831	0.005361
0.335758	0.005364
0.339685	0.005367
0.343612	0.005370
0.347539	0.005373
0.351466	0.005376
0.355393	0.005379
0.359320	0.005382
0.363247	0.005385
0.367174	0.005388
0.371101	0.005392
0.375028	0.005395
0.378955	0.005398
0.382882	0.005402
0.386809	0.005405
0.390736	0.005409
0.394663	0.005412
0.398590	0.005416
0.402517	0.005419
0.406444	0.005423
0.410371	0.005426
0.414298	0.005430
0.418225	0.005434
0.422152	0.005438
0.426079	0.005441
0.430005	0.005445
0.433932	0.005449
0.437859	0.005453
0.441786	0.005457
0.445713	0.005461
0.449640	0.005465
0.453567	0.005469
0.457494	0.005473
0.461421	0.005477
0.465348	0.005481
0.469275	0.005486
0.473202	0.005490
0.477129	0.005494
0.481056	0.005498
0.484983	0.005503
0.488910	0.005507
0.492837	0.005512
0.496764	0.005516
0.500691	0.005521
0.504618	0.005525
0.508545	0.005530
0.512472	0.005535
0.516399	0.005539
0.520326	0.005544
0.524253	0.005549
0.528180	0.005554
0.532107	0.005559
0.536034	0.005564
0.539961	0.005568
0.543888	0.005573
0.547815	0.005578
0.551742	0.005584
0.555669	0.005589
0.559596	0.005594
0.563523	0.005599
0.567450	0.005604
0.571377	0.005610
0.575304	0.005615
0.579231	0.005620
0.583158	0.005626
0.587085	0.005631
0.591012	0.005637
0.594939	0.005642
0.598866	0.005648
0.602793	0.005654
0.606720	0.005659
0.610647	0.005665
0.614574	0.005671
0.618501	0.005677
0.622428	0.005682
0.626355	0.005688
0.630282	0.005694
0.634209	0.005700
0.638136	0.005706
0.642063	0.005712
0.645990	0.005719
0.649917	0.005725
0.653844	0.005731
0.657771	0.005737
0.661698	0.005744
0.665625	0.005750
0.669552	0.005756
0.673479	0.005763
0.677406	0.005769
0.681333	0.005776
0.685260	0.005782
0.689187	0.005789
0.693114	0.005796
0.697041	0.005803
0.700968	0.005809
0.704895	0.005816
0.708822	0.005823
0.712749	0.005830
0.716676	0.005837
0.720603	0.005844
0.724530	0.005851
0.728457	0.005858
0.732384	0.005866
0.736311	0.005873
0.740238	0.005880
0.744165	0.005887
0.748092	0.005895
0.752019	0.005902
0.755946	0.005910
0.759873	0.005917
0.763800	0.005925
0.767727	0.005933
0.771654	0.005940
0.775581	0.005948
0.779508	0.005956
0.783435	0.005964
0.787362	0.005972
0.791289	0.005980
0.795216	0.005988
0.799143	0.005996
0.803070	0.006004
0.806997	0.006012
0.810924	0.006020
0.814851	0.006029
0.818778	0.006037
0.822705	0.006045
0.826632	0.006054
0.830559	0.006062
0.834486	0.006071
0.838413	0.006080
0.842340	0.006088
0.846267	0.006097
0.850194	0.006106
0.854121	0.006115
0.858047	0.006124
0.861974	0.006133
0.865901	0.006142
0.869828	0.006151
0.873755	0.006160
0.877682	0.006169
0.881609	0.006178
0.885536	0.006188
0.889463	0.006197
0.893390	0.006206
0.897317	0.006216
0.901244	0.006226
0.905171	0.006235
0.909098	0.006245
0.913025	0.006255
0.916952	0.006264
0.920879	0.006274
0.924806	0.006284
0.928733	0.006294
0.932660	0.006304
0.936587	0.006315
0.940514	0.006325
0.944441	0.006335
0.948368	0.006345
0.952295	0.006356
0.956222	0.006366
0.960149	0.006377
0.964076	0.006387
0.968003	0.006398
0.971930	0.006409
0.975857	0.006420
0.979784	0.006430
0.983711	0.006441
0.987638	0.006452
0.991565	0.006463
0.995492	0.006475
0.999419	0.006486
1.003346	0.006497
1.007273	0.006508
1.011200	0.006520
1.015127	0.006531
1.019054	0.006543
1.022981	0.006555
1.026908	0.006566
1.030835	0.006578
1.034762	0.006590
1.038689	0.006602
1.042616	0.006614
1.046543	0.006626
1.050470	0.006638
1.054397	0.006650
1.058324	0.006663
1.062251	0.006675
1.066178	0.006687
1.070105	0.006700
1.074032	0.006713
1.077959	0.006725
1.081886	0.006738
1.085813	0.006751
1.089740	0.006764
1.093667	0.006777
1.097594	0.006790
1.101521	0.006803
1.105448	0.006816
1.109375	0.006830
1.113302	0.006843
1.117229	0.006857
1.121156	0.006870
1.125083	0.006884
1.129010	0.006898
1.132937	0.006911
1.136864	0.006925
1.140791	0.006939
1.144718	0.006954
1.148645	0.006968
1.152572	0.006982
1.156499	0.006996
1.160426	0.007011
1.164353	0.007025
1.168280	0.007040
1.172207	0.007055
1.176134	0.007069
1.180061	0.007084
1.183988	0.007099
1.187915	0.007114
1.191842	0.007130
1.195769	0.007145
1.199696	0.007160
1.203623	0.007176
1.207550	0.007191
1.211477	0.007207
1.215404	0.007223
1.219331	0.007239
1.223258	0.007255
1.227185	0.007271
1.231112	0.007287
1.235039	0.007303
1.238966	0.007319
1.242893	0.007336
1.246820	0.007352
1.250747	0.007369
1.254674	0.007386
1.258601	0.007403
1.262528	0.007420
1.266455	0.007437
1.270382	0.007454
1.274309	0.007471
1.278236	0.007489
1.282163	0.007506
1.286089	0.007524
1.290016	0.007541
1.293943	0.007559
1.297870	0.007577
1.301797	0.007595
1.305724	0.007614
1.309651	0.007632
1.313578	0.007650
1.317505	0.007669
1.321432	0.007687
1.325359	0.007706
1.329286	0.007725
1.333213	0.007744
1.337140	0.007763
1.341067	0.007782
1.344994	0.007802
1.348921	0.007821
1.352848	0.007841
1.356775	0.007861
1.360702	0.007881
1.364629	0.007901
1.368556	0.007921
1.372483	0.007941
1.376410	0.007961
1.380337	0.007982
1.384264	0.008002
1.388191	0.008023
1.392118	0.008044
1.396045	0.008065
1.399972	0.008086
1.403899	0.008108
1.407826	0.008129
1.411753	0.008151
1.415680	0.008172
1.419607	0.008194
1.423534	0.008216
1.427461	0.008238
1.431388	0.008261
1.435315	0.008283
1.439242	0.008306
1.443169	0.008328
1.447096	0.008351
1.451023	0.008374
1.454950	0.008398
1.458877	0.008421
1.462804	0.008444
1.466731	0.008468
1.470658	0.008492
1.474585	0.008516
1.478512	0.008540
1.482439	0.008564
1.486366	0.008589
1.490293	0.008613
1.494220	0.008638
1.498147	0.008663
1.502074	0.008688
1.506001	0.008713
1.509928	0.008739
1.513855	0.008764
1.517782	0.008790
1.521709	0.008816
1.525636	0.008842
1.529563	0.008869
1.533490	0.008895
1.537417	0.008922
1.541344	0.008949
1.545271	0.008976
1.549198	0.009003
1.553125	0.009030
1.557052	0.009058
1.560979	0.009085
1.564906	0.009113
1.568833	0.009142
1.572760	0.009170
1.576687	0.009198
1.580614	0.009227
1.584541	0.009256
1.588468	0.009285
1.592395	0.009315
1.596322	0.009344
1.600249	0.009374
1.604176	0.009404
1.608103	0.009434
1.612030	0.009464
1.615957	0.009495
1.619884	0.009526
1.623811	0.009557
1.627738	0.009588
1.631665	0.009619
1.635592	0.009651
1.639519	0.009683
1.643446	0.009715
1.647373	0.009747
1.651300	0.009780
1.655227	0.009813
1.659154	0.009846
1.663081	0.009879
1.667008	0.009913
1.670935	0.009946
1.674862	0.009981
1.678789	0.010015
1.682716	0.010049
1.686643	0.010084
1.690570	0.010119
1.694497	0.010154
1.698424	0.010190
1.702351	0.010226
1.706278	0.010262
1.710205	0.010298
1.714131	0.010335
1.718058	0.010371
1.721985	0.010409
1.725912	0.010446
1.729839	0.010484
1.733766	0.010522
1.737693	0.010560
1.741620	0.010598
1.745547	0.010637
1.749474	0.010676
1.753401	0.010716
1.757328	0.010756
1.761255	0.010796
1.765182	0.010836
1.769109	0.010877
1.773036	0.010917
1.776963	0.010959
1.780890	0.011000
1.784817	0.011042
1.788744	0.011084
1.792671	0.011127
1.796598	0.011170
1.800525	0.011213
1.804452	0.011257
1.808379	0.011301
1.812306	0.011345
1.816233	0.011389
1.820160	0.011434
1.824087	0.011480
1.828014	0.011525
1.831941	0.011571
1.835868	0.011618
1.839795	0.011664
1.843722	0.011711
1.847649	0.011759
1.851576	0.011807
1.855503	0.011855
1.859430	0.011904
1.863357	0.011953
1.867284	0.012002
1.871211	0.012052
1.875138	0.012102
1.879065	0.012153
1.882992	0.012204
1.886919	0.012256
1.890846	0.012308
1.894773	0.012360
1.898700	0.012413
1.902627	0.012466
1.906554	0.012520
1.910481	0.012574
1.914408	0.012629
1.918335	0.012684
1.922262	0.012739
1.926189	0.012796
1.930116	0.012852
1.934043	0.012909
1.937970	0.012967
1.941897	0.013024
1.945824	0.013083
1.949751	0.013142
1.953678	0.013201
1.957605	0.013262
1.961532	0.013322
1.965459	0.013383
1.969386	0.013445
1.973313	0.013507
1.977240	0.013570
1.981167	0.013633
1.985094	0.013697
1.989021	0.013761
1.992948	0.013826
1.996875	0.013892
2.000802	0.013958
2.004729	0.014025
2.008656	0.014092
2.012583	0.014160
2.016510	0.014229
2.020437	0.014298
2.024364	0.014368
2.028291	0.014439
2.032218	0.014510
2.036145	0.014582
2.040072	0.014654
2.043999	0.014728
2.047926	0.014802
2.051853	0.014876
2.055780	0.014952
2.059707	0.015028
2.063634	0.015105
2.067561	0.015182
2.071488	0.015260
2.075415	0.015339
2.079342	0.015419
2.083269	0.015500
2.087196	0.015581
2.091123	0.015663
2.095050	0.015746
2.098977	0.015830
2.102904	0.015915
2.106831	0.016001
2.110758	0.016087
2.114685	0.016174
2.118612	0.016262
2.122539	0.016351
2.126466	0.016441
2.130393	0.016532
2.134320	0.016624
2.138246	0.016717
2.142173	0.016810
2.146100	0.016905
2.150027	0.017001
2.153954	0.017097
2.157881	0.017195
2.161808	0.017294
2.165735	0.017394
2.169662	0.017495
2.173589	0.017597
2.177516	0.017700
2.181443	0.017804
2.185370	0.017909
2.189297	0.018015
2.193224	0.018123
2.197151	0.018232
2.201078	0.018342
2.205005	0.018453
2.208932	0.018566
2.212859	0.018679
2.216786	0.018794
2.220713	0.018911
2.224640	0.019028
2.228567	0.019147
2.232494	0.019268
2.236421	0.019389
2.240348	0.019512
2.244275	0.019637
2.248202	0.019763
2.252129	0.019891
2.256056	0.020020
2.259983	0.020150
2.263910	0.020282
2.267837	0.020416
2.271764	0.020551
2.275691	0.020688
2.279618	0.020827
2.283545	0.020967
2.287472	0.021109
2.291399	0.021253
2.295326	0.021399
2.299253	0.021546
2.303180	0.021695
2.307107	0.021846
2.311034	0.021999
2.314961	0.022155
2.318888	0.022312
2.322815	0.022471
2.326742	0.022632
2.330669	0.022795
2.334596	0.022960
2.338523	0.023128
2.342450	0.023297
2.346377	0.023469
2.350304	0.023644
2.354231	0.023820
2.358158	0.023999
2.362085	0.024181
2.366012	0.024365
2.369939	0.024551
2.373866	0.024740
2.377793	0.024932
2.381720	0.025127
2.385647	0.025324
2.389574	0.025524
2.393501	0.025727
2.397428	0.025932
2.401355	0.026141
2.405282	0.026353
2.409209	0.026568
2.413136	0.026786
2.417063	0.027007
2.420990	0.027232
2.424917	0.027460
2.428844	0.027691
2.432771	0.027926
2.436698	0.028165
2.440625	0.028407
2.444552	0.028653
2.448479	0.028903
2.452406	0.029157
2.456333	0.029414
2.460260	0.029676
2.464187	0.029942
2.468114	0.030213
2.472041	0.030488
2.475968	0.030767
2.479895	0.031051
2.483822	0.031340
2.487749	0.031633
2.491676	0.031932
2.495603	0.032235
2.499530	0.032544
2.503457	0.032858
2.507384	0.033178
2.511311	0.033503
2.515238	0.033834
2.519165	0.034171
2.523092	0.034514
2.527019	0.034863
2.530946	0.035218
2.534873	0.035580
2.538800	0.035949
2.542727	0.036325
2.546654	0.036707
2.550581	0.037097
2.554508	0.037495
2.558435	0.037900
2.562362	0.038313
2.566288	0.038734
2.570215	0.039163
2.574142	0.039601
2.578069	0.040048
2.581996	0.040503
2.585923	0.040969
2.589850	0.041443
2.593777	0.041928
2.597704	0.042423
2.601631	0.042928
2.605558	0.043445
2.609485	0.043972
2.613412	0.044511
2.617339	0.045062
2.621266	0.045625
2.625193	0.046201
2.629120	0.046790
2.633047	0.047393
2.636974	0.048009
2.640901	0.048640
2.644828	0.049286
2.648755	0.049948
2.652682	0.050625
2.656609	0.051319
2.660536	0.052030
2.664463	0.052758
2.668390	0.053506
2.672317	0.054272
2.676244	0.055058
2.680171	0.055864
2.684098	0.056692
2.688025	0.057542
2.691952	0.058415
2.695879	0.059311
2.699806	0.060233
2.703733	0.061180
2.707660	0.062154
2.711587	0.063156
2.715514	0.064187
2.719441	0.065248
2.723368	0.066341
2.727295	0.067467
2.731222	0.068628
2.735149	0.069824
2.739076	0.071058
2.743003	0.072331
2.746930	0.073645
2.750857	0.075002
2.754784	0.076404
2.758711	0.077853
2.762638	0.079352
2.766565	0.080902
2.770492	0.082507
2.774419	0.084169
2.778346	0.085891
2.782273	0.087676
2.786200	0.089529
2.790127	0.091451
2.794054	0.093447
2.797981	0.095521
2.801908	0.097678
2.805835	0.099923
2.809762	0.102259
2.813689	0.104693
2.817616	0.107231
2.821543	0.109879
2.825470	0.112643
2.829397	0.115531
2.833324	0.118552
2.837251	0.121713
2.841178	0.125024
2.845105	0.128495
2.849032	0.132137
2.852959	0.135962
2.856886	0.139983
2.860813	0.144214
2.864740	0.148671
2.868667	0.153371
2.872594	0.158333
2.876521	0.163576
2.880448	0.169123
2.884375	0.174999
2.888302	0.181232
2.892229	0.187850
2.896156	0.194887
2.900083	0.202381
2.904010	0.210371
2.907937	0.218902
2.911864	0.228025
2.915791	0.237795
2.919718	0.248274
2.923645	0.259530
2.927572	0.271641
2.931499	0.284691
2.935426	0.298775
2.939353	0.313999
2.943280	0.330478
2.947207	0.348343
2.951134	0.367735
2.955061	0.388810
2.958988	0.411735
2.962915	0.436692
2.966842	0.463869
2.970769	0.493463
2.974696	0.525666
2.978623	0.560661
2.982550	0.598602
2.986477	0.639598
2.990404	0.683684
2.994330	0.730787
2.998257	0.780694
3.002184	0.833012
3.006111	0.887134
3.010038	0.942228
3.013965	0.997246
3.017892	1.050967
3.021819	1.102085
3.025746	1.149323
3.029673	1.191557
3.033600	1.227927
3.037527	1.257912
3.041454	1.281352
3.045381	1.298414
3.049308	1.309528
3.053235	1.315307
3.057162	1.316456
3.061089	1.313709
3.065016	1.307773
3.068943	1.299297
3.072870	1.288852
3.076797	1.276931
3.080724	1.263942
3.084651	1.250225
3.088578	1.236051
3.092505	1.221639
3.096432	1.207162
3.100359	1.192752
3.104286	1.178512
3.108213	1.164521
3.112140	1.150837
3.116067	1.137501
3.119994	1.124543
3.123921	1.111983
3.127848	1.099833
3.131775	1.088099
3.135702	1.076783
3.139629	1.065882
3.143556	1.055391
3.147483	1.045304
3.151410	1.035612
3.155337	1.026304
3.159264	1.017368
3.163191	1.008792
3.167118	1.000561
3.171045	0.992661
3.174972	0.985072
3.178899	0.977776
3.182826	0.970749
3.186753	0.963965
3.190680	0.957393
3.194607	0.950998
3.198534	0.944734
3.202461	0.938550
3.206388	0.932383
3.210315	0.926159
3.214242	0.919790
3.218169	0.913174
3.222096	0.906194
3.226023	0.898722
3.229950	0.890623
3.233877	0.881764
3.237804	0.872026
3.241731	0.861326
3.245658	0.849635
3.249585	0.837005
3.253512	0.823582
3.257439	0.809619
3.261366	0.795471
3.265293	0.781576
3.269220	0.768424
3.273147	0.756518
3.277074	0.746343
3.281001	0.738341
3.284928	0.732890
3.288855	0.730306
3.292782	0.730844
3.296709	0.734704
3.300636	0.742043
3.304563	0.752977
3.308490	0.767587
3.312417	0.785911
3.316344	0.807941
3.320271	0.833601
3.324198	0.862738
3.328125	0.895094
3.332052	0.930297
3.335979	0.967852
3.339906	1.007138
3.343833	1.047434
3.347760	1.087941
3.351687	1.127822
3.355614	1.166230
3.359541	1.202338
3.363468	1.235347
3.367395	1.264505
3.371322	1.289126
3.375249	1.308629
3.379176	1.322601
3.383103	1.330866
3.387030	1.333547
3.390957	1.331091
3.394884	1.324230
3.398811	1.313897
3.402738	1.301097
3.406665	1.286773
3.410592	1.271707
3.414519	1.256462
3.418446	1.241385
3.422372	1.226639
3.426299	1.212274
3.430226	1.198282
3.434153	1.184649
3.438080	1.171382
3.442007	1.158518
3.445934	1.146124
3.449861	1.134281
3.453788	1.123077
3.457715	1.112595
3.461642	1.102908
3.465569	1.094077
3.469496	1.086147
3.473423	1.079152
3.477350	1.073117
3.481277	1.068056
3.485204	1.063979
3.489131	1.060895
3.493058	1.058808
3.496985	1.057725
3.500912	1.057654
3.504839	1.058607
3.508766	1.060598
3.512693	1.063646
3.516620	1.067774
3.520547	1.073012
3.524474	1.079392
3.528401	1.086951
3.532328	1.095731
3.536255	1.105774
3.540182	1.117124
3.544109	1.129824
3.548036	1.143909
3.551963	1.159407
3.555890	1.176329
3.559817	1.194664
3.563744	1.214371
3.567671	1.235370
3.571598	1.257533
3.575525	1.280676
3.579452	1.304555
3.583379	1.328859
3.587306	1.353219
3.591233	1.377209
3.595160	1.400362
3.599087	1.422182
3.603014	1.442170
3.606941	1.459850
3.610868	1.474815
3.614795	1.486780
3.618722	1.495646
3.622649	1.501544
3.626576	1.504869
3.630503	1.506263
3.634430	1.506567
3.638357	1.506739
3.642284	1.507755
3.646211	1.510506
3.650138	1.515690
3.654065	1.523726
3.657992	1.534669
3.661919	1.548164
3.665846	1.563424
3.669773	1.579261
3.673700	1.594153
3.677627	1.606363
3.681554	1.614085
3.685481	1.615607
3.689408	1.609473
3.693335	1.594629
3.697262	1.570528
3.701189	1.537202
3.705116	1.495262
3.709043	1.445841
3.712970	1.390473
3.716897	1.330927
3.720824	1.269029
3.724751	1.206502
3.728678	1.144848
3.732605	1.085281
3.736532	1.028711
3.740459	0.975762
3.744386	0.926814
3.748313	0.882048
3.752240	0.841505
3.756167	0.805121
3.760094	0.772772
3.764021	0.744296
3.767948	0.719518
3.771875	0.698263
3.775802	0.680368
3.779729	0.665685
3.783656	0.654089
3.787583	0.645475
3.791510	0.639760
3.795437	0.636881
3.799364	0.636787
3.803291	0.639438
3.807218	0.644791
3.811145	0.652794
3.815072	0.663366
3.818999	0.676381
3.822926	0.691645
3.826853	0.708875
3.830780	0.727680
3.834707	0.747546
3.838634	0.767842
3.842561	0.787841
3.846488	0.806774
3.850414	0.823906
3.854341	0.838624
3.858268	0.850534
3.862195	0.859526
3.866122	0.865803
3.870049	0.869865
3.873976	0.872446
3.877903	0.874419
3.881830	0.876704
3.885757	0.880171
3.889684	0.885577
3.893611	0.893512
3.897538	0.904382
3.901465	0.918399
3.905392	0.935584
3.909319	0.955785
3.913246	0.978691
3.917173	1.003865
3.921100	1.030770
3.925027	1.058802
3.928954	1.087324
3.932881	1.115692
3.936808	1.143291
3.940735	1.169561
3.944662	1.194024
3.948589	1.216305
3.952516	1.236138
3.956443	1.253352
3.960370	1.267850
3.964297	1.279575
3.968224	1.288469
3.972151	1.294445
3.976078	1.297356
3.980005	1.296990
3.983932	1.293071
3.987859	1.285280
3.991786	1.273293
3.995713	1.256838
3.999640	1.235759
4.003567	1.210081
4.007494	1.180068
4.011421	1.146239
4.015348	1.109359
4.019275	1.070378
4.023202	1.030346
4.027129	0.990311
4.031056	0.951229
4.034983	0.913898
4.038910	0.878911
4.042837	0.846653
4.046764	0.817307
4.050691	0.790882
4.054618	0.767253
4.058545	0.746205
4.062472	0.727481
4.066399	0.710834
4.070326	0.696065
4.074253	0.683055
4.078180	0.671775
4.082107	0.662282
4.086034	0.654698
4.089961	0.649181
4.093888	0.645897
4.097815	0.644987
4.101742	0.646544
4.105669	0.650591
4.109596	0.657057
4.113523	0.665759
4.117450	0.676383
4.121377	0.688469
4.125304	0.701402
4.129231	0.714425
4.133158	0.726666
4.137085	0.737196
4.141012	0.745117
4.144939	0.749657
4.148866	0.750276
4.152793	0.746742
4.156720	0.739164
4.160647	0.727971
4.164574	0.713843
4.168501	0.697611
4.172428	0.680155
4.176355	0.662314
4.180282	0.644819
4.184209	0.628260
4.188136	0.613073
4.192063	0.599540
4.195990	0.587807
4.199917	0.577904
4.203844	0.569776
4.207771	0.563312
4.211698	0.558372
4.215625	0.554816
4.219552	0.552514
4.223479	0.551347
4.227406	0.551198
4.231333	0.551947
4.235260	0.553476
4.239187	0.555714
4.243114	0.558697
4.247041	0.562621
4.250968	0.567838
4.254895	0.574772
4.258822	0.583750
4.262749	0.594817
4.266676	0.607604
4.270603	0.621317
4.274530	0.634871
4.278456	0.647170
4.282383	0.657479
4.286310	0.665734
4.290237	0.672513
4.294164	0.678529
4.298091	0.683897
4.302018	0.687845
4.305945	0.689237
4.309872	0.687475
4.313799	0.682930
4.317726	0.676544
4.321653	0.669100
4.325580	0.660797
4.329507	0.651375
4.333434	0.640543
4.337361	0.628312
4.341288	0.615063
4.345215	0.601355
4.349142	0.587663
4.353069	0.574168
4.356996	0.560725
4.360923	0.546990
4.364850	0.532623
4.368777	0.517484
4.372704	0.501700
4.376631	0.485627
4.380558	0.469718
4.384485	0.454396
4.388412	0.439964
4.392339	0.426578
4.396266	0.414269
4.400193	0.402983
4.404120	0.392630
4.408047	0.383124
4.411974	0.374405
4.415901	0.366449
4.419828	0.359264
4.423755	0.352882
4.427682	0.347341
4.431609	0.342681
4.435536	0.338935
4.439463	0.336132
4.443390	0.334301
4.447317	0.333470
4.451244	0.333670
4.455171	0.334931
4.459098	0.337284
4.463025	0.340760
4.466952	0.345393
4.470879	0.351220
4.474806	0.358281
4.478733	0.366618
4.482660	0.376274
4.486587	0.387294
4.490514	0.399729
4.494441	0.413638
4.498368	0.429092
4.502295	0.446180
4.506222	0.465011
4.510149	0.485716
4.514076	0.508446
4.518003	0.533370
4.521930	0.560677
4.525857	0.590560
4.529784	0.623205
4.533711	0.658766
4.537638	0.697329
4.541565	0.738867
4.545492	0.783190
4.549419	0.829886
4.553346	0.878263
4.557273	0.927302
4.561200	0.975637
4.565127	1.021583
4.569054	1.063210
4.572981	1.098495
4.576908	1.125507
4.580835	1.142630
4.584762	1.148764
4.588689	1.143476
4.592616	1.127060
4.596543	1.100501
4.600470	1.065344
4.604397	1.023490
4.608324	0.976977
4.612251	0.927772
4.616178	0.877622
4.620105	0.827967
4.624032	0.779911
4.627959	0.734236
4.631886	0.691449
4.635813	0.651828
4.639740	0.615486
4.643667	0.582410
4.647594	0.552509
4.651521	0.525639
4.655448	0.501633
4.659375	0.480311
4.663302	0.461498
4.667229	0.445026
4.671156	0.430741
4.675083	0.418507
4.679010	0.408205
4.682937	0.399735
4.686864	0.393014
4.690791	0.387977
4.694718	0.384579
4.698645	0.382789
4.702572	0.382595
4.706498	0.384002
4.710425	0.387029
4.714352	0.391715
4.718279	0.398108
4.722206	0.406276
4.726133	0.416295
4.730060	0.428252
4.733987	0.442235
4.737914	0.458332
4.741841	0.476617
4.745768	0.497135
4.749695	0.519887
4.753622	0.544804
4.757549	0.571722
4.761476	0.600347
4.765403	0.630231
4.769330	0.660747
4.773257	0.691085
4.777184	0.720276
4.781111	0.747247
4.785038	0.770918
4.788965	0.790330
4.792892	0.804768
4.796819	0.813861
4.800746	0.817615
4.804673	0.816361
4.808600	0.810653
4.812527	0.801146
4.816454	0.788491
4.820381	0.773283
4.824308	0.756029
4.828235	0.737150
4.832162	0.716982
4.836089	0.695796
4.840016	0.673828
4.843943	0.651318
4.847870	0.628531
4.851797	0.605774
4.855724	0.583380
4.859651	0.561686
4.863578	0.541008
4.867505	0.521620
4.871432	0.503733
4.875359	0.487496
4.879286	0.472997
4.883213	0.460268
4.887140	0.449299
4.891067	0.440051
4.894994	0.432472
4.898921	0.426512
4.902848	0.422133
4.906775	0.419318
4.910702	0.418071
4.914629	0.418414
4.918556	0.420377
4.922483	0.423990
4.926410	0.429278
4.930337	0.436248
4.934264	0.444882
4.938191	0.455125
4.942118	0.466860
4.946045	0.479881
4.949972	0.493861
4.953899	0.508326
4.957826	0.522648
4.961753	0.536067
4.965680	0.547743
4.969607	0.556849
4.973534	0.562666
4.977461	0.564686
4.981388	0.562681
4.985315	0.556719
4.989242	0.547135
4.993169	0.534464
4.997096	0.519351
5.001023	0.502477
5.004950	0.484501
5.008877	0.466028
5.012804	0.447589
5.016731	0.429626
5.020658	0.412486
5.024585	0.396415
5.028512	0.381570
5.032439	0.368037
5.036366	0.355845
5.040293	0.344994
5.044220	0.335465
5.048147	0.327234
5.052074	0.320279
5.056001	0.314577
5.059928	0.310113
5.063855	0.306872
5.067782	0.304847
5.071709	0.304036
5.075636	0.304441
5.079563	0.306073
5.083490	0.308949
5.087417	0.313093
5.091344	0.318535
5.095271	0.325310
5.099198	0.333454
5.103125	0.343001
5.107052	0.353976
5.110979	0.366390
5.114906	0.380229
5.118833	0.395441
5.122760	0.411930
5.126687	0.429541
5.130614	0.448048
5.134540	0.467155
5.138467	0.486495
5.142394	0.505651
5.146321	0.524176
5.150248	0.541636
5.154175	0.557650
5.158102	0.571927
5.162029	0.584288
5.165956	0.594677
5.169883	0.603148
5.173810	0.609843
5.177737	0.614962
5.181664	0.618733
5.185591	0.621386
5.189518	0.623142
5.193445	0.624196
5.197372	0.624714
5.201299	0.624835
5.205226	0.624669
5.209153	0.624304
5.213080	0.623808
5.217007	0.623236
5.220934	0.622630
5.224861	0.622028
5.228788	0.621467
5.232715	0.620984
5.236642	0.620623
5.240569	0.620434
5.244496	0.620469
5.248423	0.620782
5.252350	0.621419
5.256277	0.622417
5.260204	0.623797
5.264131	0.625567
5.268058	0.627715
5.271985	0.630219
5.275912	0.633052
5.279839	0.636183
5.283766	0.639587
5.287693	0.643240
5.291620	0.647121
5.295547	0.651204
5.299474	0.655463
5.303401	0.659870
5.307328	0.664396
5.311255	0.669011
5.315182	0.673690
5.319109	0.678401
5.323036	0.683108
5.326963	0.687763
5.330890	0.692305
5.334817	0.696650
5.338744	0.700690
5.342671	0.704288
5.346598	0.707275
5.350525	0.709447
5.354452	0.710568
5.358379	0.710369
5.362306	0.708565
5.366233	0.704864
5.370160	0.698998
5.374087	0.690750
5.378014	0.679991
5.381941	0.666719
5.385868	0.651076
5.389795	0.633364
5.393722	0.614022
5.397649	0.593595
5.401576	0.572682
5.405503	0.551882
5.409430	0.531744
5.413357	0.512741
5.417284	0.495247
5.421211	0.479541
5.425138	0.465812
5.429065	0.454179
5.432992	0.444703
5.436919	0.437406
5.440846	0.432285
5.444773	0.429315
5.448700	0.428459
5.452627	0.429662
5.456554	0.432847
5.460481	0.437902
5.464408	0.444669
5.468335	0.452930
5.472262	0.462397
5.476189	0.472700
5.480116	0.483394
5.484043	0.493962
5.487970	0.503840
5.491897	0.512445
5.495824	0.519214
5.499751	0.523651
5.503678	0.525360
5.507605	0.524085
5.511532	0.519725
5.515459	0.512342
5.519386	0.502146
5.523313	0.489478
5.527240	0.474779
5.531167	0.458555
5.535094	0.441340
5.539021	0.423655
5.542948	0.405979
5.546875	0.388722
5.550802	0.372217
5.554729	0.356714
5.558656	0.342388
5.562582	0.329350
5.566509	0.317661
5.570436	0.307345
5.574363	0.298399
5.578290	0.290807
5.582217	0.284541
5.586144	0.279573
5.590071	0.275878
5.593998	0.273433
5.597925	0.272225
5.601852	0.272244
5.605779	0.273491
5.609706	0.275969
5.613633	0.279685
5.617560	0.284644
5.621487	0.290842
5.625414	0.298258
5.629341	0.306847
5.633268	0.316518
5.637195	0.327127
5.641122	0.338457
5.645049	0.350201
5.648976	0.361958
5.652903	0.373233
5.656830	0.383455
5.660757	0.392023
5.664684	0.398362
5.668611	0.401996
5.672538	0.402622
5.676465	0.400153
5.680392	0.394739
5.684319	0.386734
5.688246	0.376646
5.692173	0.365058
5.696100	0.352561
5.700027	0.339698
5.703954	0.326928
5.707881	0.314613
5.711808	0.303016
5.715735	0.292316
5.719662	0.282623
5.723589	0.273994
5.727516	0.266449
5.731443	0.259984
5.735370	0.254582
5.739297	0.250218
5.743224	0.246868
5.747151	0.244510
5.751078	0.243128
5.755005	0.242709
5.758932	0.243250
5.762859	0.244755
5.766786	0.247234
5.770713	0.250706
5.774640	0.255197
5.778567	0.260741
5.782494	0.267373
5.786421	0.275137
5.790348	0.284071
5.794275	0.294212
5.798202	0.305585
5.802129	0.318198
5.806056	0.332030
5.809983	0.347022
5.813910	0.363063
5.817837	0.379986
5.821764	0.397558
5.825691	0.415482
5.829618	0.433409
5.833545	0.450965
5.837472	0.467773
5.841399	0.483498
5.845326	0.497874
5.849253	0.510727
5.853180	0.521984
5.857107	0.531665
5.861034	0.539869
5.864961	0.546746
5.868888	0.552476
5.872815	0.557252
5.876742	0.561255
5.880669	0.564652
5.884596	0.567584
5.888523	0.570163
5.892450	0.572476
5.896377	0.574581
5.900304	0.576521
5.904231	0.578327
5.908158	0.580029
5.912085	0.581663
5.916012	0.583277
5.919939	0.584924
5.923866	0.586658
5.927793	0.588525
5.931720	0.590554
5.935647	0.592760
5.939574	0.595136
5.943501	0.597665
5.947428	0.600312
5.951355	0.603031
5.955282	0.605766
5.959209	0.608445
5.963136	0.610979
5.967063	0.613262
5.970990	0.615167
5.974917	0.616541
5.978844	0.617208
5.982771	0.616965
5.986698	0.615592
5.990624	0.612855
5.994551	0.608528
5.998478	0.602407
6.002405	0.594342
6.006332	0.584262
6.010259	0.572199
6.014186	0.558301
6.018113	0.542826
6.022040	0.526118
6.025967	0.508566
6.029894	0.490553
6.033821	0.472409
6.037748	0.454372
6.041675	0.436573
6.045602	0.419043
6.049529	0.401749
6.053456	0.384657
6.057383	0.367807
6.061310	0.351389
6.065237	0.335789
6.069164	0.321575
6.073091	0.309425
6.077018	0.299995
6.080945	0.293801
6.084872	0.291122
6.088799	0.291976
6.092726	0.296135
6.096653	0.303182
6.100580	0.312581
6.104507	0.323772
6.108434	0.336270
6.112361	0.349786
6.116288	0.364327
6.120215	0.380236
6.124142	0.398085
6.128069	0.418365
6.131996	0.441019
6.135923	0.465002
6.139850	0.488139
6.143777	0.507442
6.147704	0.519842
6.151631	0.523137
6.155558	0.516809
6.159485	0.502278
6.163412	0.482349
6.167339	0.460068
6.171266	0.437694
6.175193	0.416306
6.179120	0.396028
6.183047	0.376526
6.186974	0.357437
6.190901	0.338635
6.194828	0.320294
6.198755	0.302824
6.202682	0.286731
6.206609	0.272482
6.210536	0.260402
6.214463	0.250635
6.218390	0.243165
6.222317	0.237855
6.226244	0.234500
6.230171	0.232880
6.234098	0.232784
6.238025	0.234036
6.241952	0.236497
6.245879	0.240070
6.249806	0.244691
6.253733	0.250323
6.257660	0.256954
6.261587	0.264581
6.265514	0.273210
6.269441	0.282843
6.273368	0.293473
6.277295	0.305074
6.281222	0.317591
6.285149	0.330938
6.289076	0.344997
6.293003	0.359620
6.296930	0.374647
6.300857	0.389935
6.304784	0.405381
6.308711	0.420952
6.312638	0.436691
6.316565	0.452684
6.320492	0.469015
6.324419	0.485685
6.328346	0.502579
6.332273	0.519466
6.336200	0.536084
6.340127	0.552244
6.344054	0.567929
6.347981	0.583319
6.351908	0.598739
6.355835	0.614535
6.359762	0.630931
6.363689	0.647910
6.367616	0.665164
6.371543	0.682111
6.375470	0.697979
6.379397	0.711899
6.383324	0.722998
6.387251	0.730457
6.391178	0.733568
6.395105	0.731802
6.399032	0.724902
6.402959	0.712982
6.406886	0.696555
6.410813	0.676497
6.414739	0.653908
6.418666	0.629955
6.422593	0.605720
6.426520	0.582100
6.430447	0.559755
6.434374	0.539125
6.438301	0.520461
6.442228	0.503892
6.446155	0.489478
6.450082	0.477242
6.454009	0.467175
6.457936	0.459218
6.461863	0.453234
6.465790	0.448977
6.469717	0.446085
6.473644	0.444091
6.477571	0.442473
6.481498	0.440714
6.485425	0.438366
6.489352	0.435095
6.493279	0.430698
6.497206	0.425099
6.501133	0.418331
6.505060	0.410512
6.508987	0.401825
6.512914	0.392489
6.516841	0.382733
6.520768	0.372776
6.524695	0.362800
6.528622	0.352950
6.532549	0.343330
6.536476	0.334026
6.540403	0.325117
6.544330	0.316694
6.548257	0.308868
6.552184	0.301763
6.556111	0.295503
6.560038	0.290201
6.563965	0.285947
6.567892	0.282803
6.571819	0.280802
6.575746	0.279954
6.579673	0.280251
6.583600	0.281670
6.587527	0.284176
6.591454	0.287722
6.595381	0.292253
6.599308	0.297704
6.603235	0.304004
6.607162	0.311083
6.611089	0.318877
6.615016	0.327338
6.618943	0.336439
6.622870	0.346172
6.626797	0.356539
6.630724	0.367538
6.634651	0.379147
6.638578	0.391305
6.642505	0.403904
6.646432	0.416794
6.650359	0.429782
6.654286	0.442646
6.658213	0.455138
6.662140	0.467002
6.666067	0.477977
6.669994	0.487821
6.673921	0.496326
6.677848	0.503337
6.681775	0.508783
6.685702	0.512708
6.689629	0.515299
6.693556	0.516901
6.697483	0.517977
6.701410	0.519024
6.705337	0.520438
6.709264	0.522395
6.713191	0.524785
6.717118	0.527239
6.721045	0.529249
6.724972	0.530316
6.728899	0.530096
6.732826	0.528495
6.736753	0.525689
6.740680	0.522091
6.744607	0.518260
6.748534	0.514809
6.752461	0.512304
6.756388	0.511196
6.760315	0.511786
6.764242	0.514208
6.768169	0.518441
6.772096	0.524329
6.776023	0.531608
6.779950	0.539942
6.783877	0.548961
6.787804	0.558296
6.791731	0.567626
6.795658	0.576705
6.799585	0.585388
6.803512	0.593635
6.807439	0.601495
6.811366	0.609065
6.815293	0.616434
6.819220	0.623632
6.823147	0.630609
6.827074	0.637278
6.831001	0.643613
6.834928	0.649748
6.838855	0.656024
6.842781	0.662889
6.846708	0.670704
6.850635	0.679497
6.854562	0.688821
6.858489	0.697755
6.862416	0.705091
6.866343	0.709601
6.870270	0.710309
6.874197	0.706671
6.878124	0.698634
6.882051	0.686584
6.885978	0.671228
6.889905	0.653463
6.893832	0.634250
6.897759	0.614522
6.901686	0.595116
6.905613	0.576742
6.909540	0.559963
6.913467	0.545204
6.917394	0.532768
6.921321	0.522856
6.925248	0.515594
6.929175	0.511053
6.933102	0.509262
6.937029	0.510226
6.940956	0.513925
6.944883	0.520323
6.948810	0.529359
6.952737	0.540950
6.956664	0.554986
6.960591	0.571329
6.964518	0.589820
6.968445	0.610284
6.972372	0.632542
6.976299	0.656420
6.980226	0.681736
6.984153	0.708284
6.988080	0.735787
6.992007	0.763855
6.995934	0.791951
6.999861	0.819407
7.003788	0.845498
7.007715	0.869573
7.011642	0.891191
7.015569	0.910204
7.019496	0.926685
7.023423	0.940731
7.027350	0.952213
7.031277	0.960623
7.035204	0.965098
7.039131	0.964632
7.043058	0.958393
7.046985	0.945989
7.050912	0.927600
7.054839	0.903914
7.058766	0.875951
7.062693	0.844847
7.066620	0.811682
7.070547	0.777384
7.074474	0.742703
7.078401	0.708222
7.082328	0.674389
7.086255	0.641544
7.090182	0.609943
7.094109	0.579773
7.098036	0.551160
7.101963	0.524181
7.105890	0.498868
7.109817	0.475218
7.113744	0.453196
7.117671	0.432741
7.121598	0.413774
7.125525	0.396199
7.129452	0.379920
7.133379	0.364843
7.137306	0.350884
7.141233	0.337968
7.145160	0.326032
7.149087	0.315014
7.153014	0.304857
7.156941	0.295506
7.160868	0.286910
7.164795	0.279025
7.168722	0.271820
7.172649	0.265282
7.176576	0.259408
7.180503	0.254212
7.184430	0.249710
7.188357	0.245924
7.192284	0.242870
7.196211	0.240562
7.200138	0.239006
7.204065	0.238204
7.207992	0.238158
7.211919	0.238875
7.215846	0.240367
7.219773	0.242665
7.223700	0.245810
7.227627	0.249863
7.231554	0.254897
7.235481	0.260996
7.239408	0.268245
7.243335	0.276728
7.247262	0.286519
7.251189	0.297668
7.255116	0.310197
7.259043	0.324079
7.262970	0.339221
7.266897	0.355444
7.270823	0.372462
7.274750	0.389856
7.278677	0.407070
7.282604	0.423408
7.286531	0.438065
7.290458	0.450185
7.294385	0.458947
7.298312	0.463669
7.302239	0.463909
7.306166	0.459536
7.310093	0.450753
7.314020	0.438062
7.317947	0.422185
7.321874	0.403956
7.325801	0.384222
7.329728	0.363757
7.333655	0.343215
7.337582	0.323107
7.341509	0.303803
7.345436	0.285550
7.349363	0.268492
7.353290	0.252696
7.357217	0.238173
7.361144	0.224893
7.365071	0.212804
7.368998	0.201837
7.372925	0.191919
7.376852	0.182970
7.380779	0.174915
7.384706	0.167682
7.388633	0.161201
7.392560	0.155409
7.396487	0.150249
7.400414	0.145669
7.404341	0.141628
7.408268	0.138088
7.412195	0.135023
7.416122	0.132411
7.420049	0.130241
7.423976	0.128506
7.427903	0.127207
7.431830	0.126346
7.435757	0.125932
7.439684	0.125977
7.443611	0.126496
7.447538	0.127507
7.451465	0.129030
7.455392	0.131088
7.459319	0.133704
7.463246	0.136900
7.467173	0.140696
7.471100	0.145103
7.475027	0.150121
7.478954	0.155733
7.482881	0.161893
7.486808	0.168519
7.490735	0.175483
7.494662	0.182599
7.498589	0.189622
7.502516	0.196243
7.506443	0.202110
7.510370	0.206847
7.514297	0.210100
7.518224	0.211577
7.522151	0.211101
7.526078	0.208629
7.530005	0.204271
7.533932	0.198260
7.537859	0.190919
7.541786	0.182615
7.545713	0.173710
7.549640	0.164530
7.553567	0.155348
7.557494	0.146372
7.561421	0.137751
7.565348	0.129583
7.569275	0.121922
7.573202	0.114791
7.577129	0.108189
7.581056	0.102100
7.584983	0.096499
7.588910	0.091355
7.592837	0.086632
7.596764	0.082298
7.600691	0.078318
7.604618	0.074660
7.608545	0.071294
7.612472	0.068193
7.616399	0.065332
7.620326	0.062689
7.624253	0.060242
7.628180	0.057972
7.632107	0.055865
7.636034	0.053904
7.639961	0.052076
7.643888	0.050370
7.647815	0.048774
7.651742	0.047279
7.655669	0.045876
7.659596	0.044558
7.663523	0.043318
7.667450	0.042149
7.671377	0.041046
7.675304	0.040003
7.679231	0.039017
7.683158	0.038082
7.687085	0.037195
7.691012	0.036353
7.694939	0.035553
7.698865	0.034791
7.702792	0.034065
7.706719	0.033372
7.710646	0.032710
7.714573	0.032077
7.718500	0.031470
7.722427	0.030888
7.726354	0.030329
7.730281	0.029792
7.734208	0.029275
7.738135	0.028777
7.742062	0.028297
7.745989	0.027835
7.749916	0.027389
7.753843	0.026960
7.757770	0.026546
7.761697	0.026148
7.765624	0.025764
7.769551	0.025395
7.773478	0.025040
7.777405	0.024698
7.781332	0.024369
7.785259	0.024053
7.789186	0.023750
7.793113	0.023459
7.797040	0.023180
7.800967	0.022913
7.804894	0.022657
7.808821	0.022412
7.812748	0.022179
7.816675	0.021955
7.820602	0.021741
7.824529	0.021535
7.828456	0.021336
7.832383	0.021143
7.836310	0.020953
7.840237	0.020764
7.844164	0.020574
7.848091	0.020380
7.852018	0.020181
7.855945	0.019974
7.859872	0.019761
7.863799	0.019541
7.867726	0.019316
7.871653	0.019086
7.875580	0.018855
7.879507	0.018624
7.883434	0.018396
7.887361	0.018171
7.891288	0.017950
7.895215	0.017735
7.899142	0.017526
7.903069	0.017323
7.906996	0.017126
7.910923	0.016936
7.914850	0.016751
7.918777	0.016572
7.922704	0.016399
7.926631	0.016231
7.930558	0.016068
7.934485	0.015909
7.938412	0.015755
7.942339	0.015605
7.946266	0.015459
7.950193	0.015317
7.954120	0.015179
7.958047	0.015044
7.961974	0.014912
7.965901	0.014783
7.969828	0.014658
7.973755	0.014535
7.977682	0.014415
7.981609	0.014297
7.985536	0.014182
7.989463	0.014069
7.993390	0.013957
7.997317	0.013848
8.001244	0.013740
8.005171	0.013633
8.009098	0.013527
8.013025	0.013422
8.016952	0.013319
8.020879	0.013216
8.024806	0.013115
8.028733	0.013014
8.032660	0.012915
8.036587	0.012818
8.040514	0.012721
8.044441	0.012626
8.048368	0.012533
8.052295	0.012441
8.056222	0.012351
8.060149	0.012262
8.064076	0.012175
8.068003	0.012089
8.071930	0.012004
8.075857	0.011920
8.079784	0.011838
8.083711	0.011758
8.087638	0.011678
8.091565	0.011599
8.095492	0.011522
8.099419	0.011446
8.103346	0.011371
8.107273	0.011297
8.111200	0.011223
8.115127	0.011151
8.119054	0.011080
8.122981	0.011010
8.126907	0.010941
8.130834	0.010872
8.134761	0.010805
8.138688	0.010738
8.142615	0.010672
8.146542	0.010607
8.150469	0.010543
8.154396	0.010479
8.158323	0.010416
8.162250	0.010354
8.166177	0.010293
8.170104	0.010233
8.174031	0.010173
8.177958	0.010114
8.181885	0.010055
8.185812	0.009997
8.189739	0.009940
8.193666	0.009884
8.197593	0.009828
8.201520	0.009772
8.205447	0.009718
8.209374	0.009664
8.213301	0.009610
8.217228	0.009557
8.221155	0.009505
8.225082	0.009453
8.229009	0.009402
8.232936	0.009351
8.236863	0.009301
8.240790	0.009251
8.244717	0.009202
8.248644	0.009153
8.252571	0.009105
8.256498	0.009057
8.260425	0.009010
8.264352	0.008964
8.268279	0.008917
8.272206	0.008871
8.276133	0.008826
8.280060	0.008781
8.283987	0.008737
8.287914	0.008693
8.291841	0.008649
8.295768	0.008606
8.299695	0.008563
8.303622	0.008521
8.307549	0.008478
8.311476	0.008437
8.315403	0.008396
8.319330	0.008355
8.323257	0.008314
8.327184	0.008274
8.331111	0.008234
8.335038	0.008195
8.338965	0.008156
8.342892	0.008117
8.346819	0.008079
8.350746	0.008041
8.354673	0.008003
8.358600	0.007966
8.362527	0.007929
8.366454	0.007892
8.370381	0.007856
8.374308	0.007820
8.378235	0.007784
8.382162	0.007749
8.386089	0.007714
8.390016	0.007679
8.393943	0.007644
8.397870	0.007610
8.401797	0.007576
8.405724	0.007543
8.409651	0.007509
8.413578	0.007476
8.417505	0.007443
8.421432	0.007411
8.425359	0.007378
8.429286	0.007346
8.433213	0.007315
8.437140	0.007283
8.441067	0.007252
8.444994	0.007221
8.448921	0.007190
8.452848	0.007159
8.456775	0.007129
8.460702	0.007099
8.464629	0.007069
8.468556	0.007040
8.472483	0.007010
8.476410	0.006981
8.480337	0.006952
8.484264	0.006924
8.488191	0.006895
8.492118	0.006867
8.496045	0.006839
8.499972	0.006811
8.503899	0.006783
8.507826	0.006756
8.511753	0.006729
8.515680	0.006702
8.519607	0.006675
8.523534	0.006648
8.527461	0.006622
8.531388	0.006596
8.535315	0.006570
8.539242	0.006544
8.543169	0.006518
8.547096	0.006493
8.551023	0.006468
8.554949	0.006442
8.558876	0.006418
8.562803	0.006393
8.566730	0.006368
8.570657	0.006344
8.574584	0.006320
8.578511	0.006296
8.582438	0.006272
8.586365	0.006248
8.590292	0.006224
8.594219	0.006201
8.598146	0.006178
8.602073	0.006155
8.606000	0.006132
8.609927	0.006109
8.613854	0.006087
8.617781	0.006064
8.621708	0.006042
8.625635	0.006020
8.629562	0.005998
8.633489	0.005976
8.637416	0.005954
8.641343	0.005933
8.645270	0.005911
8.649197	0.005890
8.653124	0.005869
8.657051	0.005848
8.660978	0.005827
8.664905	0.005806
8.668832	0.005786
8.672759	0.005765
8.676686	0.005745
8.680613	0.005725
8.684540	0.005705
8.688467	0.005685
8.692394	0.005665
8.696321	0.005645
8.700248	0.005626
8.704175	0.005606
8.708102	0.005587
8.712029	0.005568
8.715956	0.005549
8.719883	0.005530
8.723810	0.005511
8.727737	0.005492
8.731664	0.005473
8.735591	0.005455
8.739518	0.005437
8.743445	0.005418
8.747372	0.005400
8.751299	0.005382
8.755226	0.005364
8.759153	0.005346
8.763080	0.005329
8.767007	0.005311
8.770934	0.005294
8.774861	0.005276
8.778788	0.005259
8.782715	0.005242
8.786642	0.005225
8.790569	0.005208
8.794496	0.005191
8.798423	0.005174
8.802350	0.005157
8.806277	0.005141
8.810204	0.005124
8.814131	0.005108
8.818058	0.005091
8.821985	0.005075
8.825912	0.005059
8.829839	0.005043
8.833766	0.005027
8.837693	0.005011
8.841620	0.004996
8.845547	0.004980
8.849474	0.004964
8.853401	0.004949
8.857328	0.004933
8.861255	0.004918
8.865182	0.004903
8.869109	0.004888
8.873036	0.004873
8.876963	0.004858
8.880890	0.004843
8.884817	0.004828
8.888744	0.004813
8.892671	0.004799
8.896598	0.004784
8.900525	0.004769
8.904452	0.004755
8.908379	0.004741
8.912306	0.004726
8.916233	0.004712
8.920160	0.004698
8.924087	0.004684
8.928014	0.004670
8.931941	0.004656
8.935868	0.004643
8.939795	0.004629
8.943722	0.004615
8.947649	0.004602
8.951576	0.004588
8.955503	0.004575
8.959430	0.004561
8.963357	0.004548
8.967284	0.004535
8.971211	0.004522
8.975138	0.004508
8.979065	0.004495
8.982991	0.004482
8.986918	0.004470
8.990845	0.004457
8.994772	0.004444
8.998699	0.004431
9.002626	0.004419
9.006553	0.004406
9.010480	0.004394
9.014407	0.004381
9.018334	0.004369
9.022261	0.004356
9.026188	0.004344
9.030115	0.004332
9.034042	0.004320
9.037969	0.004308
9.041896	0.004296
9.045823	0.004284
9.049750	0.004272
9.053677	0.004260
9.057604	0.004248
9.061531	0.004237
9.065458	0.004225
9.069385	0.004213
9.073312	0.004202
9.077239	0.004190
9.081166	0.004179
9.085093	0.004168
9.089020	0.004156
9.092947	0.004145
9.096874	0.004134
9.100801	0.004123
9.104728	0.004112
9.108655	0.004100
9.112582	0.004089
9.116509	0.004079
9.120436	0.004068
9.124363	0.004057
9.128290	0.004046
9.132217	0.004035
9.136144	0.004025
9.140071	0.004014
9.143998	0.004003
9.147925	0.003993
9.151852	0.003982
9.155779	0.003972
9.159706	0.003962
9.163633	0.003951
9.167560	0.003941
9.171487	0.003931
9.175414	0.003920
9.179341	0.003910
9.183268	0.003900
9.187195	0.003890
9.191122	0.003880
9.195049	0.003870
9.198976	0.003860
9.202903	0.003850
9.206830	0.003841
9.210757	0.003831
9.214684	0.003821
9.218611	0.003811
9.222538	0.003802
9.226465	0.003792
9.230392	0.003782
9.234319	0.003773
9.238246	0.003763
9.242173	0.003754
9.246100	0.003745
9.250027	0.003735
9.253954	0.003726
9.257881	0.003717
9.261808	0.003707
9.265735	0.003698
9.269662	0.003689
9.273589	0.003680
9.277516	0.003671
9.281443	0.003662
9.285370	0.003653
9.289297	0.003644
9.293224	0.003635
9.297151	0.003626
9.301078	0.003617
9.305005	0.003608
9.308932	0.003600
9.312859	0.003591
9.316786	0.003582
9.320713	0.003574
9.324640	0.003565
9.328567	0.003556
9.332494	0.003548
9.336421	0.003539
9.340348	0.003531
9.344275	0.003523
9.348202	0.003514
9.352129	0.003506
9.356056	0.003497
9.359983	0.003489
9.363910	0.003481
9.367837	0.003473
9.371764	0.003465
9.375691	0.003456
9.379618	0.003448
9.383545	0.003440
9.387472	0.003432
9.391399	0.003424
9.395326	0.003416
9.399253	0.003408
9.403180	0.003400
9.407107	0.003392
9.411033	0.003385
9.414960	0.003377
9.418887	0.003369
9.422814	0.003361
9.426741	0.003353
9.430668	0.003346
9.434595	0.003338
9.438522	0.003330
9.442449	0.003323
9.446376	0.003315
9.450303	0.003308
9.454230	0.003300
9.458157	0.003293
9.462084	0.003285
9.466011	0.003278
9.469938	0.003271
9.473865	0.003263
9.477792	0.003256
9.481719	0.003249
9.485646	0.003241
9.489573	0.003234
9.493500	0.003227
9.497427	0.003220
9.501354	0.003212
9.505281	0.003205
9.509208	0.003198
9.513135	0.003191
9.517062	0.003184
9.520989	0.003177
9.524916	0.003170
9.528843	0.003163
9.532770	0.003156
9.536697	0.003149
9.540624	0.003143
9.544551	0.003136
9.548478	0.003129
9.552405	0.003122
9.556332	0.003115
9.560259	0.003109
9.564186	0.003102
9.568113	0.003095
9.572040	0.003088
9.575967	0.003082
9.579894	0.003075
9.583821	0.003069
9.587748	0.003062
9.591675	0.003056
9.595602	0.003049
9.599529	0.003043
9.603456	0.003036
9.607383	0.003030
9.611310	0.003023
9.615237	0.003017
9.619164	0.003011
9.623091	0.003004
9.627018	0.002998
9.630945	0.002992
9.634872	0.002986
9.638799	0.002979
9.642726	0.002973
9.646653	0.002967
9.650580	0.002961
9.654507	0.002955
9.658434	0.002949
9.662361	0.002943
9.666288	0.002937
9.670215	0.002931
9.674142	0.002925
9.678069	0.002919
9.681996	0.002913
9.685923	0.002907
9.689850	0.002901
9.693777	0.002895
9.697704	0.002889
9.701631	0.002884
9.705558	0.002878
9.709485	0.002872
9.713412	0.002867
9.717339	0.002861
9.721266	0.002855
9.725193	0.002850
9.729120	0.002844
9.733047	0.002839
9.736974	0.002833
9.740901	0.002828
9.744828	0.002823
9.748755	0.002817
9.752682	0.002812
9.756609	0.002807
9.760536	0.002802
9.764463	0.002797
9.768390	0.002792
9.772317	0.002787
9.776244	0.002782
9.780171	0.002777
9.784098	0.002773
9.788025	0.002768
9.791952	0.002764
9.795879	0.002759
9.799806	0.002755
9.803733	0.002751
9.807660	0.002747
9.811587	0.002743
9.815514	0.002738
9.819441	0.002734
