-9.819441	0.001100
-9.815514	0.001101
-9.811587	0.001102
-9.807660	0.001103
-9.803733	0.001104
-9.799806	0.001105
-9.795879	0.001106
-9.791952	0.001107
-9.788025	0.001108
-9.784098	0.001109
-9.780171	0.001110
-9.776244	0.001111
-9.772317	0.001112
-9.768390	0.001113
-9.764463	0.001114
-9.760536	0.001115
-9.756609	0.001116
-9.752682	0.001117
-9.748755	0.001118
-9.744828	0.001119
-9.740901	0.001120
-9.736974	0.001121
-9.733047	0.001122
-9.729120	0.001123
-9.725193	0.001124
-9.721266	0.001125
-9.717339	0.001126
-9.713412	0.001127
-9.709485	0.001128
-9.705558	0.001129
-9.701631	0.001130
-9.697704	0.001131
-9.693777	0.001132
-9.689850	0.001133
-9.685923	0.001134
-9.681996	0.001135
-9.678069	0.001136
-9.674142	0.001137
-9.670215	0.001138
-9.666288	0.001139
-9.662361	0.001140
-9.658434	0.001141
-9.654507	0.001142
-9.650580	0.001143
-9.646653	0.001145
-9.642726	0.001146
-9.638799	0.001147
-9.634872	0.001148
-9.630945	0.001149
-9.627018	0.001150
-9.623091	0.001151
-9.619164	0.001152
-9.615237	0.001153
-9.611310	0.001154
-9.607383	0.001155
-9.603456	0.001156
-9.599529	0.001157
-9.595602	0.001158
-9.591675	0.001159
-9.587748	0.001160
-9.583821	0.001162
-9.579894	0.001163
-9.575967	0.001164
-9.572040	0.001165
-9.568113	0.001166
-9.564186	0.001167
-9.560259	0.001168
-9.556332	0.001169
-9.552405	0.001170
-9.548478	0.001171
-9.544551	0.001173
-9.540624	0.001174
-9.536697	0.001175
-9.532770	0.001176
-9.528843	0.001177
-9.524916	0.001178
-9.520989	0.001179
-9.517062	0.001180
-9.513135	0.001181
-9.509208	0.001183
-9.505281	0.001184
-9.501354	0.001185
-9.497427	0.001186
-9.493500	0.001187
-9.489573	0.001188
-9.485646	0.001189
-9.481719	0.001190
-9.477792	0.001191
-9.473865	0.001192
-9.469938	0.001194
-9.466011	0.001195
-9.462084	0.001196
-9.458157	0.001197
-9.454230	0.001198
-9.450303	0.001199
-9.446376	0.001200
-9.442449	0.001201
-9.438522	0.001202
-9.434595	0.001204
-9.430668	0.001205
-9.426741	0.001206
-9.422814	0.001207
-9.418887	0.001208
-9.414960	0.001209
-9.411033	0.001211
-9.407107	0.001212
-9.403180	0.001213
-9.399253	0.001214
-9.395326	0.001215
-9.391399	0.001216
-9.387472	0.001218
-9.383545	0.001219
-9.379618	0.001220
-9.375691	0.001221
-9.371764	0.001222
-9.367837	0.001224
-9.363910	0.001225
-9.359983	0.001226
-9.356056	0.001227
-9.352129	0.001228
-9.348202	0.001230
-9.344275	0.001231
-9.340348	0.001232
-9.336421	0.001233
-9.332494	0.001234
-9.328567	0.001236
-9.324640	0.001237
-9.320713	0.001238
-9.316786	0.001239
-9.312859	0.001240
-9.308932	0.001241
-9.305005	0.001243
-9.301078	0.001244
-9.297151	0.001245
-9.293224	0.001246
-9.289297	0.001247
-9.285370	0.001248
-9.281443	0.001250
-9.277516	0.001251
-9.273589	0.001252
-9.269662	0.001253
-9.265735	0.001254
-9.261808	0.001256
-9.257881	0.001257
-9.253954	0.001258
-9.250027	0.001259
-9.246100	0.001261
-9.242173	0.001262
-9.238246	0.001263
-9.234319	0.001264
-9.230392	0.001266
-9.226465	0.001267
-9.222538	0.001268
-9.218611	0.001270
-9.214684	0.001271
-9.210757	0.001272
-9.206830	0.001273
-9.202903	0.001275
-9.198976	0.001276
-9.195049	0.001277
-9.191122	0.001279
-9.187195	0.001280
-9.183268	0.001281
-9.179341	0.001283
-9.175414	0.001284
-9.171487	0.001285
-9.167560	0.001286
-9.163633	0.001288
-9.159706	0.001289
-9.155779	0.001290
-9.151852	0.001291
-9.147925	0.001293
-9.143998	0.001294
-9.140071	0.001295
-9.136144	0.001296
-9.132217	0.001297
-9.128290	0.001299
-9.124363	0.001300
-9.120436	0.001301
-9.116509	0.001302
-9.112582	0.001304
-9.108655	0.001305
-9.104728	0.001306
-9.100801	0.001308
-9.096874	0.001309
-9.092947	0.001310
-9.089020	0.001311
-9.085093	0.001313
-9.081166	0.001314
-9.077239	0.001315
-9.073312	0.001317
-9.069385	0.001318
-9.065458	0.001319
-9.061531	0.001321
-9.057604	0.001322
-9.053677	0.001324
-9.049750	0.001325
-9.045823	0.001326
-9.041896	0.001328
-9.037969	0.001329
-9.034042	0.001331
-9.030115	0.001332
-9.026188	0.001334
-9.022261	0.001335
-9.018334	0.001336
-9.014407	0.001338
-9.010480	0.001339
-9.006553	0.001341
-9.002626	0.001342
-8.998699	0.001344
-8.994772	0.001345
-8.990845	0.001346
-8.986918	0.001348
-8.982991	0.001349
-8.979065	0.001350
-8.975138	0.001352
-8.971211	0.001353
-8.967284	0.001354
-8.963357	0.001356
-8.959430	0.001357
-8.955503	0.001358
-8.951576	0.001359
-8.947649	0.001361
-8.943722	0.001362
-8.939795	0.001363
-8.935868	0.001365
-8.931941	0.001366
-8.928014	0.001368
-8.924087	0.001369
-8.920160	0.001370
-8.916233	0.001372
-8.912306	0.001373
-8.908379	0.001375
-8.904452	0.001376
-8.900525	0.001378
-8.896598	0.001379
-8.892671	0.001381
-8.888744	0.001382
-8.884817	0.001384
-8.880890	0.001385
-8.876963	0.001387
-8.873036	0.001388
-8.869109	0.001390
-8.865182	0.001392
-8.861255	0.001393
-8.857328	0.001395
-8.853401	0.001397
-8.849474	0.001398
-8.845547	0.001400
-8.841620	0.001402
-8.837693	0.001403
-8.833766	0.001405
-8.829839	0.001406
-8.825912	0.001408
-8.821985	0.001409
-8.818058	0.001411
-8.814131	0.001412
-8.810204	0.001413
-8.806277	0.001415
-8.802350	0.001416
-8.798423	0.001417
-8.794496	0.001419
-8.790569	0.001420
-8.786642	0.001421
-8.782715	0.001423
-8.778788	0.001424
-8.774861	0.001425
-8.770934	0.001427
-8.767007	0.001428
-8.763080	0.001430
-8.759153	0.001431
-8.755226	0.001433
-8.751299	0.001434
-8.747372	0.001436
-8.743445	0.001437
-8.739518	0.001439
-8.735591	0.001440
-8.731664	0.001442
-8.727737	0.001444
-8.723810	0.001445
-8.719883	0.001447
-8.715956	0.001449
-8.712029	0.001450
-8.708102	0.001452
-8.704175	0.001454
-8.700248	0.001456
-8.696321	0.001458
-8.692394	0.001460
-8.688467	0.001461
-8.684540	0.001463
-8.680613	0.001465
-8.676686	0.001467
-8.672759	0.001469
-8.668832	0.001470
-8.664905	0.001472
-8.660978	0.001474
-8.657051	0.001475
-8.653124	0.001477
-8.649197	0.001478
-8.645270	0.001479
-8.641343	0.001481
-8.637416	0.001482
-8.633489	0.001484
-8.629562	0.001485
-8.625635	0.001486
-8.621708	0.001488
-8.617781	0.001489
-8.613854	0.001491
-8.609927	0.001492
-8.606000	0.001493
-8.602073	0.001495
-8.598146	0.001497
-8.594219	0.001498
-8.590292	0.001500
-8.586365	0.001501
-8.582438	0.001503
-8.578511	0.001505
-8.574584	0.001507
-8.570657	0.001508
-8.566730	0.001510
-8.562803	0.001512
-8.558876	0.001514
-8.554949	0.001516
-8.551023	0.001518
-8.547096	0.001520
-8.543169	0.001522
-8.539242	0.001524
-8.535315	0.001526
-8.531388	0.001528
-8.527461	0.001530
-8.523534	0.001532
-8.519607	0.001534
-8.515680	0.001536
-8.511753	0.001539
-8.507826	0.001541
-8.503899	0.001543
-8.499972	0.001545
-8.496045	0.001547
-8.492118	0.001549
-8.488191	0.001550
-8.484264	0.001552
-8.480337	0.001553
-8.476410	0.001555
-8.472483	0.001556
-8.468556	0.001557
-8.464629	0.001559
-8.460702	0.001560
-8.456775	0.001561
-8.452848	0.001563
-8.448921	0.001564
-8.444994	0.001566
-8.441067	0.001567
-8.437140	0.001569
-8.433213	0.001570
-8.429286	0.001572
-8.425359	0.001573
-8.421432	0.001575
-8.417505	0.001577
-8.413578	0.001579
-8.409651	0.001581
-8.405724	0.001582
-8.401797	0.001584
-8.397870	0.001586
-8.393943	0.001588
-8.390016	0.001591
-8.386089	0.001593
-8.382162	0.001595
-8.378235	0.001597
-8.374308	0.001599
-8.370381	0.001602
-8.366454	0.001604
-8.362527	0.001607
-8.358600	0.001609
-8.354673	0.001612
-8.350746	0.001614
-8.346819	0.001617
-8.342892	0.001619
-8.338965	0.001621
-8.335038	0.001623
-8.331111	0.001625
-8.327184	0.001627
-8.323257	0.001629
-8.319330	0.001630
-8.315403	0.001632
-8.311476	0.001633
-8.307549	0.001634
-8.303622	0.001636
-8.299695	0.001637
-8.295768	0.001638
-8.291841	0.001640
-8.287914	0.001641
-8.283987	0.001643
-8.280060	0.001644
-8.276133	0.001646
-8.272206	0.001648
-8.268279	0.001649
-8.264352	0.001651
-8.260425	0.001653
-8.256498	0.001655
-8.252571	0.001657
-8.248644	0.001659
-8.244717	0.001661
-8.240790	0.001663
-8.236863	0.001665
-8.232936	0.001667
-8.229009	0.001670
-8.225082	0.001672
-8.221155	0.001675
-8.217228	0.001677
-8.213301	0.001680
-8.209374	0.001683
-8.205447	0.001686
-8.201520	0.001688
-8.197593	0.001691
-8.193666	0.001694
-8.189739	0.001697
-8.185812	0.001701
-8.181885	0.001703
-8.177958	0.001706
-8.174031	0.001709
-8.170104	0.001712
-8.166177	0.001714
-8.162250	0.001716
-8.158323	0.001718
-8.154396	0.001720
-8.150469	0.001721
-8.146542	0.001723
-8.142615	0.001724
-8.138688	0.001725
-8.134761	0.001726
-8.130834	0.001728
-8.126907	0.001729
-8.122981	0.001730
-8.119054	0.001732
-8.115127	0.001733
-8.111200	0.001735
-8.107273	0.001737
-8.103346	0.001738
-8.099419	0.001740
-8.095492	0.001742
-8.091565	0.001744
-8.087638	0.001746
-8.083711	0.001749
-8.079784	0.001751
-8.075857	0.001753
-8.071930	0.001756
-8.068003	0.001759
-8.064076	0.001761
-8.060149	0.001764
-8.056222	0.001767
-8.052295	0.001770
-8.048368	0.001774
-8.044441	0.001777
-8.040514	0.001780
-8.036587	0.001784
-8.032660	0.001788
-8.028733	0.001791
-8.024806	0.001795
-8.020879	0.001799
-8.016952	0.001803
-8.013025	0.001806
-8.009098	0.001809
-8.005171	0.001812
-8.001244	0.001815
-7.997317	0.001817
-7.993390	0.001819
-7.989463	0.001821
-7.985536	0.001822
-7.981609	0.001823
-7.977682	0.001824
-7.973755	0.001825
-7.969828	0.001826
-7.965901	0.001827
-7.961974	0.001828
-7.958047	0.001830
-7.954120	0.001831
-7.950193	0.001832
-7.946266	0.001834
-7.942339	0.001836
-7.938412	0.001837
-7.934485	0.001839
-7.930558	0.001842
-7.926631	0.001844
-7.922704	0.001846
-7.918777	0.001849
-7.914850	0.001851
-7.910923	0.001854
-7.906996	0.001857
-7.903069	0.001860
-7.899142	0.001864
-7.895215	0.001867
-7.891288	0.001871
-7.887361	0.001875
-7.883434	0.001879
-7.879507	0.001883
-7.875580	0.001888
-7.871653	0.001893
-7.867726	0.001897
-7.863799	0.001902
-7.859872	0.001907
-7.855945	0.001911
-7.852018	0.001915
-7.848091	0.001919
-7.844164	0.001923
-7.840237	0.001926
-7.836310	0.001929
-7.832383	0.001931
-7.828456	0.001932
-7.824529	0.001933
-7.820602	0.001934
-7.816675	0.001935
-7.812748	0.001935
-7.808821	0.001936
-7.804894	0.001937
-7.800967	0.001937
-7.797040	0.001938
-7.793113	0.001939
-7.789186	0.001941
-7.785259	0.001942
-7.781332	0.001944
-7.777405	0.001946
-7.773478	0.001948
-7.769551	0.001950
-7.765624	0.001953
-7.761697	0.001955
-7.757770	0.001958
-7.753843	0.001961
-7.749916	0.001964
-7.745989	0.001968
-7.742062	0.001971
-7.738135	0.001975
-7.734208	0.001980
-7.730281	0.001984
-7.726354	0.001989
-7.722427	0.001994
-7.718500	0.001999
-7.714573	0.002005
-7.710646	0.002011
-7.706719	0.002017
-7.702792	0.002022
-7.698865	0.002028
-7.694939	0.002034
-7.691012	0.002039
-7.687085	0.002044
-7.683158	0.002048
-7.679231	0.002052
-7.675304	0.002054
-7.671377	0.002056
-7.667450	0.002058
-7.663523	0.002058
-7.659596	0.002059
-7.655669	0.002059
-7.651742	0.002059
-7.647815	0.002059
-7.643888	0.002059
-7.639961	0.002059
-7.636034	0.002060
-7.632107	0.002061
-7.628180	0.002062
-7.624253	0.002063
-7.620326	0.002065
-7.616399	0.002067
-7.612472	0.002069
-7.608545	0.002071
-7.604618	0.002074
-7.600691	0.002077
-7.596764	0.002080
-7.592837	0.002083
-7.588910	0.002087
-7.584983	0.002091
-7.581056	0.002096
-7.577129	0.002100
-7.573202	0.002106
-7.569275	0.002111
-7.565348	0.002117
-7.561421	0.002123
-7.557494	0.002130
-7.553567	0.002136
-7.549640	0.002143
-7.545713	0.002150
-7.541786	0.002156
-7.537859	0.002163
-7.533932	0.002169
-7.530005	0.002174
-7.526078	0.002178
-7.522151	0.002182
-7.518224	0.002184
-7.514297	0.002186
-7.510370	0.002187
-7.506443	0.002187
-7.502516	0.002187
-7.498589	0.002187
-7.494662	0.002187
-7.490735	0.002186
-7.486808	0.002186
-7.482881	0.002186
-7.478954	0.002187
-7.475027	0.002187
-7.471100	0.002189
-7.467173	0.002190
-7.463246	0.002192
-7.459319	0.002194
-7.455392	0.002196
-7.451465	0.002198
-7.447538	0.002201
-7.443611	0.002204
-7.439684	0.002207
-7.435757	0.002211
-7.431830	0.002215
-7.427903	0.002220
-7.423976	0.002225
-7.420049	0.002230
-7.416122	0.002236
-7.412195	0.002242
-7.408268	0.002248
-7.404341	0.002255
-7.400414	0.002263
-7.396487	0.002271
-7.392560	0.002279
-7.388633	0.002287
-7.384706	0.002295
-7.380779	0.002303
-7.376852	0.002311
-7.372925	0.002318
-7.368998	0.002325
-7.365071	0.002330
-7.361144	0.002335
-7.357217	0.002338
-7.353290	0.002341
-7.349363	0.002342
-7.345436	0.002343
-7.341509	0.002343
-7.337582	0.002343
-7.333655	0.002342
-7.329728	0.002342
-7.325801	0.002341
-7.321874	0.002341
-7.317947	0.002341
-7.314020	0.002342
-7.310093	0.002343
-7.306166	0.002345
-7.302239	0.002346
-7.298312	0.002349
-7.294385	0.002351
-7.290458	0.002354
-7.286531	0.002357
-7.282604	0.002361
-7.278677	0.002365
-7.274750	0.002370
-7.270823	0.002375
-7.266897	0.002380
-7.262970	0.002386
-7.259043	0.002393
-7.255116	0.002400
-7.251189	0.002408
-7.247262	0.002417
-7.243335	0.002426
-7.239408	0.002436
-7.235481	0.002446
-7.231554	0.002456
-7.227627	0.002467
-7.223700	0.002478
-7.219773	0.002488
-7.215846	0.002498
-7.211919	0.002507
-7.207992	0.002516
-7.204065	0.002523
-7.200138	0.002529
-7.196211	0.002533
-7.192284	0.002536
-7.188357	0.002538
-7.184430	0.002538
-7.180503	0.002538
-7.176576	0.002537
-7.172649	0.002536
-7.168722	0.002534
-7.164795	0.002533
-7.160868	0.002532
-7.156941	0.002532
-7.153014	0.002532
-7.149087	0.002533
-7.145160	0.002534
-7.141233	0.002535
-7.137306	0.002538
-7.133379	0.002540
-7.129452	0.002543
-7.125525	0.002547
-7.121598	0.002552
-7.117671	0.002557
-7.113744	0.002563
-7.109817	0.002570
-7.105890	0.002578
-7.101963	0.002586
-7.098036	0.002596
-7.094109	0.002606
-7.090182	0.002618
-7.086255	0.002630
-7.082328	0.002643
-7.078401	0.002656
-7.074474	0.002671
-7.070547	0.002686
-7.066620	0.002701
-7.062693	0.002716
-7.058766	0.002731
-7.054839	0.002745
-7.050912	0.002758
-7.046985	0.002769
-7.043058	0.002778
-7.039131	0.002785
-7.035204	0.002789
-7.031277	0.002791
-7.027350	0.002791
-7.023423	0.002789
-7.019496	0.002786
-7.015569	0.002782
-7.011642	0.002778
-7.007715	0.002774
-7.003788	0.002771
-6.999861	0.002768
-6.995934	0.002766
-6.992007	0.002764
-6.988080	0.002763
-6.984153	0.002763
-6.980226	0.002764
-6.976299	0.002766
-6.972372	0.002769
-6.968445	0.002773
-6.964518	0.002777
-6.960591	0.002783
-6.956664	0.002790
-6.952737	0.002798
-6.948810	0.002807
-6.944883	0.002817
-6.940956	0.002829
-6.937029	0.002842
-6.933102	0.002855
-6.929175	0.002870
-6.925248	0.002886
-6.921321	0.002903
-6.917394	0.002921
-6.913467	0.002938
-6.909540	0.002956
-6.905613	0.002973
-6.901686	0.002989
-6.897759	0.003003
-6.893832	0.003015
-6.889905	0.003025
-6.885978	0.003031
-6.882051	0.003035
-6.878124	0.003036
-6.874197	0.003035
-6.870270	0.003032
-6.866343	0.003027
-6.862416	0.003023
-6.858489	0.003018
-6.854562	0.003013
-6.850635	0.003009
-6.846708	0.003006
-6.842781	0.003004
-6.838855	0.003002
-6.834928	0.003002
-6.831001	0.003003
-6.827074	0.003005
-6.823147	0.003007
-6.819220	0.003011
-6.815293	0.003015
-6.811366	0.003021
-6.807439	0.003027
-6.803512	0.003035
-6.799585	0.003044
-6.795658	0.003054
-6.791731	0.003066
-6.787804	0.003079
-6.783877	0.003094
-6.779950	0.003109
-6.776023	0.003127
-6.772096	0.003145
-6.768169	0.003165
-6.764242	0.003185
-6.760315	0.003206
-6.756388	0.003228
-6.752461	0.003249
-6.748534	0.003270
-6.744607	0.003289
-6.740680	0.003306
-6.736753	0.003321
-6.732826	0.003332
-6.728899	0.003340
-6.724972	0.003344
-6.721045	0.003344
-6.717118	0.003342
-6.713191	0.003338
-6.709264	0.003332
-6.705337	0.003326
-6.701410	0.003319
-6.697483	0.003313
-6.693556	0.003307
-6.689629	0.003302
-6.685702	0.003299
-6.681775	0.003296
-6.677848	0.003295
-6.673921	0.003295
-6.669994	0.003297
-6.666067	0.003299
-6.662140	0.003304
-6.658213	0.003309
-6.654286	0.003317
-6.650359	0.003326
-6.646432	0.003337
-6.642505	0.003350
-6.638578	0.003365
-6.634651	0.003382
-6.630724	0.003400
-6.626797	0.003421
-6.622870	0.003443
-6.618943	0.003467
-6.615016	0.003493
-6.611089	0.003520
-6.607162	0.003547
-6.603235	0.003575
-6.599308	0.003602
-6.595381	0.003627
-6.591454	0.003649
-6.587527	0.003668
-6.583600	0.003682
-6.579673	0.003691
-6.575746	0.003695
-6.571819	0.003694
-6.567892	0.003689
-6.563965	0.003681
-6.560038	0.003672
-6.556111	0.003661
-6.552184	0.003651
-6.548257	0.003641
-6.544330	0.003633
-6.540403	0.003626
-6.536476	0.003622
-6.532549	0.003619
-6.528622	0.003617
-6.524695	0.003618
-6.520768	0.003620
-6.516841	0.003623
-6.512914	0.003628
-6.508987	0.003634
-6.505060	0.003642
-6.501133	0.003651
-6.497206	0.003662
-6.493279	0.003675
-6.489352	0.003690
-6.485425	0.003707
-6.481498	0.003727
-6.477571	0.003748
-6.473644	0.003772
-6.469717	0.003797
-6.465790	0.003825
-6.461863	0.003855
-6.457936	0.003887
-6.454009	0.003920
-6.450082	0.003954
-6.446155	0.003988
-6.442228	0.004021
-6.438301	0.004053
-6.434374	0.004083
-6.430447	0.004108
-6.426520	0.004129
-6.422593	0.004144
-6.418666	0.004154
-6.414739	0.004159
-6.410813	0.004160
-6.406886	0.004156
-6.402959	0.004151
-6.399032	0.004143
-6.395105	0.004136
-6.391178	0.004128
-6.387251	0.004121
-6.383324	0.004116
-6.379397	0.004112
-6.375470	0.004110
-6.371543	0.004108
-6.367616	0.004109
-6.363689	0.004111
-6.359762	0.004115
-6.355835	0.004120
-6.351908	0.004127
-6.347981	0.004136
-6.344054	0.004148
-6.340127	0.004161
-6.336200	0.004177
-6.332273	0.004196
-6.328346	0.004217
-6.324419	0.004242
-6.320492	0.004270
-6.316565	0.004301
-6.312638	0.004335
-6.308711	0.004373
-6.304784	0.004414
-6.300857	0.004458
-6.296930	0.004504
-6.293003	0.004551
-6.289076	0.004597
-6.285149	0.004643
-6.281222	0.004686
-6.277295	0.004724
-6.273368	0.004757
-6.269441	0.004784
-6.265514	0.004805
-6.261587	0.004818
-6.257660	0.004825
-6.253733	0.004826
-6.249806	0.004824
-6.245879	0.004818
-6.241952	0.004811
-6.238025	0.004804
-6.234098	0.004797
-6.230171	0.004792
-6.226244	0.004788
-6.222317	0.004785
-6.218390	0.004784
-6.214463	0.004785
-6.210536	0.004788
-6.206609	0.004793
-6.202682	0.004801
-6.198755	0.004812
-6.194828	0.004826
-6.190901	0.004845
-6.186974	0.004867
-6.183047	0.004894
-6.179120	0.004926
-6.175193	0.004963
-6.171266	0.005005
-6.167339	0.005052
-6.163412	0.005104
-6.159485	0.005161
-6.155558	0.005222
-6.151631	0.005287
-6.147704	0.005355
-6.143777	0.005424
-6.139850	0.005493
-6.135923	0.005559
-6.131996	0.005619
-6.128069	0.005672
-6.124142	0.005716
-6.120215	0.005749
-6.116288	0.005771
-6.112361	0.005783
-6.108434	0.005785
-6.104507	0.005782
-6.100580	0.005773
-6.096653	0.005762
-6.092726	0.005751
-6.088799	0.005740
-6.084872	0.005732
-6.080945	0.005725
-6.077018	0.005721
-6.073091	0.005719
-6.069164	0.005720
-6.065237	0.005724
-6.061310	0.005732
-6.057383	0.005744
-6.053456	0.005761
-6.049529	0.005784
-6.045602	0.005812
-6.041675	0.005848
-6.037748	0.005891
-6.033821	0.005940
-6.029894	0.005998
-6.025967	0.006063
-6.022040	0.006135
-6.018113	0.006216
-6.014186	0.006304
-6.010259	0.006400
-6.006332	0.006503
-6.002405	0.006613
-5.998478	0.006727
-5.994551	0.006843
-5.990624	0.006957
-5.986698	0.007067
-5.982771	0.007167
-5.978844	0.007254
-5.974917	0.007325
-5.970990	0.007377
-5.967063	0.007409
-5.963136	0.007424
-5.959209	0.007422
-5.955282	0.007409
-5.951355	0.007386
-5.947428	0.007359
-5.943501	0.007329
-5.939574	0.007300
-5.935647	0.007273
-5.931720	0.007247
-5.927793	0.007225
-5.923866	0.007205
-5.919939	0.007189
-5.916012	0.007177
-5.912085	0.007169
-5.908158	0.007167
-5.904231	0.007171
-5.900304	0.007183
-5.896377	0.007203
-5.892450	0.007232
-5.888523	0.007270
-5.884596	0.007319
-5.880669	0.007379
-5.876742	0.007450
-5.872815	0.007533
-5.868888	0.007628
-5.864961	0.007736
-5.861034	0.007856
-5.857107	0.007987
-5.853180	0.008126
-5.849253	0.008272
-5.845326	0.008419
-5.841399	0.008563
-5.837472	0.008700
-5.833545	0.008823
-5.829618	0.008929
-5.825691	0.009015
-5.821764	0.009078
-5.817837	0.009121
-5.813910	0.009146
-5.809983	0.009157
-5.806056	0.009158
-5.802129	0.009155
-5.798202	0.009153
-5.794275	0.009153
-5.790348	0.009158
-5.786421	0.009169
-5.782494	0.009186
-5.778567	0.009209
-5.774640	0.009237
-5.770713	0.009270
-5.766786	0.009308
-5.762859	0.009353
-5.758932	0.009405
-5.755005	0.009467
-5.751078	0.009541
-5.747151	0.009628
-5.743224	0.009730
-5.739297	0.009850
-5.735370	0.009988
-5.731443	0.010146
-5.727516	0.010325
-5.723589	0.010526
-5.719662	0.010749
-5.715735	0.010993
-5.711808	0.011256
-5.707881	0.011534
-5.703954	0.011820
-5.700027	0.012108
-5.696100	0.012389
-5.692173	0.012652
-5.688246	0.012890
-5.684319	0.013093
-5.680392	0.013257
-5.676465	0.013376
-5.672538	0.013452
-5.668611	0.013484
-5.664684	0.013477
-5.660757	0.013434
-5.656830	0.013361
-5.652903	0.013263
-5.648976	0.013147
-5.645049	0.013020
-5.641122	0.012890
-5.637195	0.012764
-5.633268	0.012649
-5.629341	0.012550
-5.625414	0.012474
-5.621487	0.012424
-5.617560	0.012402
-5.613633	0.012410
-5.609706	0.012449
-5.605779	0.012518
-5.601852	0.012618
-5.597925	0.012749
-5.593998	0.012911
-5.590071	0.013103
-5.586144	0.013326
-5.582217	0.013578
-5.578290	0.013856
-5.574363	0.014155
-5.570436	0.014469
-5.566509	0.014789
-5.562582	0.015103
-5.558656	0.015401
-5.554729	0.015670
-5.550802	0.015900
-5.546875	0.016083
-5.542948	0.016215
-5.539021	0.016296
-5.535094	0.016329
-5.531167	0.016319
-5.527240	0.016275
-5.523313	0.016204
-5.519386	0.016110
-5.515459	0.016001
-5.511532	0.015879
-5.507605	0.015749
-5.503678	0.015616
-5.499751	0.015484
-5.495824	0.015359
-5.491897	0.015249
-5.487970	0.015158
-5.484043	0.015092
-5.480116	0.015055
-5.476189	0.015050
-5.472262	0.015079
-5.468335	0.015141
-5.464408	0.015238
-5.460481	0.015369
-5.456554	0.015534
-5.452627	0.015734
-5.448700	0.015969
-5.444773	0.016240
-5.440846	0.016546
-5.436919	0.016884
-5.432992	0.017251
-5.429065	0.017638
-5.425138	0.018036
-5.421211	0.018431
-5.417284	0.018808
-5.413357	0.019150
-5.409430	0.019443
-5.405503	0.019672
-5.401576	0.019828
-5.397649	0.019906
-5.393722	0.019907
-5.389795	0.019835
-5.385868	0.019699
-5.381941	0.019510
-5.378014	0.019283
-5.374087	0.019032
-5.370160	0.018773
-5.366233	0.018520
-5.362306	0.018285
-5.358379	0.018077
-5.354452	0.017904
-5.350525	0.017771
-5.346598	0.017679
-5.342671	0.017628
-5.338744	0.017619
-5.334817	0.017649
-5.330890	0.017716
-5.326963	0.017821
-5.323036	0.017962
-5.319109	0.018141
-5.315182	0.018357
-5.311255	0.018610
-5.307328	0.018900
-5.303401	0.019222
-5.299474	0.019570
-5.295547	0.019937
-5.291620	0.020312
-5.287693	0.020684
-5.283766	0.021042
-5.279839	0.021375
-5.275912	0.021674
-5.271985	0.021933
-5.268058	0.022145
-5.264131	0.022309
-5.260204	0.022421
-5.256277	0.022482
-5.252350	0.022495
-5.248423	0.022462
-5.244496	0.022391
-5.240569	0.022290
-5.236642	0.022170
-5.232715	0.022043
-5.228788	0.021921
-5.224861	0.021819
-5.220934	0.021747
-5.217007	0.021715
-5.213080	0.021728
-5.209153	0.021792
-5.205226	0.021907
-5.201299	0.022074
-5.197372	0.022290
-5.193445	0.022554
-5.189518	0.022864
-5.185591	0.023218
-5.181664	0.023617
-5.177737	0.024060
-5.173810	0.024544
-5.169883	0.025067
-5.165956	0.025619
-5.162029	0.026187
-5.158102	0.026754
-5.154175	0.027296
-5.150248	0.027788
-5.146321	0.028204
-5.142394	0.028522
-5.138467	0.028724
-5.134540	0.028801
-5.130614	0.028752
-5.126687	0.028583
-5.122760	0.028311
-5.118833	0.027953
-5.114906	0.027534
-5.110979	0.027078
-5.107052	0.026609
-5.103125	0.026150
-5.099198	0.025721
-5.095271	0.025339
-5.091344	0.025016
-5.087417	0.024759
-5.083490	0.024572
-5.079563	0.024457
-5.075636	0.024409
-5.071709	0.024423
-5.067782	0.024492
-5.063855	0.024610
-5.059928	0.024769
-5.056001	0.024965
-5.052074	0.025196
-5.048147	0.025462
-5.044220	0.025767
-5.040293	0.026114
-5.036366	0.026506
-5.032439	0.026945
-5.028512	0.027428
-5.024585	0.027947
-5.020658	0.028489
-5.016731	0.029034
-5.012804	0.029560
-5.008877	0.030040
-5.004950	0.030449
-5.001023	0.030762
-4.997096	0.030963
-4.993169	0.031043
-4.989242	0.031003
-4.985315	0.030855
-4.981388	0.030619
-4.977461	0.030319
-4.973534	0.029983
-4.969607	0.029636
-4.965680	0.029298
-4.961753	0.028984
-4.957826	0.028704
-4.953899	0.028459
-4.949972	0.028247
-4.946045	0.028063
-4.942118	0.027900
-4.938191	0.027755
-4.934264	0.027624
-4.930337	0.027511
-4.926410	0.027422
-4.922483	0.027364
-4.918556	0.027350
-4.914629	0.027389
-4.910702	0.027490
-4.906775	0.027659
-4.902848	0.027899
-4.898921	0.028210
-4.894994	0.028586
-4.891067	0.029018
-4.887140	0.029494
-4.883213	0.029999
-4.879286	0.030516
-4.875359	0.031026
-4.871432	0.031511
-4.867505	0.031955
-4.863578	0.032343
-4.859651	0.032664
-4.855724	0.032908
-4.851797	0.033074
-4.847870	0.033162
-4.843943	0.033179
-4.840016	0.033133
-4.836089	0.033039
-4.832162	0.032909
-4.828235	0.032757
-4.824308	0.032592
-4.820381	0.032424
-4.816454	0.032260
-4.812527	0.032109
-4.808600	0.031979
-4.804673	0.031881
-4.800746	0.031829
-4.796819	0.031835
-4.792892	0.031916
-4.788965	0.032084
-4.785038	0.032351
-4.781111	0.032729
-4.777184	0.033223
-4.773257	0.033839
-4.769330	0.034578
-4.765403	0.035436
-4.761476	0.036406
-4.757549	0.037475
-4.753622	0.038621
-4.749695	0.039817
-4.745768	0.041030
-4.741841	0.042218
-4.737914	0.043338
-4.733987	0.044347
-4.730060	0.045205
-4.726133	0.045883
-4.722206	0.046365
-4.718279	0.046652
-4.714352	0.046761
-4.710425	0.046719
-4.706498	0.046567
-4.702572	0.046345
-4.698645	0.046093
-4.694718	0.045841
-4.690791	0.045613
-4.686864	0.045422
-4.682937	0.045272
-4.679010	0.045161
-4.675083	0.045086
-4.671156	0.045045
-4.667229	0.045040
-4.663302	0.045079
-4.659375	0.045174
-4.655448	0.045344
-4.651521	0.045605
-4.647594	0.045974
-4.643667	0.046459
-4.639740	0.047064
-4.635813	0.047782
-4.631886	0.048596
-4.627959	0.049477
-4.624032	0.050390
-4.620105	0.051290
-4.616178	0.052130
-4.612251	0.052865
-4.608324	0.053454
-4.604397	0.053868
-4.600470	0.054093
-4.596543	0.054126
-4.592616	0.053980
-4.588689	0.053676
-4.584762	0.053242
-4.580835	0.052707
-4.576908	0.052098
-4.572981	0.051438
-4.569054	0.050745
-4.565127	0.050032
-4.561200	0.049311
-4.557273	0.048593
-4.553346	0.047891
-4.549419	0.047221
-4.545492	0.046604
-4.541565	0.046060
-4.537638	0.045613
-4.533711	0.045284
-4.529784	0.045093
-4.525857	0.045055
-4.521930	0.045182
-4.518003	0.045485
-4.514076	0.045966
-4.510149	0.046627
-4.506222	0.047464
-4.502295	0.048466
-4.498368	0.049618
-4.494441	0.050897
-4.490514	0.052270
-4.486587	0.053700
-4.482660	0.055140
-4.478733	0.056539
-4.474806	0.057845
-4.470879	0.059009
-4.466952	0.059987
-4.463025	0.060747
-4.459098	0.061266
-4.455171	0.061537
-4.451244	0.061562
-4.447317	0.061358
-4.443390	0.060952
-4.439463	0.060383
-4.435536	0.059696
-4.431609	0.058945
-4.427682	0.058182
-4.423755	0.057463
-4.419828	0.056835
-4.415901	0.056342
-4.411974	0.056018
-4.408047	0.055891
-4.404120	0.055979
-4.400193	0.056294
-4.396266	0.056840
-4.392339	0.057611
-4.388412	0.058597
-4.384485	0.059773
-4.380558	0.061109
-4.376631	0.062559
-4.372704	0.064068
-4.368777	0.065572
-4.364850	0.066999
-4.360923	0.068278
-4.356996	0.069347
-4.353069	0.070155
-4.349142	0.070672
-4.345215	0.070888
-4.341288	0.070814
-4.337361	0.070479
-4.333434	0.069920
-4.329507	0.069183
-4.325580	0.068315
-4.321653	0.067362
-4.317726	0.066364
-4.313799	0.065358
-4.309872	0.064371
-4.305945	0.063428
-4.302018	0.062548
-4.298091	0.061749
-4.294164	0.061049
-4.290237	0.060468
-4.286310	0.060026
-4.282383	0.059747
-4.278456	0.059650
-4.274530	0.059757
-4.270603	0.060086
-4.266676	0.060651
-4.262749	0.061462
-4.258822	0.062528
-4.254895	0.063850
-4.250968	0.065424
-4.247041	0.067238
-4.243114	0.069271
-4.239187	0.071492
-4.235260	0.073855
-4.231333	0.076302
-4.227406	0.078759
-4.223479	0.081144
-4.219552	0.083369
-4.215625	0.085345
-4.211698	0.086993
-4.207771	0.088254
-4.203844	0.089090
-4.199917	0.089494
-4.195990	0.089489
-4.192063	0.089125
-4.188136	0.088476
-4.184209	0.087633
-4.180282	0.086692
-4.176355	0.085752
-4.172428	0.084905
-4.168501	0.084233
-4.164574	0.083806
-4.160647	0.083678
-4.156720	0.083891
-4.152793	0.084477
-4.148866	0.085452
-4.144939	0.086825
-4.141012	0.088590
-4.137085	0.090732
-4.133158	0.093217
-4.129231	0.095998
-4.125304	0.099009
-4.121377	0.102163
-4.117450	0.105356
-4.113523	0.108467
-4.109596	0.111366
-4.105669	0.113918
-4.101742	0.115996
-4.097815	0.117492
-4.093888	0.118324
-4.089961	0.118451
-4.086034	0.117875
-4.082107	0.116645
-4.078180	0.114847
-4.074253	0.112595
-4.070326	0.110017
-4.066399	0.107244
-4.062472	0.104396
-4.058545	0.101580
-4.054618	0.098887
-4.050691	0.096392
-4.046764	0.094155
-4.042837	0.092223
-4.038910	0.090631
-4.034983	0.089403
-4.031056	0.088552
-4.027129	0.088080
-4.023202	0.087979
-4.019275	0.088231
-4.015348	0.088803
-4.011421	0.089654
-4.007494	0.090727
-4.003567	0.091955
-3.999640	0.093262
-3.995713	0.094568
-3.991786	0.095792
-3.987859	0.096862
-3.983932	0.097722
-3.980005	0.098333
-3.976078	0.098675
-3.972151	0.098750
-3.968224	0.098573
-3.964297	0.098170
-3.960370	0.097574
-3.956443	0.096821
-3.952516	0.095946
-3.948589	0.094987
-3.944662	0.093979
-3.940735	0.092962
-3.936808	0.091974
-3.932881	0.091058
-3.928954	0.090256
-3.925027	0.089611
-3.921100	0.089168
-3.917173	0.088965
-3.913246	0.089040
-3.909319	0.089420
-3.905392	0.090126
-3.901465	0.091170
-3.897538	0.092551
-3.893611	0.094259
-3.889684	0.096275
-3.885757	0.098565
-3.881830	0.101088
-3.877903	0.103793
-3.873976	0.106620
-3.870049	0.109500
-3.866122	0.112358
-3.862195	0.115109
-3.858268	0.117664
-3.854341	0.119929
-3.850414	0.121819
-3.846488	0.123256
-3.842561	0.124191
-3.838634	0.124603
-3.834707	0.124508
-3.830780	0.123961
-3.826853	0.123050
-3.822926	0.121885
-3.818999	0.120593
-3.815072	0.119305
-3.811145	0.118142
-3.807218	0.117213
-3.803291	0.116608
-3.799364	0.116393
-3.795437	0.116608
-3.791510	0.117271
-3.787583	0.118369
-3.783656	0.119866
-3.779729	0.121694
-3.775802	0.123760
-3.771875	0.125945
-3.767948	0.128106
-3.764021	0.130093
-3.760094	0.131753
-3.756167	0.132948
-3.752240	0.133571
-3.748313	0.133556
-3.744386	0.132883
-3.740459	0.131579
-3.736532	0.129706
-3.732605	0.127353
-3.728678	0.124625
-3.724751	0.121628
-3.720824	0.118466
-3.716897	0.115238
-3.712970	0.112032
-3.709043	0.108928
-3.705116	0.105997
-3.701189	0.103297
-3.697262	0.100882
-3.693335	0.098792
-3.689408	0.097059
-3.685481	0.095706
-3.681554	0.094747
-3.677627	0.094187
-3.673700	0.094026
-3.669773	0.094252
-3.665846	0.094846
-3.661919	0.095779
-3.657992	0.097012
-3.654065	0.098492
-3.650138	0.100157
-3.646211	0.101932
-3.642284	0.103737
-3.638357	0.105489
-3.634430	0.107111
-3.630503	0.108535
-3.626576	0.109708
-3.622649	0.110597
-3.618722	0.111186
-3.614795	0.111479
-3.610868	0.111493
-3.606941	0.111259
-3.603014	0.110813
-3.599087	0.110194
-3.595160	0.109441
-3.591233	0.108592
-3.587306	0.107684
-3.583379	0.106751
-3.579452	0.105834
-3.575525	0.104975
-3.571598	0.104222
-3.567671	0.103623
-3.563744	0.103225
-3.559817	0.103065
-3.555890	0.103168
-3.551963	0.103542
-3.548036	0.104173
-3.544109	0.105026
-3.540182	0.106045
-3.536255	0.107152
-3.532328	0.108256
-3.528401	0.109255
-3.524474	0.110052
-3.520547	0.110561
-3.516620	0.110719
-3.512693	0.110491
-3.508766	0.109874
-3.504839	0.108891
-3.500912	0.107587
-3.496985	0.106023
-3.493058	0.104262
-3.489131	0.102373
-3.485204	0.100422
-3.481277	0.098474
-3.477350	0.096591
-3.473423	0.094834
-3.469496	0.093255
-3.465569	0.091904
-3.461642	0.090820
-3.457715	0.090036
-3.453788	0.089579
-3.449861	0.089465
-3.445934	0.089707
-3.442007	0.090310
-3.438080	0.091273
-3.434153	0.092585
-3.430226	0.094229
-3.426299	0.096173
-3.422372	0.098371
-3.418446	0.100757
-3.414519	0.103244
-3.410592	0.105726
-3.406665	0.108079
-3.402738	0.110166
-3.398811	0.111856
-3.394884	0.113033
-3.390957	0.113617
-3.387030	0.113572
-3.383103	0.112917
-3.379176	0.111718
-3.375249	0.110082
-3.371322	0.108139
-3.367395	0.106025
-3.363468	0.103870
-3.359541	0.101789
-3.355614	0.099876
-3.351687	0.098204
-3.347760	0.096825
-3.343833	0.095776
-3.339906	0.095078
-3.335979	0.094741
-3.332052	0.094769
-3.328125	0.095153
-3.324198	0.095879
-3.320271	0.096922
-3.316344	0.098250
-3.312417	0.099817
-3.308490	0.101569
-3.304563	0.103440
-3.300636	0.105356
-3.296709	0.107239
-3.292782	0.109012
-3.288855	0.110604
-3.284928	0.111956
-3.281001	0.113021
-3.277074	0.113773
-3.273147	0.114203
-3.269220	0.114320
-3.265293	0.114154
-3.261366	0.113751
-3.257439	0.113172
-3.253512	0.112489
-3.249585	0.111779
-3.245658	0.111124
-3.241731	0.110599
-3.237804	0.110278
-3.233877	0.110223
-3.229950	0.110489
-3.226023	0.111119
-3.222096	0.112146
-3.218169	0.113595
-3.214242	0.115483
-3.210315	0.117817
-3.206388	0.120595
-3.202461	0.123803
-3.198534	0.127418
-3.194607	0.131400
-3.190680	0.135695
-3.186753	0.140231
-3.182826	0.144915
-3.178899	0.149641
-3.174972	0.154279
-3.171045	0.158688
-3.167118	0.162719
-3.163191	0.166224
-3.159264	0.169070
-3.155337	0.171160
-3.151410	0.172442
-3.147483	0.172927
-3.143556	0.172688
-3.139629	0.171854
-3.135702	0.170597
-3.131775	0.169114
-3.127848	0.167602
-3.123921	0.166247
-3.119994	0.165213
-3.116067	0.164633
-3.112140	0.164608
-3.108213	0.165212
-3.104286	0.166490
-3.100359	0.168458
-3.096432	0.171109
-3.092505	0.174405
-3.088578	0.178281
-3.084651	0.182637
-3.080724	0.187337
-3.076797	0.192214
-3.072870	0.197071
-3.068943	0.201692
-3.065016	0.205861
-3.061089	0.209384
-3.057162	0.212109
-3.053235	0.213952
-3.049308	0.214907
-3.045381	0.215051
-3.041454	0.214538
-3.037527	0.213576
-3.033600	0.212409
-3.029673	0.211284
-3.025746	0.210439
-3.021819	0.210080
-3.017892	0.210379
-3.013965	0.211465
-3.010038	0.213429
-3.006111	0.216322
-3.002184	0.220156
-2.998257	0.224901
-2.994330	0.230482
-2.990404	0.236771
-2.986477	0.243583
-2.982550	0.250672
-2.978623	0.257735
-2.974696	0.264419
-2.970769	0.270352
-2.966842	0.275171
-2.962915	0.278567
-2.958988	0.280333
-2.955061	0.280391
-2.951134	0.278810
-2.947207	0.275797
-2.943280	0.271661
-2.939353	0.266774
-2.935426	0.261522
-2.931499	0.256269
-2.927572	0.251332
-2.923645	0.246968
-2.919718	0.243371
-2.915791	0.240677
-2.911864	0.238966
-2.907937	0.238269
-2.904010	0.238571
-2.900083	0.239808
-2.896156	0.241874
-2.892229	0.244612
-2.888302	0.247822
-2.884375	0.251260
-2.880448	0.254654
-2.876521	0.257716
-2.872594	0.260171
-2.868667	0.261783
-2.864740	0.262378
-2.860813	0.261868
-2.856886	0.260260
-2.852959	0.257646
-2.849032	0.254196
-2.845105	0.250128
-2.841178	0.245687
-2.837251	0.241119
-2.833324	0.236657
-2.829397	0.232508
-2.825470	0.228848
-2.821543	0.225817
-2.817616	0.223521
-2.813689	0.222029
-2.809762	0.221380
-2.805835	0.221576
-2.801908	0.222590
-2.797981	0.224356
-2.794054	0.226775
-2.790127	0.229710
-2.786200	0.232990
-2.782273	0.236412
-2.778346	0.239754
-2.774419	0.242791
-2.770492	0.245313
-2.766565	0.247152
-2.762638	0.248202
-2.758711	0.248430
-2.754784	0.247887
-2.750857	0.246699
-2.746930	0.245049
-2.743003	0.243157
-2.739076	0.241258
-2.735149	0.239579
-2.731222	0.238324
-2.727295	0.237668
-2.723368	0.237748
-2.719441	0.238665
-2.715514	0.240481
-2.711587	0.243222
-2.707660	0.246877
-2.703733	0.251395
-2.699806	0.256682
-2.695879	0.262598
-2.691952	0.268959
-2.688025	0.275537
-2.684098	0.282072
-2.680171	0.288280
-2.676244	0.293876
-2.672317	0.298596
-2.668390	0.302221
-2.664463	0.304598
-2.660536	0.305660
-2.656609	0.305441
-2.652682	0.304072
-2.648755	0.301773
-2.644828	0.298829
-2.640901	0.295562
-2.636974	0.292300
-2.633047	0.289350
-2.629120	0.286979
-2.625193	0.285407
-2.621266	0.284800
-2.617339	0.285268
-2.613412	0.286871
-2.609485	0.289618
-2.605558	0.293464
-2.601631	0.298308
-2.597704	0.303989
-2.593777	0.310279
-2.589850	0.316889
-2.585923	0.323469
-2.581996	0.329634
-2.578069	0.334991
-2.574142	0.339184
-2.570215	0.341944
-2.566288	0.343126
-2.562362	0.342740
-2.558435	0.340946
-2.554508	0.338029
-2.550581	0.334360
-2.546654	0.330347
-2.542727	0.326385
-2.538800	0.322835
-2.534873	0.319993
-2.530946	0.318093
-2.527019	0.317299
-2.523092	0.317716
-2.519165	0.319387
-2.515238	0.322300
-2.511311	0.326390
-2.507384	0.331533
-2.503457	0.337550
-2.499530	0.344205
-2.495603	0.351211
-2.491676	0.358244
-2.487749	0.364961
-2.483822	0.371028
-2.479895	0.376154
-2.475968	0.380119
-2.472041	0.382802
-2.468114	0.384195
-2.464187	0.384407
-2.460260	0.383646
-2.456333	0.382202
-2.452406	0.380409
-2.448479	0.378622
-2.444552	0.377174
-2.440625	0.376363
-2.436698	0.376422
-2.432771	0.377515
-2.428844	0.379722
-2.424917	0.383036
-2.420990	0.387365
-2.417063	0.392531
-2.413136	0.398277
-2.409209	0.404278
-2.405282	0.410158
-2.401355	0.415518
-2.397428	0.419962
-2.393501	0.423140
-2.389574	0.424780
-2.385647	0.424726
-2.381720	0.422961
-2.377793	0.419615
-2.373866	0.414951
-2.369939	0.409330
-2.366012	0.403174
-2.362085	0.396911
-2.358158	0.390944
-2.354231	0.385619
-2.350304	0.381216
-2.346377	0.377942
-2.342450	0.375942
-2.338523	0.375298
-2.334596	0.376049
-2.330669	0.378192
-2.326742	0.381693
-2.322815	0.386497
-2.318888	0.392521
-2.314961	0.399666
-2.311034	0.407801
-2.307107	0.416766
-2.303180	0.426356
-2.299253	0.436323
-2.295326	0.446377
-2.291399	0.456205
-2.287472	0.465496
-2.283545	0.473979
-2.279618	0.481469
-2.275691	0.487889
-2.271764	0.493297
-2.267837	0.497879
-2.263910	0.501928
-2.259983	0.505801
-2.256056	0.509879
-2.252129	0.514515
-2.248202	0.519997
-2.244275	0.526524
-2.240348	0.534179
-2.236421	0.542933
-2.232494	0.552645
-2.228567	0.563070
-2.224640	0.573880
-2.220713	0.584687
-2.216786	0.595064
-2.212859	0.604575
-2.208932	0.612811
-2.205005	0.619429
-2.201078	0.624193
-2.197151	0.627021
-2.193224	0.628004
-2.189297	0.627415
-2.185370	0.625675
-2.181443	0.623310
-2.177516	0.620886
-2.173589	0.618954
-2.169662	0.617997
-2.165735	0.618402
-2.161808	0.620441
-2.157881	0.624263
-2.153954	0.629899
-2.150027	0.637260
-2.146100	0.646150
-2.142173	0.656268
-2.138246	0.667228
-2.134320	0.678576
-2.130393	0.689835
-2.126466	0.700554
-2.122539	0.710375
-2.118612	0.719089
-2.114685	0.726672
-2.110758	0.733295
-2.106831	0.739304
-2.102904	0.745164
-2.098977	0.751402
-2.095050	0.758539
-2.091123	0.767035
-2.087196	0.777244
-2.083269	0.789377
-2.079342	0.803485
-2.075415	0.819446
-2.071488	0.836963
-2.067561	0.855583
-2.063634	0.874723
-2.059707	0.893718
-2.055780	0.911879
-2.051853	0.928576
-2.047926	0.943310
-2.043999	0.955792
-2.040072	0.965989
-2.036145	0.974148
-2.032218	0.980770
-2.028291	0.986555
-2.024364	0.992307
-2.020437	0.998828
-2.016510	1.006823
-2.012583	1.016814
-2.008656	1.029085
-2.004729	1.043650
-2.000802	1.060246
-1.996875	1.078349
-1.992948	1.097203
-1.989021	1.115881
-1.985094	1.133367
-1.981167	1.148657
-1.977240	1.160887
-1.973313	1.169462
-1.969386	1.174156
-1.965459	1.175169
-1.961532	1.173096
-1.957605	1.168825
-1.953678	1.163387
-1.949751	1.157808
-1.945824	1.152994
-1.941897	1.149671
-1.937970	1.148372
-1.934043	1.149451
-1.930116	1.153112
-1.926189	1.159443
-1.922262	1.168443
-1.918335	1.180057
-1.914408	1.194202
-1.910481	1.210794
-1.906554	1.229764
-1.902627	1.251071
-1.898700	1.274712
-1.894773	1.300722
-1.890846	1.329168
-1.886919	1.360134
-1.882992	1.393690
-1.879065	1.429858
-1.875138	1.468581
-1.871211	1.509690
-1.867284	1.552871
-1.863357	1.597645
-1.859430	1.643360
-1.855503	1.689207
-1.851576	1.734282
-1.847649	1.777664
-1.843722	1.818525
-1.839795	1.856192
-1.835868	1.890185
-1.831941	1.920202
-1.828014	1.946109
-1.824087	1.967948
-1.820160	1.985985
-1.816233	2.000751
-1.812306	2.013046
-1.808379	2.023884
-1.804452	2.034406
-1.800525	2.045764
-1.796598	2.059003
-1.792671	2.074927
-1.788744	2.093941
-1.784817	2.115887
-1.780890	2.139890
-1.776963	2.164324
-1.773036	2.186946
-1.769109	2.205243
-1.765182	2.216925
-1.761255	2.220397
-1.757328	2.215051
-1.753401	2.201299
-1.749474	2.180392
-1.745547	2.154141
-1.741620	2.124624
-1.737693	2.093953
-1.733766	2.064090
-1.729839	2.036726
-1.725912	2.013168
-1.721985	1.994215
-1.718058	1.980028
-1.714131	1.970036
-1.710205	1.962960
-1.706278	1.957034
-1.702351	1.950401
-1.698424	1.941589
-1.694497	1.929896
-1.690570	1.915547
-1.686643	1.899593
-1.682716	1.883601
-1.678789	1.869253
-1.674862	1.857934
-1.670935	1.850414
-1.667008	1.846649
-1.663081	1.845796
-1.659154	1.846435
-1.655227	1.846978
-1.651300	1.846125
-1.647373	1.843200
-1.643446	1.838265
-1.639519	1.831998
-1.635592	1.825410
-1.631665	1.819540
-1.627738	1.815212
-1.623811	1.812912
-1.619884	1.812773
-1.615957	1.814604
-1.612030	1.817940
-1.608103	1.822044
-1.604176	1.825913
-1.600249	1.828303
-1.596322	1.827851
-1.592395	1.823269
-1.588468	1.813584
-1.584541	1.798341
-1.580614	1.777695
-1.576687	1.752388
-1.572760	1.723613
-1.568833	1.692822
-1.564906	1.661519
-1.560979	1.631093
-1.557052	1.602695
-1.553125	1.577175
-1.549198	1.555063
-1.545271	1.536582
-1.541344	1.521671
-1.537417	1.510023
-1.533490	1.501134
-1.529563	1.494358
-1.525636	1.488985
-1.521709	1.484328
-1.517782	1.479807
-1.513855	1.475015
-1.509928	1.469743
-1.506001	1.463974
-1.502074	1.457829
-1.498147	1.451517
-1.494220	1.445268
-1.490293	1.439283
-1.486366	1.433700
-1.482439	1.428570
-1.478512	1.423858
-1.474585	1.419456
-1.470658	1.415212
-1.466731	1.410957
-1.462804	1.406535
-1.458877	1.401820
-1.454950	1.396719
-1.451023	1.391177
-1.447096	1.385163
-1.443169	1.378670
-1.439242	1.371703
-1.435315	1.364280
-1.431388	1.356430
-1.427461	1.348190
-1.423534	1.339612
-1.419607	1.330758
-1.415680	1.321702
-1.411753	1.312522
-1.407826	1.303294
-1.403899	1.294079
-1.399972	1.284909
-1.396045	1.275786
-1.392118	1.266686
-1.388191	1.257576
-1.384264	1.248449
-1.380337	1.239347
-1.376410	1.230390
-1.372483	1.221768
-1.368556	1.213721
-1.364629	1.206493
-1.360702	1.200284
-1.356775	1.195204
-1.352848	1.191256
-1.348921	1.188336
-1.344994	1.186252
-1.341067	1.184766
-1.337140	1.183627
-1.333213	1.182611
-1.329286	1.181547
-1.325359	1.180337
-1.321432	1.178960
-1.317505	1.177467
-1.313578	1.175969
-1.309651	1.174619
-1.305724	1.173590
-1.301797	1.173052
-1.297870	1.173168
-1.293943	1.174086
-1.290016	1.175947
-1.286089	1.178893
-1.282163	1.183056
-1.278236	1.188547
-1.274309	1.195419
-1.270382	1.203635
-1.266455	1.213036
-1.262528	1.223345
-1.258601	1.234181
-1.254674	1.245103
-1.250747	1.255663
-1.246820	1.265441
-1.242893	1.274072
-1.238966	1.281262
-1.235039	1.286786
-1.231112	1.290494
-1.227185	1.292317
-1.223258	1.292277
-1.219331	1.290492
-1.215404	1.287173
-1.211477	1.282610
-1.207550	1.277141
-1.203623	1.271119
-1.199696	1.264871
-1.195769	1.258669
-1.191842	1.252711
-1.187915	1.247115
-1.183988	1.241922
-1.180061	1.237106
-1.176134	1.232595
-1.172207	1.228276
-1.168280	1.224019
-1.164353	1.219682
-1.160426	1.215131
-1.156499	1.210251
-1.152572	1.204959
-1.148645	1.199221
-1.144718	1.193057
-1.140791	1.186544
-1.136864	1.179805
-1.132937	1.172995
-1.129010	1.166274
-1.125083	1.159784
-1.121156	1.153636
-1.117229	1.147901
-1.113302	1.142610
-1.109375	1.137768
-1.105448	1.133357
-1.101521	1.129350
-1.097594	1.125714
-1.093667	1.122414
-1.089740	1.119415
-1.085813	1.116681
-1.081886	1.114180
-1.077959	1.111880
-1.074032	1.109749
-1.070105	1.107756
-1.066178	1.105871
-1.062251	1.104063
-1.058324	1.102298
-1.054397	1.100538
-1.050470	1.098741
-1.046543	1.096853
-1.042616	1.094807
-1.038689	1.092521
-1.034762	1.089894
-1.030835	1.086814
-1.026908	1.083171
-1.022981	1.078878
-1.019054	1.073912
-1.015127	1.068343
-1.011200	1.062367
-1.007273	1.056308
-1.003346	1.050597
-0.999419	1.045719
-0.995492	1.042140
-0.991565	1.040241
-0.987638	1.040255
-0.983711	1.042226
-0.979784	1.045984
-0.975857	1.051151
-0.971930	1.057154
-0.968003	1.063271
-0.964076	1.068689
-0.960149	1.072604
-0.956222	1.074320
-0.952295	1.073354
-0.948368	1.069512
-0.944441	1.062911
-0.940514	1.053940
-0.936587	1.043175
-0.932660	1.031277
-0.928733	1.018893
-0.924806	1.006592
-0.920879	0.994831
-0.916952	0.983963
-0.913025	0.974249
-0.909098	0.965879
-0.905171	0.958977
-0.901244	0.953603
-0.897317	0.949743
-0.893390	0.947306
-0.889463	0.946128
-0.885536	0.945992
-0.881609	0.946653
-0.877682	0.947865
-0.873755	0.949406
-0.869828	0.951097
-0.865901	0.952801
-0.861974	0.954427
-0.858047	0.955922
-0.854121	0.957260
-0.850194	0.958434
-0.846267	0.959452
-0.842340	0.960327
-0.838413	0.961076
-0.834486	0.961715
-0.830559	0.962263
-0.826632	0.962733
-0.822705	0.963139
-0.818778	0.963493
-0.814851	0.963804
-0.810924	0.964081
-0.806997	0.964329
-0.803070	0.964556
-0.799143	0.964765
-0.795216	0.964959
-0.791289	0.965143
-0.787362	0.965316
-0.783435	0.965480
-0.779508	0.965635
-0.775581	0.965778
-0.771654	0.965906
-0.767727	0.966015
-0.763800	0.966098
-0.759873	0.966145
-0.755946	0.966145
-0.752019	0.966081
-0.748092	0.965934
-0.744165	0.965680
-0.740238	0.965292
-0.736311	0.964736
-0.732384	0.963976
-0.728457	0.962976
-0.724530	0.961700
-0.720603	0.960119
-0.716676	0.958215
-0.712749	0.955989
-0.708822	0.953464
-0.704895	0.950687
-0.700968	0.947731
-0.697041	0.944683
-0.693114	0.941634
-0.689187	0.938674
-0.685260	0.935872
-0.681333	0.933279
-0.677406	0.930926
-0.673479	0.928821
-0.669552	0.926963
-0.665625	0.925339
-0.661698	0.923932
-0.657771	0.922720
-0.653844	0.921683
-0.649917	0.920799
-0.645990	0.920049
-0.642063	0.919414
-0.638136	0.918877
-0.634209	0.918423
-0.630282	0.918039
-0.626355	0.917713
-0.622428	0.917435
-0.618501	0.917197
-0.614574	0.916993
-0.610647	0.916815
-0.606720	0.916659
-0.602793	0.916521
-0.598866	0.916398
-0.594939	0.916287
-0.591012	0.916185
-0.587085	0.916091
-0.583158	0.916002
-0.579231	0.915918
-0.575304	0.915836
-0.571377	0.915757
-0.567450	0.915677
-0.563523	0.915597
-0.559596	0.915514
-0.555669	0.915428
-0.551742	0.915335
-0.547815	0.915235
-0.543888	0.915125
-0.539961	0.915000
-0.536034	0.914859
-0.532107	0.914696
-0.528180	0.914505
-0.524253	0.914280
-0.520326	0.914014
-0.516399	0.913696
-0.512472	0.913315
-0.508545	0.912856
-0.504618	0.912305
-0.500691	0.911642
-0.496764	0.910845
-0.492837	0.909891
-0.488910	0.908754
-0.484983	0.907407
-0.481056	0.905826
-0.477129	0.903991
-0.473202	0.901891
-0.469275	0.899528
-0.465348	0.896927
-0.461421	0.894134
-0.457494	0.891224
-0.453567	0.888291
-0.449640	0.885450
-0.445713	0.882816
-0.441786	0.880493
-0.437859	0.878560
-0.433932	0.877061
-0.430005	0.876006
-0.426079	0.875374
-0.422152	0.875122
-0.418225	0.875191
-0.414298	0.875522
-0.410371	0.876055
-0.406444	0.876739
-0.402517	0.877529
-0.398590	0.878391
-0.394663	0.879296
-0.390736	0.880223
-0.386809	0.881159
-0.382882	0.882092
-0.378955	0.883016
-0.375028	0.883926
-0.371101	0.884820
-0.367174	0.885697
-0.363247	0.886557
-0.359320	0.887402
-0.355393	0.888232
-0.351466	0.889050
-0.347539	0.889858
-0.343612	0.890658
-0.339685	0.891452
-0.335758	0.892242
-0.331831	0.893032
-0.327904	0.893823
-0.323977	0.894617
-0.320050	0.895418
-0.316123	0.896227
-0.312196	0.897046
-0.308269	0.897879
-0.304342	0.898726
-0.300415	0.899591
-0.296488	0.900476
-0.292561	0.901382
-0.288634	0.902312
-0.284707	0.903269
-0.280780	0.904255
-0.276853	0.905271
-0.272926	0.906322
-0.268999	0.907408
-0.265072	0.908533
-0.261145	0.909698
-0.257218	0.910908
-0.253291	0.912164
-0.249364	0.913469
-0.245437	0.914825
-0.241510	0.916237
-0.237583	0.917706
-0.233656	0.919236
-0.229729	0.920830
-0.225802	0.922490
-0.221875	0.924220
-0.217948	0.926022
-0.214021	0.927898
-0.210094	0.929852
-0.206167	0.931886
-0.202240	0.934000
-0.198313	0.936197
-0.194386	0.938475
-0.190459	0.940835
-0.186532	0.943273
-0.182605	0.945786
-0.178678	0.948366
-0.174751	0.951004
-0.170824	0.953686
-0.166897	0.956394
-0.162970	0.959101
-0.159043	0.961776
-0.155116	0.964375
-0.151189	0.966843
-0.147262	0.969110
-0.143335	0.971086
-0.139408	0.972660
-0.135481	0.973694
-0.131554	0.974020
-0.127627	0.973434
-0.123700	0.971697
-0.119773	0.968532
-0.115846	0.963631
-0.111919	0.956664
-0.107992	0.947296
-0.104065	0.935218
-0.100138	0.920181
-0.096211	0.902041
-0.092284	0.880795
-0.088357	0.856612
-0.084430	0.829843
-0.080503	0.801002
-0.076576	0.770727
-0.072649	0.739712
-0.068722	0.708652
-0.064795	0.678180
-0.060868	0.648828
-0.056941	0.621013
-0.053014	0.595030
-0.049087	0.571066
-0.045160	0.549218
-0.041233	0.529515
-0.037306	0.511936
-0.033379	0.496425
-0.029452	0.482911
-0.025525	0.471312
-0.021598	0.461548
-0.017671	0.453543
-0.013744	0.447229
-0.009817	0.442551
-0.005890	0.439467
-0.001963	0.437948
0.001963	0.437978
0.005890	0.439559
0.009817	0.442706
0.013744	0.447447
0.017671	0.453827
0.021598	0.461900
0.025525	0.471735
0.029452	0.483408
0.033379	0.497000
0.037306	0.512591
0.041233	0.530254
0.045160	0.550041
0.049087	0.571973
0.053014	0.596019
0.056941	0.622078
0.060868	0.649959
0.064795	0.679362
0.068722	0.709867
0.072649	0.740934
0.076576	0.771929
0.080503	0.802157
0.084430	0.830922
0.088357	0.857593
0.092284	0.881660
0.096211	0.902781
0.100138	0.920792
0.104065	0.935703
0.107992	0.947665
0.111919	0.956929
0.115846	0.963806
0.119773	0.968630
0.123700	0.971731
0.127627	0.973416
0.131554	0.973961
0.135481	0.973603
0.139408	0.972545
0.143335	0.970953
0.147262	0.968964
0.151189	0.966688
0.155116	0.964214
0.159043	0.961612
0.162970	0.958935
0.166897	0.956228
0.170824	0.953522
0.174751	0.950842
0.178678	0.948206
0.182605	0.945629
0.186532	0.943120
0.190459	0.940685
0.194386	0.938329
0.198313	0.936055
0.202240	0.933862
0.206167	0.931751
0.210094	0.929722
0.214021	0.927771
0.217948	0.925898
0.221875	0.924099
0.225802	0.922373
0.229729	0.920716
0.233656	0.919125
0.237583	0.917598
0.241510	0.916132
0.245437	0.914723
0.249364	0.913368
0.253291	0.912066
0.257218	0.910812
0.261145	0.909605
0.265072	0.908441
0.268999	0.907319
0.272926	0.906234
0.276853	0.905186
0.280780	0.904171
0.284707	0.903187
0.288634	0.902232
0.292561	0.901303
0.296488	0.900398
0.300415	0.899515
0.304342	0.898651
0.308269	0.897805
0.312196	0.896974
0.316123	0.896156
0.320050	0.895349
0.323977	0.894549
0.327904	0.893756
0.331831	0.892967
0.335758	0.892178
0.339685	0.891389
0.343612	0.890597
0.347539	0.889799
0.351466	0.888993
0.355393	0.888176
0.359320	0.887348
0.363247	0.886505
0.367174	0.885646
0.371101	0.884770
0.375028	0.883878
0.378955	0.882969
0.382882	0.882045
0.386809	0.881112
0.390736	0.880175
0.394663	0.879244
0.398590	0.878334
0.402517	0.877465
0.406444	0.876663
0.410371	0.875964
0.414298	0.875410
0.418225	0.875053
0.422152	0.874950
0.426079	0.875164
0.430005	0.875752
0.433932	0.876760
0.437859	0.878215
0.441786	0.880109
0.445713	0.882403
0.449640	0.885021
0.453567	0.887862
0.457494	0.890809
0.461421	0.893748
0.465348	0.896578
0.469275	0.899224
0.473202	0.901633
0.477129	0.903780
0.481056	0.905658
0.484983	0.907279
0.488910	0.908660
0.492837	0.909827
0.496764	0.910805
0.500691	0.911622
0.504618	0.912301
0.508545	0.912865
0.512472	0.913332
0.516399	0.913720
0.520326	0.914043
0.524253	0.914312
0.528180	0.914537
0.532107	0.914728
0.536034	0.914890
0.539961	0.915029
0.543888	0.915150
0.547815	0.915256
0.551742	0.915352
0.555669	0.915439
0.559596	0.915520
0.563523	0.915597
0.567450	0.915671
0.571377	0.915743
0.575304	0.915816
0.579231	0.915890
0.583158	0.915967
0.587085	0.916047
0.591012	0.916133
0.594939	0.916226
0.598866	0.916329
0.602793	0.916443
0.606720	0.916572
0.610647	0.916719
0.614574	0.916888
0.618501	0.917084
0.622428	0.917314
0.626355	0.917585
0.630282	0.917906
0.634209	0.918287
0.638136	0.918741
0.642063	0.919281
0.645990	0.919925
0.649917	0.920690
0.653844	0.921597
0.657771	0.922669
0.661698	0.923929
0.665625	0.925399
0.669552	0.927102
0.673479	0.929054
0.677406	0.931266
0.681333	0.933735
0.685260	0.936441
0.689187	0.939343
0.693114	0.942380
0.697041	0.945470
0.700968	0.948521
0.704895	0.951438
0.708822	0.954141
0.712749	0.956566
0.716676	0.958677
0.720603	0.960460
0.724530	0.961924
0.728457	0.963092
0.732384	0.963997
0.736311	0.964675
0.740238	0.965164
0.744165	0.965498
0.748092	0.965709
0.752019	0.965822
0.755946	0.965860
0.759873	0.965840
0.763800	0.965778
0.767727	0.965683
0.771654	0.965565
0.775581	0.965429
0.779508	0.965280
0.783435	0.965119
0.787362	0.964949
0.791289	0.964768
0.795216	0.964577
0.799143	0.964373
0.803070	0.964153
0.806997	0.963913
0.810924	0.963648
0.814851	0.963353
0.818778	0.963019
0.822705	0.962638
0.826632	0.962199
0.830559	0.961690
0.834486	0.961096
0.838413	0.960403
0.842340	0.959591
0.846267	0.958644
0.850194	0.957545
0.854121	0.956282
0.858047	0.954849
0.861974	0.953259
0.865901	0.951545
0.869828	0.949772
0.873755	0.948048
0.877682	0.946526
0.881609	0.945409
0.885536	0.944935
0.889463	0.945366
0.893390	0.946955
0.897317	0.949916
0.901244	0.954402
0.905171	0.960481
0.909098	0.968137
0.913025	0.977268
0.916952	0.987704
0.920879	0.999200
0.924806	1.011435
0.928733	1.024000
0.932660	1.036384
0.936587	1.047989
0.940514	1.058164
0.944441	1.066282
0.948368	1.071836
0.952295	1.074540
0.956222	1.074388
0.960149	1.071680
0.964076	1.066975
0.968003	1.061013
0.971930	1.054611
0.975857	1.048559
0.979784	1.043546
0.983711	1.040097
0.987638	1.038542
0.991565	1.039000
0.995492	1.041380
0.999419	1.045410
1.003346	1.050673
1.007273	1.056680
1.011200	1.062937
1.015127	1.069015
1.019054	1.074603
1.022981	1.079524
1.026908	1.083729
1.030835	1.087262
1.034762	1.090224
1.038689	1.092736
1.042616	1.094917
1.046543	1.096867
1.050470	1.098670
1.054397	1.100392
1.058324	1.102083
1.062251	1.103785
1.066178	1.105534
1.070105	1.107360
1.074032	1.109294
1.077959	1.111364
1.081886	1.113602
1.085813	1.116038
1.089740	1.118704
1.093667	1.121632
1.097594	1.124858
1.101521	1.128416
1.105448	1.132340
1.109375	1.136665
1.113302	1.141418
1.117229	1.146618
1.121156	1.152267
1.125083	1.158341
1.129010	1.164780
1.132937	1.171488
1.136864	1.178334
1.140791	1.185163
1.144718	1.191824
1.148645	1.198185
1.152572	1.204161
1.156499	1.209720
1.160426	1.214886
1.164353	1.219734
1.168280	1.224376
1.172207	1.228947
1.176134	1.233585
1.180061	1.238422
1.183988	1.243563
1.187915	1.249072
1.191842	1.254955
1.195769	1.261147
1.199696	1.267503
1.203623	1.273795
1.207550	1.279726
1.211477	1.284954
1.215404	1.289128
1.219331	1.291924
1.223258	1.293079
1.227185	1.292413
1.231112	1.289836
1.235039	1.285354
1.238966	1.279069
1.242893	1.271177
1.246820	1.261967
1.250747	1.251813
1.254674	1.241143
1.258601	1.230412
1.262528	1.220051
1.266455	1.210437
1.270382	1.201862
1.274309	1.194520
1.278236	1.188505
1.282163	1.183828
1.286089	1.180431
1.290016	1.178206
1.293943	1.177017
1.297870	1.176703
1.301797	1.177093
1.305724	1.178008
1.309651	1.179266
1.313578	1.180694
1.317505	1.182139
1.321432	1.183479
1.325359	1.184640
1.329286	1.185602
1.333213	1.186408
1.337140	1.187161
1.341067	1.188019
1.344994	1.189183
1.348921	1.190869
1.352848	1.193289
1.356775	1.196620
1.360702	1.200983
1.364629	1.206426
1.368556	1.212916
1.372483	1.220348
1.376410	1.228554
1.380337	1.237334
1.384264	1.246477
1.388191	1.255796
1.392118	1.265144
1.396045	1.274434
1.399972	1.283631
1.403899	1.292742
1.407826	1.301793
1.411753	1.310810
1.415680	1.319800
1.419607	1.328744
1.423534	1.337590
1.427461	1.346263
1.431388	1.354668
1.435315	1.362711
1.439242	1.370305
1.443169	1.377381
1.447096	1.383898
1.451023	1.389840
1.454950	1.395222
1.458877	1.400091
1.462804	1.404528
1.466731	1.408660
1.470658	1.412660
1.474585	1.416742
1.478512	1.421140
1.482439	1.426063
1.486366	1.431652
1.490293	1.437926
1.494220	1.444763
1.498147	1.451891
1.502074	1.458926
1.506001	1.465443
1.509928	1.471083
1.513855	1.475673
1.517782	1.479337
1.521709	1.482551
1.525636	1.486106
1.529563	1.490995
1.533490	1.498226
1.537417	1.508635
1.541344	1.522734
1.545271	1.540628
1.549198	1.562017
1.553125	1.586283
1.557052	1.612627
1.560979	1.640215
1.564906	1.668299
1.568833	1.696265
1.572760	1.723599
1.576687	1.749782
1.580614	1.774146
1.584541	1.795760
1.588468	1.813439
1.592395	1.825954
1.596322	1.832486
1.600249	1.833144
1.604176	1.829236
1.608103	1.822981
1.612030	1.816766
1.615957	1.812394
1.619884	1.810705
1.623811	1.811661
1.627738	1.814672
1.631665	1.818944
1.635592	1.823729
1.639519	1.828442
1.643446	1.832706
1.647373	1.836360
1.651300	1.839466
1.655227	1.842307
1.659154	1.845352
1.663081	1.849175
1.667008	1.854336
1.670935	1.861246
1.674862	1.870057
1.678789	1.880598
1.682716	1.892366
1.686643	1.904605
1.690570	1.916464
1.694497	1.927219
1.698424	1.936525
1.702351	1.944581
1.706278	1.952156
1.710205	1.960431
1.714131	1.970710
1.718058	1.984102
1.721985	2.001267
1.725912	2.022290
1.729839	2.046680
1.733766	2.073449
1.737693	2.101235
1.741620	2.128432
1.745547	2.153335
1.749474	2.174296
1.753401	2.189899
1.757328	2.199139
1.761255	2.201583
1.765182	2.197437
1.769109	2.187497
1.773036	2.172975
1.776963	2.155263
1.780890	2.135726
1.784817	2.115565
1.788744	2.095774
1.792671	2.077128
1.796598	2.060164
1.800525	2.045132
1.804452	2.031941
1.808379	2.020116
1.812306	2.008815
1.816233	1.996923
1.820160	1.983200
1.824087	1.966456
1.828014	1.945719
1.831941	1.920342
1.835868	1.890071
1.839795	1.855058
1.843722	1.815844
1.847649	1.773301
1.851576	1.728532
1.855503	1.682730
1.859430	1.637029
1.863357	1.592376
1.867284	1.549455
1.871211	1.508664
1.875138	1.470144
1.879065	1.433852
1.882992	1.399632
1.886919	1.367304
1.890846	1.336729
1.894773	1.307861
1.898700	1.280758
1.902627	1.255580
1.906554	1.232553
1.910481	1.211929
1.914408	1.193953
1.918335	1.178840
1.922262	1.166759
1.926189	1.157821
1.930116	1.152060
1.934043	1.149401
1.937970	1.149626
1.941897	1.152331
1.945824	1.156906
1.949751	1.162537
1.953678	1.168244
1.957605	1.172964
1.961532	1.175667
1.965459	1.175487
1.969386	1.171838
1.973313	1.164499
1.977240	1.153638
1.981167	1.139772
1.985094	1.123688
1.989021	1.106325
1.992948	1.088663
1.996875	1.071605
2.000802	1.055897
2.004729	1.042054
2.008656	1.030321
2.012583	1.020666
2.016510	1.012787
2.020437	1.006151
2.024364	1.000065
2.028291	0.993756
2.032218	0.986472
2.036145	0.977588
2.040072	0.966687
2.043999	0.953609
2.047926	0.938465
2.051853	0.921598
2.055780	0.903520
2.059707	0.884846
2.063634	0.866215
2.067561	0.848232
2.071488	0.831420
2.075415	0.816177
2.079342	0.802757
2.083269	0.791245
2.087196	0.781557
2.091123	0.773444
2.095050	0.766516
2.098977	0.760279
2.102904	0.754194
2.106831	0.747744
2.110758	0.740502
2.114685	0.732189
2.118612	0.722711
2.122539	0.712164
2.126466	0.700807
2.130393	0.689021
2.134320	0.677253
2.138246	0.665963
2.142173	0.655575
2.146100	0.646454
2.150027	0.638877
2.153954	0.633022
2.157881	0.628964
2.161808	0.626664
2.165735	0.625967
2.169662	0.626603
2.173589	0.628191
2.177516	0.630260
2.181443	0.632284
2.185370	0.633723
2.189297	0.634081
2.193224	0.632959
2.197151	0.630096
2.201078	0.625391
2.205005	0.618906
2.208932	0.610845
2.212859	0.601521
2.216786	0.591311
2.220713	0.580627
2.224640	0.569877
2.228567	0.559437
2.232494	0.549632
2.236421	0.540711
2.240348	0.532831
2.244275	0.526048
2.248202	0.520305
2.252129	0.515440
2.256056	0.511196
2.259983	0.507247
2.263910	0.503232
2.267837	0.498793
2.271764	0.493622
2.275691	0.487497
2.279618	0.480312
2.283545	0.472086
2.287472	0.462958
2.291399	0.453162
2.295326	0.442991
2.299253	0.432760
2.303180	0.422773
2.307107	0.413295
2.311034	0.404549
2.314961	0.396711
2.318888	0.389919
2.322815	0.384284
2.326742	0.379893
2.330669	0.376816
2.334596	0.375098
2.338523	0.374760
2.342450	0.375791
2.346377	0.378137
2.350304	0.381694
2.354231	0.386301
2.358158	0.391729
2.362085	0.397684
2.366012	0.403811
2.369939	0.409709
2.373866	0.414961
2.377793	0.419175
2.381720	0.422021
2.385647	0.423280
2.389574	0.422861
2.393501	0.420818
2.397428	0.417335
2.401355	0.412701
2.405282	0.407277
2.409209	0.401456
2.413136	0.395632
2.417063	0.390165
2.420990	0.385360
2.424917	0.381453
2.428844	0.378596
2.432771	0.376857
2.436698	0.376213
2.440625	0.376557
2.444552	0.377698
2.448479	0.379372
2.452406	0.381258
2.456333	0.383000
2.460260	0.384241
2.464187	0.384657
2.468114	0.383994
2.472041	0.382090
2.475968	0.378895
2.479895	0.374473
2.483822	0.368987
2.487749	0.362682
2.491676	0.355860
2.495603	0.348850
2.499530	0.341980
2.503457	0.335559
2.507384	0.329851
2.511311	0.325072
2.515238	0.321383
2.519165	0.318886
2.523092	0.317631
2.527019	0.317610
2.530946	0.318759
2.534873	0.320954
2.538800	0.324008
2.542727	0.327667
2.546654	0.331613
2.550581	0.335475
2.554508	0.338852
2.558435	0.341352
2.562362	0.342634
2.566288	0.342456
2.570215	0.340711
2.574142	0.337445
2.578069	0.332847
2.581996	0.327219
2.585923	0.320931
2.589850	0.314377
2.593777	0.307929
2.597704	0.301918
2.601631	0.296612
2.605558	0.292214
2.609485	0.288861
2.613412	0.286635
2.617339	0.285559
2.621266	0.285608
2.625193	0.286704
2.629120	0.288715
2.633047	0.291458
2.636974	0.294693
2.640901	0.298131
2.644828	0.301447
2.648755	0.304296
2.652682	0.306347
2.656609	0.307316
2.660536	0.306996
2.664463	0.305286
2.668390	0.302196
2.672317	0.297849
2.676244	0.292458
2.680171	0.286304
2.684098	0.279697
2.688025	0.272954
2.691952	0.266368
2.695879	0.260193
2.699806	0.254635
2.703733	0.249850
2.707660	0.245945
2.711587	0.242979
2.715514	0.240974
2.719441	0.239909
2.723368	0.239728
2.727295	0.240334
2.731222	0.241588
2.735149	0.243312
2.739076	0.245288
2.743003	0.247274
2.746930	0.249015
2.750857	0.250270
2.754784	0.250840
2.758711	0.250589
2.762638	0.249466
2.766565	0.247505
2.770492	0.244825
2.774419	0.241604
2.778346	0.238062
2.782273	0.234432
2.786200	0.230944
2.790127	0.227804
2.794054	0.225188
2.797981	0.223234
2.801908	0.222047
2.805835	0.221694
2.809762	0.222207
2.813689	0.223587
2.817616	0.225799
2.821543	0.228773
2.825470	0.232402
2.829397	0.236539
2.833324	0.240996
2.837251	0.245554
2.841178	0.249968
2.845105	0.253985
2.849032	0.257369
2.852959	0.259918
2.856886	0.261488
2.860813	0.262006
2.864740	0.261478
2.868667	0.259985
2.872594	0.257681
2.876521	0.254771
2.880448	0.251499
2.884375	0.248125
2.888302	0.244905
2.892229	0.242076
2.896156	0.239841
2.900083	0.238364
2.904010	0.237765
2.907937	0.238121
2.911864	0.239462
2.915791	0.241774
2.919718	0.244994
2.923645	0.249005
2.927572	0.253637
2.931499	0.258657
2.935426	0.263777
2.939353	0.268663
2.943280	0.272954
2.947207	0.276298
2.951134	0.278384
2.955061	0.278983
2.958988	0.277981
2.962915	0.275391
2.966842	0.271355
2.970769	0.266122
2.974696	0.260011
2.978623	0.253374
2.982550	0.246562
2.986477	0.239890
2.990404	0.233627
2.994330	0.227982
2.998257	0.223106
3.002184	0.219094
3.006111	0.215992
3.010038	0.213799
3.013965	0.212475
3.017892	0.211936
3.021819	0.212063
3.025746	0.212700
3.029673	0.213659
3.033600	0.214729
3.037527	0.215681
3.041454	0.216293
3.045381	0.216360
3.049308	0.215719
3.053235	0.214262
3.057162	0.211954
3.061089	0.208832
3.065016	0.204999
3.068943	0.200614
3.072870	0.195873
3.076797	0.190982
3.080724	0.186148
3.084651	0.181554
3.088578	0.177358
3.092505	0.173681
3.096432	0.170614
3.100359	0.168216
3.104286	0.166515
3.108213	0.165514
3.112140	0.165188
3.116067	0.165485
3.119994	0.166325
3.123921	0.167595
3.127848	0.169149
3.131775	0.170811
3.135702	0.172380
3.139629	0.173644
3.143556	0.174397
3.147483	0.174463
3.151410	0.173718
3.155337	0.172102
3.159264	0.169629
3.163191	0.166380
3.167118	0.162484
3.171045	0.158101
3.174972	0.153398
3.178899	0.148539
3.182826	0.143667
3.186753	0.138906
3.190680	0.134358
3.194607	0.130104
3.198534	0.126206
3.202461	0.122710
3.206388	0.119646
3.210315	0.117032
3.214242	0.114878
3.218169	0.113180
3.222096	0.111930
3.226023	0.111111
3.229950	0.110695
3.233877	0.110647
3.237804	0.110921
3.241731	0.111459
3.245658	0.112190
3.249585	0.113030
3.253512	0.113888
3.257439	0.114667
3.261366	0.115269
3.265293	0.115609
3.269220	0.115616
3.273147	0.115241
3.277074	0.114468
3.281001	0.113307
3.284928	0.111800
3.288855	0.110013
3.292782	0.108027
3.296709	0.105934
3.300636	0.103827
3.304563	0.101791
3.308490	0.099906
3.312417	0.098235
3.316344	0.096831
3.320271	0.095733
3.324198	0.094970
3.328125	0.094561
3.332052	0.094517
3.335979	0.094841
3.339906	0.095531
3.343833	0.096574
3.347760	0.097947
3.351687	0.099616
3.355614	0.101530
3.359541	0.103618
3.363468	0.105793
3.367395	0.107945
3.371322	0.109948
3.375249	0.111671
3.379176	0.112985
3.383103	0.113780
3.387030	0.113981
3.390957	0.113557
3.394884	0.112527
3.398811	0.110959
3.402738	0.108957
3.406665	0.106647
3.410592	0.104164
3.414519	0.101635
3.418446	0.099174
3.422372	0.096873
3.426299	0.094805
3.430226	0.093024
3.434153	0.091567
3.438080	0.090459
3.442007	0.089713
3.445934	0.089337
3.449861	0.089328
3.453788	0.089683
3.457715	0.090387
3.461642	0.091422
3.465569	0.092760
3.469496	0.094362
3.473423	0.096179
3.477350	0.098148
3.481277	0.100194
3.485204	0.102233
3.489131	0.104177
3.493058	0.105936
3.496985	0.107430
3.500912	0.108595
3.504839	0.109386
3.508766	0.109784
3.512693	0.109798
3.516620	0.109462
3.520547	0.108832
3.524474	0.107981
3.528401	0.106995
3.532328	0.105964
3.536255	0.104976
3.540182	0.104113
3.544109	0.103444
3.548036	0.103021
3.551963	0.102878
3.555890	0.103028
3.559817	0.103461
3.563744	0.104148
3.567671	0.105042
3.571598	0.106078
3.575525	0.107182
3.579452	0.108278
3.583379	0.109292
3.587306	0.110164
3.591233	0.110853
3.595160	0.111334
3.599087	0.111604
3.603014	0.111667
3.606941	0.111535
3.610868	0.111216
3.614795	0.110711
3.618722	0.110018
3.622649	0.109132
3.626576	0.108050
3.630503	0.106782
3.634430	0.105348
3.638357	0.103786
3.642284	0.102151
3.646211	0.100507
3.650138	0.098925
3.654065	0.097476
3.657992	0.096228
3.661919	0.095238
3.665846	0.094555
3.669773	0.094214
3.673700	0.094241
3.677627	0.094651
3.681554	0.095451
3.685481	0.096636
3.689408	0.098192
3.693335	0.100097
3.697262	0.102314
3.701189	0.104799
3.705116	0.107499
3.709043	0.110353
3.712970	0.113295
3.716897	0.116260
3.720824	0.119181
3.724751	0.121991
3.728678	0.124617
3.732605	0.126981
3.736532	0.128999
3.740459	0.130583
3.744386	0.131654
3.748313	0.132152
3.752240	0.132052
3.756167	0.131373
3.760094	0.130178
3.764021	0.128573
3.767948	0.126690
3.771875	0.124678
3.775802	0.122682
3.779729	0.120838
3.783656	0.119257
3.787583	0.118029
3.791510	0.117213
3.795437	0.116842
3.799364	0.116919
3.803291	0.117423
3.807218	0.118302
3.811145	0.119478
3.815072	0.120847
3.818999	0.122282
3.822926	0.123639
3.826853	0.124772
3.830780	0.125540
3.834707	0.125829
3.838634	0.125562
3.842561	0.124708
3.846488	0.123288
3.850414	0.121363
3.854341	0.119024
3.858268	0.116381
3.862195	0.113542
3.866122	0.110609
3.870049	0.107670
3.873976	0.104801
3.877903	0.102065
3.881830	0.099517
3.885757	0.097202
3.889684	0.095160
3.893611	0.093421
3.897538	0.092009
3.901465	0.090937
3.905392	0.090208
3.909319	0.089813
3.913246	0.089735
3.917173	0.089943
3.921100	0.090395
3.925027	0.091043
3.928954	0.091829
3.932881	0.092694
3.936808	0.093583
3.940735	0.094447
3.944662	0.095249
3.948589	0.095965
3.952516	0.096579
3.956443	0.097086
3.960370	0.097477
3.964297	0.097741
3.968224	0.097861
3.972151	0.097814
3.976078	0.097578
3.980005	0.097135
3.983932	0.096481
3.987859	0.095628
3.991786	0.094608
3.995713	0.093470
3.999640	0.092279
4.003567	0.091106
4.007494	0.090027
4.011421	0.089113
4.015348	0.088428
4.019275	0.088026
4.023202	0.087948
4.027129	0.088226
4.031056	0.088878
4.034983	0.089912
4.038910	0.091323
4.042837	0.093096
4.046764	0.095200
4.050691	0.097592
4.054618	0.100212
4.058545	0.102986
4.062472	0.105821
4.066399	0.108611
4.070326	0.111242
4.074253	0.113590
4.078180	0.115537
4.082107	0.116976
4.086034	0.117824
4.089961	0.118027
4.093888	0.117569
4.097815	0.116469
4.101742	0.114782
4.105669	0.112592
4.109596	0.110004
4.113523	0.107136
4.117450	0.104109
4.121377	0.101044
4.125304	0.098051
4.129231	0.095225
4.133158	0.092645
4.137085	0.090371
4.141012	0.088447
4.144939	0.086900
4.148866	0.085742
4.152793	0.084973
4.156720	0.084580
4.160647	0.084538
4.164574	0.084809
4.168501	0.085342
4.172428	0.086072
4.176355	0.086920
4.180282	0.087801
4.184209	0.088618
4.188136	0.089281
4.192063	0.089702
4.195990	0.089807
4.199917	0.089545
4.203844	0.088883
4.207771	0.087817
4.211698	0.086365
4.215625	0.084570
4.219552	0.082495
4.223479	0.080215
4.227406	0.077814
4.231333	0.075375
4.235260	0.072975
4.239187	0.070680
4.243114	0.068543
4.247041	0.066606
4.250968	0.064898
4.254895	0.063437
4.258822	0.062232
4.262749	0.061288
4.266676	0.060601
4.270603	0.060166
4.274530	0.059971
4.278456	0.060001
4.282383	0.060237
4.286310	0.060655
4.290237	0.061227
4.294164	0.061923
4.298091	0.062710
4.302018	0.063558
4.305945	0.064436
4.309872	0.065319
4.313799	0.066185
4.317726	0.067015
4.321653	0.067794
4.325580	0.068505
4.329507	0.069128
4.333434	0.069638
4.337361	0.070003
4.341288	0.070188
4.345215	0.070158
4.349142	0.069886
4.353069	0.069356
4.356996	0.068571
4.360923	0.067557
4.364850	0.066357
4.368777	0.065028
4.372704	0.063637
4.376631	0.062251
4.380558	0.060930
4.384485	0.059727
4.388412	0.058685
4.392339	0.057832
4.396266	0.057189
4.400193	0.056765
4.404120	0.056560
4.408047	0.056565
4.411974	0.056764
4.415901	0.057134
4.419828	0.057642
4.423755	0.058250
4.427682	0.058915
4.431609	0.059591
4.435536	0.060229
4.439463	0.060784
4.443390	0.061213
4.447317	0.061478
4.451244	0.061552
4.455171	0.061412
4.459098	0.061048
4.463025	0.060457
4.466952	0.059648
4.470879	0.058640
4.474806	0.057465
4.478733	0.056161
4.482660	0.054775
4.486587	0.053356
4.490514	0.051953
4.494441	0.050608
4.498368	0.049360
4.502295	0.048241
4.506222	0.047271
4.510149	0.046469
4.514076	0.045843
4.518003	0.045399
4.521930	0.045137
4.525857	0.045054
4.529784	0.045141
4.533711	0.045389
4.537638	0.045780
4.541565	0.046297
4.545492	0.046914
4.549419	0.047605
4.553346	0.048342
4.557273	0.049097
4.561200	0.049846
4.565127	0.050568
4.569054	0.051247
4.572981	0.051872
4.576908	0.052435
4.580835	0.052925
4.584762	0.053332
4.588689	0.053638
4.592616	0.053825
4.596543	0.053871
4.600470	0.053759
4.604397	0.053478
4.608324	0.053029
4.612251	0.052424
4.616178	0.051690
4.620105	0.050862
4.624032	0.049983
4.627959	0.049098
4.631886	0.048249
4.635813	0.047472
4.639740	0.046794
4.643667	0.046234
4.647594	0.045801
4.651521	0.045493
4.655448	0.045301
4.659375	0.045212
4.663302	0.045206
4.667229	0.045263
4.671156	0.045365
4.675083	0.045498
4.679010	0.045651
4.682937	0.045820
4.686864	0.046001
4.690791	0.046191
4.694718	0.046383
4.698645	0.046565
4.702572	0.046718
4.706498	0.046817
4.710425	0.046834
4.714352	0.046738
4.718279	0.046502
4.722206	0.046104
4.726133	0.045533
4.730060	0.044790
4.733987	0.043892
4.737914	0.042865
4.741841	0.041743
4.745768	0.040567
4.749695	0.039376
4.753622	0.038208
4.757549	0.037096
4.761476	0.036063
4.765403	0.035131
4.769330	0.034312
4.773257	0.033613
4.777184	0.033039
4.781111	0.032589
4.785038	0.032259
4.788965	0.032043
4.792892	0.031932
4.796819	0.031913
4.800746	0.031973
4.804673	0.032095
4.808600	0.032261
4.812527	0.032454
4.816454	0.032657
4.820381	0.032853
4.824308	0.033030
4.828235	0.033177
4.832162	0.033284
4.836089	0.033343
4.840016	0.033349
4.843943	0.033296
4.847870	0.033181
4.851797	0.033001
4.855724	0.032755
4.859651	0.032445
4.863578	0.032076
4.867505	0.031653
4.871432	0.031187
4.875359	0.030688
4.879286	0.030173
4.883213	0.029658
4.887140	0.029158
4.891067	0.028692
4.894994	0.028273
4.898921	0.027915
4.902848	0.027625
4.906775	0.027410
4.910702	0.027272
4.914629	0.027209
4.918556	0.027216
4.922483	0.027285
4.926410	0.027406
4.930337	0.027569
4.934264	0.027761
4.938191	0.027974
4.942118	0.028200
4.946045	0.028437
4.949972	0.028682
4.953899	0.028938
4.957826	0.029205
4.961753	0.029482
4.965680	0.029766
4.969607	0.030048
4.973534	0.030315
4.977461	0.030550
4.981388	0.030735
4.985315	0.030852
4.989242	0.030883
4.993169	0.030817
4.997096	0.030648
5.001023	0.030378
5.004950	0.030017
5.008877	0.029580
5.012804	0.029088
5.016731	0.028566
5.020658	0.028037
5.024585	0.027521
5.028512	0.027038
5.032439	0.026598
5.036366	0.026211
5.040293	0.025879
5.044220	0.025600
5.048147	0.025372
5.052074	0.025188
5.056001	0.025044
5.059928	0.024937
5.063855	0.024865
5.067782	0.024829
5.071709	0.024834
5.075636	0.024882
5.079563	0.024980
5.083490	0.025129
5.087417	0.025329
5.091344	0.025578
5.095271	0.025869
5.099198	0.026193
5.103125	0.026538
5.107052	0.026890
5.110979	0.027236
5.114906	0.027560
5.118833	0.027847
5.122760	0.028083
5.126687	0.028252
5.130614	0.028340
5.134540	0.028334
5.138467	0.028227
5.142394	0.028018
5.146321	0.027711
5.150248	0.027321
5.154175	0.026868
5.158102	0.026373
5.162029	0.025861
5.165956	0.025354
5.169883	0.024868
5.173810	0.024417
5.177737	0.024008
5.181664	0.023645
5.185591	0.023328
5.189518	0.023057
5.193445	0.022828
5.197372	0.022639
5.201299	0.022488
5.205226	0.022373
5.209153	0.022292
5.213080	0.022241
5.217007	0.022217
5.220934	0.022213
5.224861	0.022224
5.228788	0.022244
5.232715	0.022266
5.236642	0.022286
5.240569	0.022299
5.244496	0.022301
5.248423	0.022288
5.252350	0.022256
5.256277	0.022198
5.260204	0.022110
5.264131	0.021987
5.268058	0.021826
5.271985	0.021625
5.275912	0.021383
5.279839	0.021104
5.283766	0.020793
5.287693	0.020459
5.291620	0.020112
5.295547	0.019764
5.299474	0.019426
5.303401	0.019110
5.307328	0.018823
5.311255	0.018572
5.315182	0.018360
5.319109	0.018190
5.323036	0.018060
5.326963	0.017971
5.330890	0.017918
5.334817	0.017902
5.338744	0.017920
5.342671	0.017971
5.346598	0.018055
5.350525	0.018168
5.354452	0.018308
5.358379	0.018470
5.362306	0.018649
5.366233	0.018836
5.370160	0.019023
5.374087	0.019201
5.378014	0.019361
5.381941	0.019494
5.385868	0.019592
5.389795	0.019647
5.393722	0.019653
5.397649	0.019601
5.401576	0.019490
5.405503	0.019318
5.409430	0.019088
5.413357	0.018808
5.417284	0.018487
5.421211	0.018139
5.425138	0.017779
5.429065	0.017419
5.432992	0.017073
5.436919	0.016751
5.440846	0.016458
5.444773	0.016201
5.448700	0.015980
5.452627	0.015796
5.456554	0.015648
5.460481	0.015534
5.464408	0.015452
5.468335	0.015399
5.472262	0.015373
5.476189	0.015372
5.480116	0.015392
5.484043	0.015429
5.487970	0.015479
5.491897	0.015538
5.495824	0.015600
5.499751	0.015664
5.503678	0.015727
5.507605	0.015789
5.511532	0.015849
5.515459	0.015908
5.519386	0.015966
5.523313	0.016020
5.527240	0.016064
5.531167	0.016091
5.535094	0.016093
5.539021	0.016061
5.542948	0.015988
5.546875	0.015868
5.550802	0.015701
5.554729	0.015491
5.558656	0.015243
5.562582	0.014969
5.566509	0.014679
5.570436	0.014384
5.574363	0.014095
5.578290	0.013821
5.582217	0.013569
5.586144	0.013344
5.590071	0.013149
5.593998	0.012985
5.597925	0.012852
5.601852	0.012750
5.605779	0.012678
5.609706	0.012634
5.613633	0.012617
5.617560	0.012625
5.621487	0.012655
5.625414	0.012704
5.629341	0.012768
5.633268	0.012843
5.637195	0.012924
5.641122	0.013004
5.645049	0.013081
5.648976	0.013150
5.652903	0.013208
5.656830	0.013252
5.660757	0.013279
5.664684	0.013287
5.668611	0.013271
5.672538	0.013227
5.676465	0.013151
5.680392	0.013040
5.684319	0.012893
5.688246	0.012710
5.692173	0.012498
5.696100	0.012261
5.700027	0.012008
5.703954	0.011749
5.707881	0.011490
5.711808	0.011240
5.715735	0.011005
5.719662	0.010787
5.723589	0.010590
5.727516	0.010414
5.731443	0.010259
5.735370	0.010122
5.739297	0.010001
5.743224	0.009893
5.747151	0.009796
5.751078	0.009706
5.755005	0.009620
5.758932	0.009538
5.762859	0.009459
5.766786	0.009382
5.770713	0.009309
5.774640	0.009241
5.778567	0.009181
5.782494	0.009131
5.786421	0.009092
5.790348	0.009065
5.794275	0.009050
5.798202	0.009045
5.802129	0.009048
5.806056	0.009053
5.809983	0.009057
5.813910	0.009053
5.817837	0.009037
5.821764	0.009004
5.825691	0.008950
5.829618	0.008875
5.833545	0.008779
5.837472	0.008665
5.841399	0.008538
5.845326	0.008402
5.849253	0.008263
5.853180	0.008125
5.857107	0.007993
5.861034	0.007870
5.864961	0.007758
5.868888	0.007658
5.872815	0.007571
5.876742	0.007496
5.880669	0.007433
5.884596	0.007382
5.888523	0.007340
5.892450	0.007307
5.896377	0.007281
5.900304	0.007261
5.904231	0.007245
5.908158	0.007233
5.912085	0.007224
5.916012	0.007217
5.919939	0.007213
5.923866	0.007212
5.927793	0.007215
5.931720	0.007222
5.935647	0.007235
5.939574	0.007253
5.943501	0.007276
5.947428	0.007302
5.951355	0.007329
5.955282	0.007352
5.959209	0.007369
5.963136	0.007374
5.967063	0.007365
5.970990	0.007338
5.974917	0.007292
5.978844	0.007227
5.982771	0.007145
5.986698	0.007050
5.990624	0.006946
5.994551	0.006836
5.998478	0.006725
6.002405	0.006616
6.006332	0.006511
6.010259	0.006413
6.014186	0.006322
6.018113	0.006240
6.022040	0.006165
6.025967	0.006098
6.029894	0.006039
6.033821	0.005986
6.037748	0.005940
6.041675	0.005899
6.045602	0.005864
6.049529	0.005832
6.053456	0.005805
6.057383	0.005781
6.061310	0.005760
6.065237	0.005741
6.069164	0.005726
6.073091	0.005714
6.077018	0.005705
6.080945	0.005701
6.084872	0.005700
6.088799	0.005704
6.092726	0.005712
6.096653	0.005722
6.100580	0.005732
6.104507	0.005742
6.108434	0.005748
6.112361	0.005748
6.116288	0.005740
6.120215	0.005722
6.124142	0.005694
6.128069	0.005655
6.131996	0.005606
6.135923	0.005550
6.139850	0.005489
6.143777	0.005424
6.147704	0.005359
6.151631	0.005295
6.155558	0.005233
6.159485	0.005176
6.163412	0.005122
6.167339	0.005074
6.171266	0.005031
6.175193	0.004992
6.179120	0.004958
6.183047	0.004928
6.186974	0.004901
6.190901	0.004878
6.194828	0.004858
6.198755	0.004841
6.202682	0.004825
6.206609	0.004811
6.210536	0.004799
6.214463	0.004789
6.218390	0.004781
6.222317	0.004775
6.226244	0.004772
6.230171	0.004772
6.234098	0.004774
6.238025	0.004779
6.241952	0.004785
6.245879	0.004792
6.249806	0.004798
6.253733	0.004802
6.257660	0.004803
6.261587	0.004798
6.265514	0.004788
6.269441	0.004770
6.273368	0.004747
6.277295	0.004716
6.281222	0.004681
6.285149	0.004640
6.289076	0.004597
6.293003	0.004552
6.296930	0.004507
6.300857	0.004463
6.304784	0.004421
6.308711	0.004381
6.312638	0.004345
6.316565	0.004312
6.320492	0.004282
6.324419	0.004256
6.328346	0.004233
6.332273	0.004213
6.336200	0.004196
6.340127	0.004180
6.344054	0.004166
6.347981	0.004154
6.351908	0.004143
6.355835	0.004133
6.359762	0.004124
6.363689	0.004117
6.367616	0.004110
6.371543	0.004105
6.375470	0.004102
6.379397	0.004101
6.383324	0.004102
6.387251	0.004105
6.391178	0.004111
6.395105	0.004118
6.399032	0.004125
6.402959	0.004133
6.406886	0.004140
6.410813	0.004144
6.414739	0.004145
6.418666	0.004142
6.422593	0.004134
6.426520	0.004120
6.430447	0.004101
6.434374	0.004078
6.438301	0.004051
6.442228	0.004021
6.446155	0.003989
6.450082	0.003956
6.454009	0.003924
6.457936	0.003892
6.461863	0.003862
6.465790	0.003834
6.469717	0.003808
6.473644	0.003783
6.477571	0.003761
6.481498	0.003740
6.485425	0.003722
6.489352	0.003705
6.493279	0.003689
6.497206	0.003675
6.501133	0.003662
6.505060	0.003651
6.508987	0.003640
6.512914	0.003631
6.516841	0.003623
6.520768	0.003617
6.524695	0.003613
6.528622	0.003610
6.532549	0.003610
6.536476	0.003612
6.540403	0.003616
6.544330	0.003622
6.548257	0.003630
6.552184	0.003640
6.556111	0.003650
6.560038	0.003661
6.563965	0.003672
6.567892	0.003680
6.571819	0.003686
6.575746	0.003688
6.579673	0.003685
6.583600	0.003678
6.587527	0.003665
6.591454	0.003648
6.595381	0.003627
6.599308	0.003603
6.603235	0.003577
6.607162	0.003550
6.611089	0.003523
6.615016	0.003497
6.618943	0.003472
6.622870	0.003449
6.626797	0.003427
6.630724	0.003407
6.634651	0.003389
6.638578	0.003373
6.642505	0.003359
6.646432	0.003346
6.650359	0.003335
6.654286	0.003325
6.658213	0.003317
6.662140	0.003309
6.666067	0.003304
6.669994	0.003299
6.673921	0.003295
6.677848	0.003293
6.681775	0.003293
6.685702	0.003293
6.689629	0.003296
6.693556	0.003299
6.697483	0.003304
6.701410	0.003310
6.705337	0.003317
6.709264	0.003323
6.713191	0.003329
6.717118	0.003334
6.721045	0.003337
6.724972	0.003337
6.728899	0.003334
6.732826	0.003328
6.736753	0.003318
6.740680	0.003305
6.744607	0.003289
6.748534	0.003271
6.752461	0.003251
6.756388	0.003230
6.760315	0.003209
6.764242	0.003189
6.768169	0.003169
6.772096	0.003150
6.776023	0.003132
6.779950	0.003115
6.783877	0.003100
6.787804	0.003086
6.791731	0.003073
6.795658	0.003062
6.799585	0.003051
6.803512	0.003042
6.807439	0.003033
6.811366	0.003026
6.815293	0.003019
6.819220	0.003014
6.823147	0.003009
6.827074	0.003005
6.831001	0.003001
6.834928	0.002999
6.838855	0.002999
6.842781	0.002999
6.846708	0.003000
6.850635	0.003003
6.854562	0.003007
6.858489	0.003011
6.862416	0.003016
6.866343	0.003021
6.870270	0.003026
6.874197	0.003029
6.878124	0.003031
6.882051	0.003031
6.885978	0.003028
6.889905	0.003022
6.893832	0.003013
6.897759	0.003002
6.901686	0.002989
6.905613	0.002974
6.909540	0.002957
6.913467	0.002940
6.917394	0.002923
6.921321	0.002906
6.925248	0.002890
6.929175	0.002874
6.933102	0.002860
6.937029	0.002846
6.940956	0.002834
6.944883	0.002822
6.948810	0.002812
6.952737	0.002803
6.956664	0.002795
6.960591	0.002787
6.964518	0.002781
6.968445	0.002776
6.972372	0.002771
6.976299	0.002768
6.980226	0.002765
6.984153	0.002763
6.988080	0.002762
6.992007	0.002762
6.995934	0.002762
6.999861	0.002764
7.003788	0.002766
7.007715	0.002769
7.011642	0.002773
7.015569	0.002777
7.019496	0.002781
7.023423	0.002784
7.027350	0.002786
7.031277	0.002787
7.035204	0.002786
7.039131	0.002782
7.043058	0.002776
7.046985	0.002768
7.050912	0.002758
7.054839	0.002746
7.058766	0.002732
7.062693	0.002718
7.066620	0.002703
7.070547	0.002688
7.074474	0.002673
7.078401	0.002659
7.082328	0.002645
7.086255	0.002633
7.090182	0.002621
7.094109	0.002610
7.098036	0.002599
7.101963	0.002590
7.105890	0.002581
7.109817	0.002574
7.113744	0.002567
7.117671	0.002560
7.121598	0.002555
7.125525	0.002550
7.129452	0.002545
7.133379	0.002541
7.137306	0.002538
7.141233	0.002535
7.145160	0.002533
7.149087	0.002531
7.153014	0.002530
7.156941	0.002529
7.160868	0.002529
7.164795	0.002530
7.168722	0.002531
7.172649	0.002532
7.176576	0.002533
7.180503	0.002534
7.184430	0.002535
7.188357	0.002534
7.192284	0.002533
7.196211	0.002531
7.200138	0.002527
7.204065	0.002521
7.207992	0.002515
7.211919	0.002507
7.215846	0.002498
7.219773	0.002489
7.223700	0.002479
7.227627	0.002468
7.231554	0.002458
7.235481	0.002448
7.239408	0.002438
7.243335	0.002428
7.247262	0.002419
7.251189	0.002411
7.255116	0.002403
7.259043	0.002396
7.262970	0.002389
7.266897	0.002383
7.270823	0.002377
7.274750	0.002372
7.278677	0.002367
7.282604	0.002362
7.286531	0.002358
7.290458	0.002355
7.294385	0.002351
7.298312	0.002348
7.302239	0.002345
7.306166	0.002343
7.310093	0.002341
7.314020	0.002340
7.317947	0.002339
7.321874	0.002339
7.325801	0.002339
7.329728	0.002339
7.333655	0.002339
7.337582	0.002340
7.341509	0.002340
7.345436	0.002340
7.349363	0.002340
7.353290	0.002339
7.357217	0.002337
7.361144	0.002334
7.365071	0.002329
7.368998	0.002324
7.372925	0.002318
7.376852	0.002311
7.380779	0.002304
7.384706	0.002296
7.388633	0.002288
7.392560	0.002280
7.396487	0.002272
7.400414	0.002265
7.404341	0.002257
7.408268	0.002250
7.412195	0.002244
7.416122	0.002238
7.420049	0.002232
7.423976	0.002226
7.427903	0.002221
7.431830	0.002217
7.435757	0.002213
7.439684	0.002209
7.443611	0.002205
7.447538	0.002202
7.451465	0.002198
7.455392	0.002196
7.459319	0.002193
7.463246	0.002191
7.467173	0.002189
7.471100	0.002187
7.475027	0.002186
7.478954	0.002185
7.482881	0.002184
7.486808	0.002184
7.490735	0.002184
7.494662	0.002185
7.498589	0.002185
7.502516	0.002185
7.506443	0.002185
7.510370	0.002185
7.514297	0.002184
7.518224	0.002183
7.522151	0.002181
7.526078	0.002178
7.530005	0.002174
7.533932	0.002169
7.537859	0.002163
7.541786	0.002157
7.545713	0.002151
7.549640	0.002144
7.553567	0.002138
7.557494	0.002131
7.561421	0.002125
7.565348	0.002119
7.569275	0.002113
7.573202	0.002107
7.577129	0.002102
7.581056	0.002097
7.584983	0.002093
7.588910	0.002088
7.592837	0.002084
7.596764	0.002081
7.600691	0.002077
7.604618	0.002074
7.608545	0.002071
7.612472	0.002069
7.616399	0.002066
7.620326	0.002064
7.624253	0.002062
7.628180	0.002061
7.632107	0.002060
7.636034	0.002059
7.639961	0.002058
7.643888	0.002058
7.647815	0.002058
7.651742	0.002057
7.655669	0.002057
7.659596	0.002057
7.663523	0.002057
7.667450	0.002056
7.671377	0.002055
7.675304	0.002053
7.679231	0.002051
7.683158	0.002048
7.687085	0.002044
7.691012	0.002039
7.694939	0.002034
7.698865	0.002029
7.702792	0.002023
7.706719	0.002018
7.710646	0.002012
7.714573	0.002006
7.718500	0.002000
7.722427	0.001995
7.726354	0.001990
7.730281	0.001985
7.734208	0.001981
7.738135	0.001976
7.742062	0.001972
7.745989	0.001968
7.749916	0.001965
7.753843	0.001962
7.757770	0.001958
7.761697	0.001955
7.765624	0.001953
7.769551	0.001950
7.773478	0.001948
7.777405	0.001946
7.781332	0.001944
7.785259	0.001942
7.789186	0.001940
7.793113	0.001939
7.797040	0.001937
7.800967	0.001936
7.804894	0.001936
7.808821	0.001935
7.812748	0.001934
7.816675	0.001934
7.820602	0.001933
7.824529	0.001932
7.828456	0.001931
7.832383	0.001930
7.836310	0.001928
7.840237	0.001926
7.844164	0.001923
7.848091	0.001919
7.852018	0.001916
7.855945	0.001912
7.859872	0.001907
7.863799	0.001903
7.867726	0.001898
7.871653	0.001893
7.875580	0.001889
7.879507	0.001884
7.883434	0.001880
7.887361	0.001876
7.891288	0.001872
7.895215	0.001868
7.899142	0.001864
7.903069	0.001861
7.906996	0.001858
7.910923	0.001855
7.914850	0.001852
7.918777	0.001849
7.922704	0.001846
7.926631	0.001844
7.930558	0.001842
7.934485	0.001839
7.938412	0.001837
7.942339	0.001835
7.946266	0.001834
7.950193	0.001832
7.954120	0.001830
7.958047	0.001829
7.961974	0.001828
7.965901	0.001827
7.969828	0.001825
7.973755	0.001824
7.977682	0.001824
7.981609	0.001822
7.985536	0.001821
7.989463	0.001820
7.993390	0.001819
7.997317	0.001817
8.001244	0.001815
8.005171	0.001812
8.009098	0.001809
8.013025	0.001806
8.016952	0.001803
8.020879	0.001799
8.024806	0.001796
8.028733	0.001792
8.032660	0.001788
8.036587	0.001785
8.040514	0.001781
8.044441	0.001777
8.048368	0.001774
8.052295	0.001771
8.056222	0.001768
8.060149	0.001765
8.064076	0.001762
8.068003	0.001759
8.071930	0.001756
8.075857	0.001754
8.079784	0.001751
8.083711	0.001749
8.087638	0.001747
8.091565	0.001744
8.095492	0.001742
8.099419	0.001740
8.103346	0.001738
8.107273	0.001736
8.111200	0.001735
8.115127	0.001733
8.119054	0.001731
8.122981	0.001730
8.126907	0.001728
8.130834	0.001727
8.134761	0.001726
8.138688	0.001725
8.142615	0.001723
8.146542	0.001722
8.150469	0.001721
8.154396	0.001719
8.158323	0.001718
8.162250	0.001716
8.166177	0.001714
8.170104	0.001712
8.174031	0.001709
8.177958	0.001706
8.181885	0.001704
8.185812	0.001701
8.189739	0.001698
8.193666	0.001695
8.197593	0.001692
8.201520	0.001689
8.205447	0.001686
8.209374	0.001683
8.213301	0.001680
8.217228	0.001678
8.221155	0.001675
8.225082	0.001673
8.229009	0.001670
8.232936	0.001668
8.236863	0.001665
8.240790	0.001663
8.244717	0.001661
8.248644	0.001659
8.252571	0.001657
8.256498	0.001655
8.260425	0.001653
8.264352	0.001651
8.268279	0.001649
8.272206	0.001647
8.276133	0.001646
8.280060	0.001644
8.283987	0.001642
8.287914	0.001641
8.291841	0.001640
8.295768	0.001638
8.299695	0.001637
8.303622	0.001635
8.307549	0.001634
8.311476	0.001633
8.315403	0.001631
8.319330	0.001630
8.323257	0.001628
8.327184	0.001627
8.331111	0.001625
8.335038	0.001623
8.338965	0.001621
8.342892	0.001619
8.346819	0.001617
8.350746	0.001614
8.354673	0.001612
8.358600	0.001609
8.362527	0.001607
8.366454	0.001605
8.370381	0.001602
8.374308	0.001600
8.378235	0.001597
8.382162	0.001595
8.386089	0.001593
8.390016	0.001591
8.393943	0.001589
8.397870	0.001587
8.401797	0.001585
8.405724	0.001583
8.409651	0.001581
8.413578	0.001579
8.417505	0.001577
8.421432	0.001575
8.425359	0.001573
8.429286	0.001572
8.433213	0.001570
8.437140	0.001569
8.441067	0.001567
8.444994	0.001565
8.448921	0.001564
8.452848	0.001563
8.456775	0.001561
8.460702	0.001560
8.464629	0.001558
8.468556	0.001557
8.472483	0.001556
8.476410	0.001554
8.480337	0.001553
8.484264	0.001552
8.488191	0.001550
8.492118	0.001548
8.496045	0.001547
8.499972	0.001545
8.503899	0.001543
8.507826	0.001541
8.511753	0.001539
8.515680	0.001537
8.519607	0.001534
8.523534	0.001532
8.527461	0.001530
8.531388	0.001528
8.535315	0.001526
8.539242	0.001524
8.543169	0.001522
8.547096	0.001520
8.551023	0.001518
8.554949	0.001516
8.558876	0.001514
8.562803	0.001512
8.566730	0.001510
8.570657	0.001508
8.574584	0.001507
8.578511	0.001505
8.582438	0.001503
8.586365	0.001501
8.590292	0.001500
8.594219	0.001498
8.598146	0.001497
8.602073	0.001495
8.606000	0.001493
8.609927	0.001492
8.613854	0.001490
8.617781	0.001489
8.621708	0.001487
8.625635	0.001486
8.629562	0.001485
8.633489	0.001483
8.637416	0.001482
8.641343	0.001481
8.645270	0.001479
8.649197	0.001478
8.653124	0.001476
8.657051	0.001475
8.660978	0.001473
8.664905	0.001472
8.668832	0.001470
8.672759	0.001469
8.676686	0.001467
8.680613	0.001465
8.684540	0.001463
8.688467	0.001461
8.692394	0.001460
8.696321	0.001458
8.700248	0.001456
8.704175	0.001454
8.708102	0.001452
8.712029	0.001451
8.715956	0.001449
8.719883	0.001447
8.723810	0.001445
8.727737	0.001444
8.731664	0.001442
8.735591	0.001441
8.739518	0.001439
8.743445	0.001437
8.747372	0.001436
8.751299	0.001434
8.755226	0.001433
8.759153	0.001431
8.763080	0.001430
8.767007	0.001428
8.770934	0.001427
8.774861	0.001425
8.778788	0.001424
8.782715	0.001423
8.786642	0.001421
8.790569	0.001420
8.794496	0.001419
8.798423	0.001417
8.802350	0.001416
8.806277	0.001415
8.810204	0.001413
8.814131	0.001412
8.818058	0.001411
8.821985	0.001409
8.825912	0.001408
8.829839	0.001406
8.833766	0.001405
8.837693	0.001403
8.841620	0.001402
8.845547	0.001400
8.849474	0.001398
8.853401	0.001397
8.857328	0.001395
8.861255	0.001393
8.865182	0.001392
8.869109	0.001390
8.873036	0.001389
8.876963	0.001387
8.880890	0.001385
8.884817	0.001384
8.888744	0.001382
8.892671	0.001381
8.896598	0.001379
8.900525	0.001378
8.904452	0.001376
8.908379	0.001375
8.912306	0.001373
8.916233	0.001372
8.920160	0.001370
8.924087	0.001369
8.928014	0.001368
8.931941	0.001366
8.935868	0.001365
8.939795	0.001363
8.943722	0.001362
8.947649	0.001361
8.951576	0.001359
8.955503	0.001358
8.959430	0.001357
8.963357	0.001355
8.967284	0.001354
8.971211	0.001353
8.975138	0.001352
8.979065	0.001350
8.982991	0.001349
8.986918	0.001348
8.990845	0.001346
8.994772	0.001345
8.998699	0.001344
9.002626	0.001342
9.006553	0.001341
9.010480	0.001339
9.014407	0.001338
9.018334	0.001337
9.022261	0.001335
9.026188	0.001334
9.030115	0.001332
9.034042	0.001331
9.037969	0.001329
9.041896	0.001328
9.045823	0.001326
9.049750	0.001325
9.053677	0.001324
9.057604	0.001322
9.061531	0.001321
9.065458	0.001320
9.069385	0.001318
9.073312	0.001317
9.077239	0.001315
9.081166	0.001314
9.085093	0.001313
9.089020	0.001311
9.092947	0.001310
9.096874	0.001309
9.100801	0.001308
9.104728	0.001306
9.108655	0.001305
9.112582	0.001304
9.116509	0.001302
9.120436	0.001301
9.124363	0.001300
9.128290	0.001299
9.132217	0.001297
9.136144	0.001296
9.140071	0.001295
9.143998	0.001294
9.147925	0.001293
9.151852	0.001291
9.155779	0.001290
9.159706	0.001289
9.163633	0.001288
9.167560	0.001286
9.171487	0.001285
9.175414	0.001284
9.179341	0.001283
9.183268	0.001281
9.187195	0.001280
9.191122	0.001279
9.195049	0.001277
9.198976	0.001276
9.202903	0.001275
9.206830	0.001273
9.210757	0.001272
9.214684	0.001271
9.218611	0.001270
9.222538	0.001268
9.226465	0.001267
9.230392	0.001266
9.234319	0.001264
9.238246	0.001263
9.242173	0.001262
9.246100	0.001261
9.250027	0.001259
9.253954	0.001258
9.257881	0.001257
9.261808	0.001256
9.265735	0.001254
9.269662	0.001253
9.273589	0.001252
9.277516	0.001251
9.281443	0.001250
9.285370	0.001248
9.289297	0.001247
9.293224	0.001246
9.297151	0.001245
9.301078	0.001244
9.305005	0.001243
9.308932	0.001241
9.312859	0.001240
9.316786	0.001239
9.320713	0.001238
9.324640	0.001237
9.328567	0.001236
9.332494	0.001234
9.336421	0.001233
9.340348	0.001232
9.344275	0.001231
9.348202	0.001230
9.352129	0.001228
9.356056	0.001227
9.359983	0.001226
9.363910	0.001225
9.367837	0.001224
9.371764	0.001222
9.375691	0.001221
9.379618	0.001220
9.383545	0.001219
9.387472	0.001218
9.391399	0.001216
9.395326	0.001215
9.399253	0.001214
9.403180	0.001213
9.407107	0.001212
9.411033	0.001211
9.414960	0.001209
9.418887	0.001208
9.422814	0.001207
9.426741	0.001206
9.430668	0.001205
9.434595	0.001204
9.438522	0.001202
9.442449	0.001201
9.446376	0.001200
9.450303	0.001199
9.454230	0.001198
9.458157	0.001197
9.462084	0.001196
9.466011	0.001195
9.469938	0.001193
9.473865	0.001192
9.477792	0.001191
9.481719	0.001190
9.485646	0.001189
9.489573	0.001188
9.493500	0.001187
9.497427	0.001186
9.501354	0.001185
9.505281	0.001184
9.509208	0.001183
9.513135	0.001181
9.517062	0.001180
9.520989	0.001179
9.524916	0.001178
9.528843	0.001177
9.532770	0.001176
9.536697	0.001175
9.540624	0.001174
9.544551	0.001173
9.548478	0.001171
9.552405	0.001170
9.556332	0.001169
9.560259	0.001168
9.564186	0.001167
9.568113	0.001166
9.572040	0.001165
9.575967	0.001164
9.579894	0.001163
9.583821	0.001162
9.587748	0.001160
9.591675	0.001159
9.595602	0.001158
9.599529	0.001157
9.603456	0.001156
9.607383	0.001155
9.611310	0.001154
9.615237	0.001153
9.619164	0.001152
9.623091	0.001151
9.627018	0.001150
9.630945	0.001149
9.634872	0.001148
9.638799	0.001147
9.642726	0.001146
9.646653	0.001145
9.650580	0.001143
9.654507	0.001142
9.658434	0.001141
9.662361	0.001140
9.666288	0.001139
9.670215	0.001138
9.674142	0.001137
9.678069	0.001136
9.681996	0.001135
9.685923	0.001134
9.689850	0.001133
9.693777	0.001132
9.697704	0.001131
9.701631	0.001130
9.705558	0.001129
9.709485	0.001128
9.713412	0.001127
9.717339	0.001126
9.721266	0.001125
9.725193	0.001124
9.729120	0.001123
9.733047	0.001122
9.736974	0.001121
9.740901	0.001120
9.744828	0.001119
9.748755	0.001118
9.752682	0.001117
9.756609	0.001116
9.760536	0.001115
9.764463	0.001114
9.768390	0.001113
9.772317	0.001112
9.776244	0.001111
9.780171	0.001110
9.784098	0.001109
9.788025	0.001108
9.791952	0.001107
9.795879	0.001106
9.799806	0.001105
9.803733	0.001104
9.807660	0.001103
9.811587	0.001102
9.815514	0.001101
9.819441	0.001100
