-9.819441	0.001859
-9.815514	0.001884
-9.811587	0.001912
-9.807660	0.001941
-9.803733	0.001971
-9.799806	0.002003
-9.795879	0.002035
-9.791952	0.002067
-9.788025	0.002099
-9.784098	0.002129
-9.780171	0.002158
-9.776244	0.002185
-9.772317	0.002210
-9.768390	0.002233
-9.764463	0.002254
-9.760536	0.002273
-9.756609	0.002289
-9.752682	0.002303
-9.748755	0.002314
-9.744828	0.002322
-9.740901	0.002326
-9.736974	0.002326
-9.733047	0.002322
-9.729120	0.002315
-9.725193	0.002303
-9.721266	0.002289
-9.717339	0.002271
-9.713412	0.002251
-9.709485	0.002229
-9.705558	0.002205
-9.701631	0.002181
-9.697704	0.002156
-9.693777	0.002132
-9.689850	0.002109
-9.685923	0.002088
-9.681996	0.002068
-9.678069	0.002051
-9.674142	0.002037
-9.670215	0.002025
-9.666288	0.002015
-9.662361	0.002007
-9.658434	0.002001
-9.654507	0.001996
-9.650580	0.001993
-9.646653	0.001991
-9.642726	0.001990
-9.638799	0.001989
-9.634872	0.001989
-9.630945	0.001991
-9.627018	0.001993
-9.623091	0.001998
-9.619164	0.002004
-9.615237	0.002012
-9.611310	0.002022
-9.607383	0.002035
-9.603456	0.002050
-9.599529	0.002069
-9.595602	0.002090
-9.591675	0.002115
-9.587748	0.002144
-9.583821	0.002175
-9.579894	0.002211
-9.575967	0.002249
-9.572040	0.002291
-9.568113	0.002335
-9.564186	0.002382
-9.560259	0.002429
-9.556332	0.002478
-9.552405	0.002525
-9.548478	0.002571
-9.544551	0.002613
-9.540624	0.002651
-9.536697	0.002684
-9.532770	0.002712
-9.528843	0.002733
-9.524916	0.002747
-9.520989	0.002755
-9.517062	0.002757
-9.513135	0.002752
-9.509208	0.002743
-9.505281	0.002728
-9.501354	0.002709
-9.497427	0.002686
-9.493500	0.002659
-9.489573	0.002629
-9.485646	0.002597
-9.481719	0.002562
-9.477792	0.002527
-9.473865	0.002491
-9.469938	0.002455
-9.466011	0.002420
-9.462084	0.002388
-9.458157	0.002358
-9.454230	0.002330
-9.450303	0.002306
-9.446376	0.002285
-9.442449	0.002268
-9.438522	0.002254
-9.434595	0.002244
-9.430668	0.002237
-9.426741	0.002233
-9.422814	0.002232
-9.418887	0.002234
-9.414960	0.002238
-9.411033	0.002244
-9.407107	0.002252
-9.403180	0.002261
-9.399253	0.002272
-9.395326	0.002284
-9.391399	0.002297
-9.387472	0.002311
-9.383545	0.002327
-9.379618	0.002346
-9.375691	0.002367
-9.371764	0.002390
-9.367837	0.002417
-9.363910	0.002447
-9.359983	0.002481
-9.356056	0.002518
-9.352129	0.002558
-9.348202	0.002601
-9.344275	0.002647
-9.340348	0.002693
-9.336421	0.002741
-9.332494	0.002789
-9.328567	0.002836
-9.324640	0.002882
-9.320713	0.002927
-9.316786	0.002970
-9.312859	0.003011
-9.308932	0.003048
-9.305005	0.003081
-9.301078	0.003109
-9.297151	0.003131
-9.293224	0.003145
-9.289297	0.003152
-9.285370	0.003150
-9.281443	0.003140
-9.277516	0.003123
-9.273589	0.003099
-9.269662	0.003068
-9.265735	0.003032
-9.261808	0.002993
-9.257881	0.002949
-9.253954	0.002904
-9.250027	0.002856
-9.246100	0.002808
-9.242173	0.002760
-9.238246	0.002712
-9.234319	0.002666
-9.230392	0.002622
-9.226465	0.002581
-9.222538	0.002543
-9.218611	0.002508
-9.214684	0.002477
-9.210757	0.002449
-9.206830	0.002426
-9.202903	0.002406
-9.198976	0.002390
-9.195049	0.002377
-9.191122	0.002367
-9.187195	0.002360
-9.183268	0.002356
-9.179341	0.002354
-9.175414	0.002354
-9.171487	0.002355
-9.167560	0.002358
-9.163633	0.002361
-9.159706	0.002365
-9.155779	0.002369
-9.151852	0.002373
-9.147925	0.002378
-9.143998	0.002384
-9.140071	0.002391
-9.136144	0.002401
-9.132217	0.002412
-9.128290	0.002426
-9.124363	0.002443
-9.120436	0.002463
-9.116509	0.002487
-9.112582	0.002514
-9.108655	0.002546
-9.104728	0.002582
-9.100801	0.002622
-9.096874	0.002666
-9.092947	0.002714
-9.089020	0.002766
-9.085093	0.002820
-9.081166	0.002877
-9.077239	0.002936
-9.073312	0.002994
-9.069385	0.003051
-9.065458	0.003105
-9.061531	0.003156
-9.057604	0.003200
-9.053677	0.003238
-9.049750	0.003268
-9.045823	0.003290
-9.041896	0.003301
-9.037969	0.003304
-9.034042	0.003297
-9.030115	0.003282
-9.026188	0.003258
-9.022261	0.003228
-9.018334	0.003193
-9.014407	0.003152
-9.010480	0.003108
-9.006553	0.003061
-9.002626	0.003012
-8.998699	0.002963
-8.994772	0.002915
-8.990845	0.002867
-8.986918	0.002823
-8.982991	0.002781
-8.979065	0.002743
-8.975138	0.002708
-8.971211	0.002678
-8.967284	0.002652
-8.963357	0.002630
-8.959430	0.002612
-8.955503	0.002598
-8.951576	0.002587
-8.947649	0.002580
-8.943722	0.002575
-8.939795	0.002573
-8.935868	0.002572
-8.931941	0.002573
-8.928014	0.002575
-8.924087	0.002577
-8.920160	0.002579
-8.916233	0.002582
-8.912306	0.002584
-8.908379	0.002587
-8.904452	0.002590
-8.900525	0.002595
-8.896598	0.002601
-8.892671	0.002609
-8.888744	0.002620
-8.884817	0.002634
-8.880890	0.002651
-8.876963	0.002672
-8.873036	0.002697
-8.869109	0.002726
-8.865182	0.002760
-8.861255	0.002798
-8.857328	0.002841
-8.853401	0.002888
-8.849474	0.002941
-8.845547	0.002998
-8.841620	0.003059
-8.837693	0.003123
-8.833766	0.003190
-8.829839	0.003258
-8.825912	0.003326
-8.821985	0.003392
-8.818058	0.003454
-8.814131	0.003512
-8.810204	0.003563
-8.806277	0.003607
-8.802350	0.003643
-8.798423	0.003670
-8.794496	0.003687
-8.790569	0.003695
-8.786642	0.003692
-8.782715	0.003678
-8.778788	0.003654
-8.774861	0.003620
-8.770934	0.003578
-8.767007	0.003529
-8.763080	0.003475
-8.759153	0.003419
-8.755226	0.003361
-8.751299	0.003304
-8.747372	0.003250
-8.743445	0.003200
-8.739518	0.003154
-8.735591	0.003113
-8.731664	0.003077
-8.727737	0.003047
-8.723810	0.003022
-8.719883	0.003003
-8.715956	0.002989
-8.712029	0.002979
-8.708102	0.002973
-8.704175	0.002970
-8.700248	0.002971
-8.696321	0.002973
-8.692394	0.002978
-8.688467	0.002983
-8.684540	0.002990
-8.680613	0.002997
-8.676686	0.003005
-8.672759	0.003014
-8.668832	0.003025
-8.664905	0.003038
-8.660978	0.003054
-8.657051	0.003074
-8.653124	0.003097
-8.649197	0.003126
-8.645270	0.003159
-8.641343	0.003198
-8.637416	0.003242
-8.633489	0.003292
-8.629562	0.003348
-8.625635	0.003408
-8.621708	0.003474
-8.617781	0.003542
-8.613854	0.003613
-8.609927	0.003685
-8.606000	0.003756
-8.602073	0.003825
-8.598146	0.003889
-8.594219	0.003947
-8.590292	0.003999
-8.586365	0.004045
-8.582438	0.004084
-8.578511	0.004117
-8.574584	0.004145
-8.570657	0.004167
-8.566730	0.004183
-8.562803	0.004194
-8.558876	0.004197
-8.554949	0.004193
-8.551023	0.004179
-8.547096	0.004155
-8.543169	0.004122
-8.539242	0.004080
-8.535315	0.004030
-8.531388	0.003974
-8.527461	0.003914
-8.523534	0.003853
-8.519607	0.003792
-8.515680	0.003734
-8.511753	0.003679
-8.507826	0.003630
-8.503899	0.003587
-8.499972	0.003550
-8.496045	0.003520
-8.492118	0.003497
-8.488191	0.003480
-8.484264	0.003469
-8.480337	0.003464
-8.476410	0.003465
-8.472483	0.003469
-8.468556	0.003476
-8.464629	0.003486
-8.460702	0.003495
-8.456775	0.003505
-8.452848	0.003513
-8.448921	0.003519
-8.444994	0.003522
-8.441067	0.003524
-8.437140	0.003524
-8.433213	0.003524
-8.429286	0.003525
-8.425359	0.003528
-8.421432	0.003533
-8.417505	0.003543
-8.413578	0.003558
-8.409651	0.003579
-8.405724	0.003606
-8.401797	0.003639
-8.397870	0.003678
-8.393943	0.003724
-8.390016	0.003776
-8.386089	0.003833
-8.382162	0.003894
-8.378235	0.003958
-8.374308	0.004024
-8.370381	0.004089
-8.366454	0.004151
-8.362527	0.004210
-8.358600	0.004263
-8.354673	0.004309
-8.350746	0.004349
-8.346819	0.004382
-8.342892	0.004408
-8.338965	0.004428
-8.335038	0.004442
-8.331111	0.004452
-8.327184	0.004458
-8.323257	0.004460
-8.319330	0.004459
-8.315403	0.004456
-8.311476	0.004450
-8.307549	0.004442
-8.303622	0.004432
-8.299695	0.004418
-8.295768	0.004402
-8.291841	0.004383
-8.287914	0.004361
-8.283987	0.004336
-8.280060	0.004310
-8.276133	0.004284
-8.272206	0.004260
-8.268279	0.004239
-8.264352	0.004221
-8.260425	0.004210
-8.256498	0.004204
-8.252571	0.004204
-8.248644	0.004210
-8.244717	0.004222
-8.240790	0.004237
-8.236863	0.004256
-8.232936	0.004275
-8.229009	0.004293
-8.225082	0.004309
-8.221155	0.004322
-8.217228	0.004329
-8.213301	0.004331
-8.209374	0.004330
-8.205447	0.004325
-8.201520	0.004319
-8.197593	0.004314
-8.193666	0.004312
-8.189739	0.004313
-8.185812	0.004321
-8.181885	0.004335
-8.177958	0.004358
-8.174031	0.004390
-8.170104	0.004431
-8.166177	0.004481
-8.162250	0.004542
-8.158323	0.004613
-8.154396	0.004693
-8.150469	0.004782
-8.146542	0.004880
-8.142615	0.004984
-8.138688	0.005093
-8.134761	0.005205
-8.130834	0.005318
-8.126907	0.005428
-8.122981	0.005535
-8.119054	0.005636
-8.115127	0.005730
-8.111200	0.005817
-8.107273	0.005895
-8.103346	0.005967
-8.099419	0.006033
-8.095492	0.006093
-8.091565	0.006151
-8.087638	0.006206
-8.083711	0.006260
-8.079784	0.006313
-8.075857	0.006364
-8.071930	0.006412
-8.068003	0.006457
-8.064076	0.006496
-8.060149	0.006530
-8.056222	0.006557
-8.052295	0.006579
-8.048368	0.006595
-8.044441	0.006609
-8.040514	0.006623
-8.036587	0.006639
-8.032660	0.006659
-8.028733	0.006685
-8.024806	0.006717
-8.020879	0.006754
-8.016952	0.006792
-8.013025	0.006828
-8.009098	0.006857
-8.005171	0.006875
-8.001244	0.006876
-7.997317	0.006859
-7.993390	0.006821
-7.989463	0.006763
-7.985536	0.006689
-7.981609	0.006603
-7.977682	0.006509
-7.973755	0.006414
-7.969828	0.006320
-7.965901	0.006233
-7.961974	0.006156
-7.958047	0.006090
-7.954120	0.006037
-7.950193	0.005996
-7.946266	0.005968
-7.942339	0.005952
-7.938412	0.005946
-7.934485	0.005951
-7.930558	0.005964
-7.926631	0.005986
-7.922704	0.006016
-7.918777	0.006053
-7.914850	0.006097
-7.910923	0.006148
-7.906996	0.006205
-7.903069	0.006269
-7.899142	0.006339
-7.895215	0.006415
-7.891288	0.006496
-7.887361	0.006583
-7.883434	0.006672
-7.879507	0.006764
-7.875580	0.006855
-7.871653	0.006943
-7.867726	0.007026
-7.863799	0.007103
-7.859872	0.007172
-7.855945	0.007233
-7.852018	0.007289
-7.848091	0.007340
-7.844164	0.007389
-7.840237	0.007437
-7.836310	0.007487
-7.832383	0.007540
-7.828456	0.007593
-7.824529	0.007644
-7.820602	0.007690
-7.816675	0.007724
-7.812748	0.007741
-7.808821	0.007734
-7.804894	0.007700
-7.800967	0.007637
-7.797040	0.007544
-7.793113	0.007425
-7.789186	0.007284
-7.785259	0.007129
-7.781332	0.006964
-7.777405	0.006797
-7.773478	0.006634
-7.769551	0.006478
-7.765624	0.006333
-7.761697	0.006200
-7.757770	0.006083
-7.753843	0.005981
-7.749916	0.005894
-7.745989	0.005823
-7.742062	0.005767
-7.738135	0.005727
-7.734208	0.005702
-7.730281	0.005690
-7.726354	0.005692
-7.722427	0.005708
-7.718500	0.005736
-7.714573	0.005775
-7.710646	0.005826
-7.706719	0.005886
-7.702792	0.005955
-7.698865	0.006031
-7.694939	0.006115
-7.691012	0.006205
-7.687085	0.006301
-7.683158	0.006403
-7.679231	0.006511
-7.675304	0.006625
-7.671377	0.006745
-7.667450	0.006871
-7.663523	0.007000
-7.659596	0.007132
-7.655669	0.007263
-7.651742	0.007392
-7.647815	0.007517
-7.643888	0.007636
-7.639961	0.007749
-7.636034	0.007856
-7.632107	0.007958
-7.628180	0.008054
-7.624253	0.008144
-7.620326	0.008226
-7.616399	0.008297
-7.612472	0.008352
-7.608545	0.008385
-7.604618	0.008392
-7.600691	0.008369
-7.596764	0.008312
-7.592837	0.008223
-7.588910	0.008104
-7.584983	0.007961
-7.581056	0.007799
-7.577129	0.007626
-7.573202	0.007448
-7.569275	0.007273
-7.565348	0.007104
-7.561421	0.006946
-7.557494	0.006801
-7.553567	0.006672
-7.549640	0.006559
-7.545713	0.006463
-7.541786	0.006384
-7.537859	0.006322
-7.533932	0.006277
-7.530005	0.006248
-7.526078	0.006236
-7.522151	0.006241
-7.518224	0.006261
-7.514297	0.006299
-7.510370	0.006353
-7.506443	0.006425
-7.502516	0.006514
-7.498589	0.006622
-7.494662	0.006749
-7.490735	0.006896
-7.486808	0.007064
-7.482881	0.007253
-7.478954	0.007463
-7.475027	0.007693
-7.471100	0.007943
-7.467173	0.008211
-7.463246	0.008492
-7.459319	0.008782
-7.455392	0.009075
-7.451465	0.009361
-7.447538	0.009633
-7.443611	0.009880
-7.439684	0.010091
-7.435757	0.010258
-7.431830	0.010373
-7.427903	0.010431
-7.423976	0.010432
-7.420049	0.010375
-7.416122	0.010266
-7.412195	0.010109
-7.408268	0.009913
-7.404341	0.009686
-7.400414	0.009436
-7.396487	0.009171
-7.392560	0.008899
-7.388633	0.008626
-7.384706	0.008358
-7.380779	0.008098
-7.376852	0.007852
-7.372925	0.007620
-7.368998	0.007404
-7.365071	0.007207
-7.361144	0.007027
-7.357217	0.006865
-7.353290	0.006721
-7.349363	0.006594
-7.345436	0.006484
-7.341509	0.006389
-7.337582	0.006309
-7.333655	0.006244
-7.329728	0.006193
-7.325801	0.006154
-7.321874	0.006129
-7.317947	0.006116
-7.314020	0.006116
-7.310093	0.006128
-7.306166	0.006152
-7.302239	0.006189
-7.298312	0.006238
-7.294385	0.006301
-7.290458	0.006377
-7.286531	0.006466
-7.282604	0.006569
-7.278677	0.006685
-7.274750	0.006815
-7.270823	0.006958
-7.266897	0.007113
-7.262970	0.007277
-7.259043	0.007451
-7.255116	0.007630
-7.251189	0.007811
-7.247262	0.007993
-7.243335	0.008171
-7.239408	0.008341
-7.235481	0.008499
-7.231554	0.008643
-7.227627	0.008769
-7.223700	0.008873
-7.219773	0.008953
-7.215846	0.009008
-7.211919	0.009038
-7.207992	0.009042
-7.204065	0.009021
-7.200138	0.008978
-7.196211	0.008914
-7.192284	0.008831
-7.188357	0.008731
-7.184430	0.008614
-7.180503	0.008483
-7.176576	0.008339
-7.172649	0.008185
-7.168722	0.008023
-7.164795	0.007857
-7.160868	0.007690
-7.156941	0.007525
-7.153014	0.007366
-7.149087	0.007214
-7.145160	0.007073
-7.141233	0.006943
-7.137306	0.006826
-7.133379	0.006722
-7.129452	0.006631
-7.125525	0.006555
-7.121598	0.006491
-7.117671	0.006441
-7.113744	0.006404
-7.109817	0.006379
-7.105890	0.006367
-7.101963	0.006367
-7.098036	0.006379
-7.094109	0.006403
-7.090182	0.006439
-7.086255	0.006487
-7.082328	0.006546
-7.078401	0.006615
-7.074474	0.006695
-7.070547	0.006785
-7.066620	0.006883
-7.062693	0.006987
-7.058766	0.007098
-7.054839	0.007211
-7.050912	0.007326
-7.046985	0.007440
-7.043058	0.007551
-7.039131	0.007656
-7.035204	0.007753
-7.031277	0.007840
-7.027350	0.007914
-7.023423	0.007976
-7.019496	0.008024
-7.015569	0.008059
-7.011642	0.008081
-7.007715	0.008091
-7.003788	0.008089
-6.999861	0.008076
-6.995934	0.008050
-6.992007	0.008012
-6.988080	0.007960
-6.984153	0.007894
-6.980226	0.007814
-6.976299	0.007722
-6.972372	0.007617
-6.968445	0.007504
-6.964518	0.007385
-6.960591	0.007263
-6.956664	0.007142
-6.952737	0.007022
-6.948810	0.006908
-6.944883	0.006801
-6.940956	0.006702
-6.937029	0.006611
-6.933102	0.006530
-6.929175	0.006459
-6.925248	0.006396
-6.921321	0.006343
-6.917394	0.006299
-6.913467	0.006263
-6.909540	0.006235
-6.905613	0.006216
-6.901686	0.006204
-6.897759	0.006199
-6.893832	0.006202
-6.889905	0.006213
-6.885978	0.006230
-6.882051	0.006255
-6.878124	0.006286
-6.874197	0.006325
-6.870270	0.006372
-6.866343	0.006425
-6.862416	0.006486
-6.858489	0.006553
-6.854562	0.006626
-6.850635	0.006705
-6.846708	0.006788
-6.842781	0.006875
-6.838855	0.006964
-6.834928	0.007053
-6.831001	0.007141
-6.827074	0.007227
-6.823147	0.007309
-6.819220	0.007388
-6.815293	0.007463
-6.811366	0.007534
-6.807439	0.007602
-6.803512	0.007669
-6.799585	0.007735
-6.795658	0.007801
-6.791731	0.007867
-6.787804	0.007933
-6.783877	0.007999
-6.779950	0.008060
-6.776023	0.008115
-6.772096	0.008161
-6.768169	0.008193
-6.764242	0.008210
-6.760315	0.008208
-6.756388	0.008187
-6.752461	0.008148
-6.748534	0.008091
-6.744607	0.008019
-6.740680	0.007937
-6.736753	0.007846
-6.732826	0.007750
-6.728899	0.007654
-6.724972	0.007560
-6.721045	0.007469
-6.717118	0.007385
-6.713191	0.007308
-6.709264	0.007238
-6.705337	0.007177
-6.701410	0.007125
-6.697483	0.007080
-6.693556	0.007044
-6.689629	0.007016
-6.685702	0.006996
-6.681775	0.006982
-6.677848	0.006976
-6.673921	0.006976
-6.669994	0.006983
-6.666067	0.006996
-6.662140	0.007016
-6.658213	0.007042
-6.654286	0.007074
-6.650359	0.007112
-6.646432	0.007157
-6.642505	0.007208
-6.638578	0.007266
-6.634651	0.007331
-6.630724	0.007403
-6.626797	0.007482
-6.622870	0.007568
-6.618943	0.007661
-6.615016	0.007761
-6.611089	0.007867
-6.607162	0.007980
-6.603235	0.008098
-6.599308	0.008222
-6.595381	0.008350
-6.591454	0.008483
-6.587527	0.008621
-6.583600	0.008764
-6.579673	0.008914
-6.575746	0.009071
-6.571819	0.009237
-6.567892	0.009413
-6.563965	0.009597
-6.560038	0.009791
-6.556111	0.009990
-6.552184	0.010191
-6.548257	0.010389
-6.544330	0.010577
-6.540403	0.010747
-6.536476	0.010892
-6.532549	0.011005
-6.528622	0.011079
-6.524695	0.011113
-6.520768	0.011106
-6.516841	0.011061
-6.512914	0.010984
-6.508987	0.010881
-6.505060	0.010761
-6.501133	0.010631
-6.497206	0.010498
-6.493279	0.010368
-6.489352	0.010246
-6.485425	0.010136
-6.481498	0.010040
-6.477571	0.009961
-6.473644	0.009899
-6.469717	0.009855
-6.465790	0.009829
-6.461863	0.009822
-6.457936	0.009833
-6.454009	0.009863
-6.450082	0.009912
-6.446155	0.009979
-6.442228	0.010066
-6.438301	0.010173
-6.434374	0.010299
-6.430447	0.010446
-6.426520	0.010613
-6.422593	0.010801
-6.418666	0.011009
-6.414739	0.011236
-6.410813	0.011481
-6.406886	0.011741
-6.402959	0.012011
-6.399032	0.012286
-6.395105	0.012559
-6.391178	0.012821
-6.387251	0.013066
-6.383324	0.013283
-6.379397	0.013466
-6.375470	0.013609
-6.371543	0.013711
-6.367616	0.013770
-6.363689	0.013788
-6.359762	0.013771
-6.355835	0.013721
-6.351908	0.013644
-6.347981	0.013543
-6.344054	0.013423
-6.340127	0.013286
-6.336200	0.013137
-6.332273	0.012978
-6.328346	0.012813
-6.324419	0.012645
-6.320492	0.012477
-6.316565	0.012314
-6.312638	0.012157
-6.308711	0.012009
-6.304784	0.011874
-6.300857	0.011751
-6.296930	0.011643
-6.293003	0.011550
-6.289076	0.011473
-6.285149	0.011412
-6.281222	0.011366
-6.277295	0.011335
-6.273368	0.011320
-6.269441	0.011318
-6.265514	0.011331
-6.261587	0.011359
-6.257660	0.011399
-6.253733	0.011454
-6.249806	0.011522
-6.245879	0.011604
-6.241952	0.011701
-6.238025	0.011811
-6.234098	0.011937
-6.230171	0.012078
-6.226244	0.012236
-6.222317	0.012410
-6.218390	0.012602
-6.214463	0.012811
-6.210536	0.013039
-6.206609	0.013285
-6.202682	0.013549
-6.198755	0.013829
-6.194828	0.014123
-6.190901	0.014428
-6.186974	0.014738
-6.183047	0.015048
-6.179120	0.015350
-6.175193	0.015637
-6.171266	0.015900
-6.167339	0.016132
-6.163412	0.016331
-6.159485	0.016492
-6.155558	0.016617
-6.151631	0.016710
-6.147704	0.016775
-6.143777	0.016820
-6.139850	0.016852
-6.135923	0.016878
-6.131996	0.016904
-6.128069	0.016935
-6.124142	0.016975
-6.120215	0.017026
-6.116288	0.017089
-6.112361	0.017162
-6.108434	0.017244
-6.104507	0.017331
-6.100580	0.017419
-6.096653	0.017506
-6.092726	0.017588
-6.088799	0.017663
-6.084872	0.017732
-6.080945	0.017794
-6.077018	0.017852
-6.073091	0.017908
-6.069164	0.017967
-6.065237	0.018033
-6.061310	0.018109
-6.057383	0.018201
-6.053456	0.018311
-6.049529	0.018442
-6.045602	0.018598
-6.041675	0.018779
-6.037748	0.018988
-6.033821	0.019227
-6.029894	0.019496
-6.025967	0.019796
-6.022040	0.020130
-6.018113	0.020498
-6.014186	0.020903
-6.010259	0.021345
-6.006332	0.021828
-6.002405	0.022352
-5.998478	0.022921
-5.994551	0.023537
-5.990624	0.024202
-5.986698	0.024919
-5.982771	0.025689
-5.978844	0.026516
-5.974917	0.027402
-5.970990	0.028348
-5.967063	0.029357
-5.963136	0.030432
-5.959209	0.031579
-5.955282	0.032801
-5.951355	0.034109
-5.947428	0.035510
-5.943501	0.037018
-5.939574	0.038643
-5.935647	0.040400
-5.931720	0.042299
-5.927793	0.044351
-5.923866	0.046564
-5.919939	0.048941
-5.916012	0.051482
-5.912085	0.054183
-5.908158	0.057033
-5.904231	0.060017
-5.900304	0.063111
-5.896377	0.066287
-5.892450	0.069506
-5.888523	0.072725
-5.884596	0.075895
-5.880669	0.078959
-5.876742	0.081859
-5.872815	0.084536
-5.868888	0.086932
-5.864961	0.088994
-5.861034	0.090676
-5.857107	0.091943
-5.853180	0.092775
-5.849253	0.093164
-5.845326	0.093115
-5.841399	0.092641
-5.837472	0.091761
-5.833545	0.090496
-5.829618	0.088871
-5.825691	0.086917
-5.821764	0.084674
-5.817837	0.082193
-5.813910	0.079536
-5.809983	0.076770
-5.806056	0.073964
-5.802129	0.071182
-5.798202	0.068481
-5.794275	0.065905
-5.790348	0.063490
-5.786421	0.061262
-5.782494	0.059238
-5.778567	0.057427
-5.774640	0.055833
-5.770713	0.054455
-5.766786	0.053288
-5.762859	0.052321
-5.758932	0.051542
-5.755005	0.050936
-5.751078	0.050482
-5.747151	0.050160
-5.743224	0.049945
-5.739297	0.049813
-5.735370	0.049738
-5.731443	0.049699
-5.727516	0.049677
-5.723589	0.049658
-5.719662	0.049636
-5.715735	0.049609
-5.711808	0.049583
-5.707881	0.049566
-5.703954	0.049571
-5.700027	0.049610
-5.696100	0.049694
-5.692173	0.049831
-5.688246	0.050023
-5.684319	0.050269
-5.680392	0.050563
-5.676465	0.050896
-5.672538	0.051258
-5.668611	0.051642
-5.664684	0.052046
-5.660757	0.052472
-5.656830	0.052930
-5.652903	0.053436
-5.648976	0.054008
-5.645049	0.054668
-5.641122	0.055440
-5.637195	0.056345
-5.633268	0.057404
-5.629341	0.058636
-5.625414	0.060061
-5.621487	0.061696
-5.617560	0.063559
-5.613633	0.065669
-5.609706	0.068045
-5.605779	0.070707
-5.601852	0.073676
-5.597925	0.076973
-5.593998	0.080618
-5.590071	0.084631
-5.586144	0.089027
-5.582217	0.093815
-5.578290	0.098995
-5.574363	0.104553
-5.570436	0.110459
-5.566509	0.116660
-5.562582	0.123079
-5.558656	0.129612
-5.554729	0.136130
-5.550802	0.142481
-5.546875	0.148500
-5.542948	0.154013
-5.539021	0.158853
-5.535094	0.162866
-5.531167	0.165928
-5.527240	0.167957
-5.523313	0.168924
-5.519386	0.168863
-5.515459	0.167875
-5.511532	0.166116
-5.507605	0.163787
-5.503678	0.161109
-5.499751	0.158302
-5.495824	0.155566
-5.491897	0.153064
-5.487970	0.150917
-5.484043	0.149197
-5.480116	0.147928
-5.476189	0.147089
-5.472262	0.146617
-5.468335	0.146415
-5.464408	0.146360
-5.460481	0.146316
-5.456554	0.146147
-5.452627	0.145735
-5.448700	0.144987
-5.444773	0.143847
-5.440846	0.142297
-5.436919	0.140356
-5.432992	0.138072
-5.429065	0.135513
-5.425138	0.132758
-5.421211	0.129887
-5.417284	0.126972
-5.413357	0.124075
-5.409430	0.121241
-5.405503	0.118499
-5.401576	0.115868
-5.397649	0.113354
-5.393722	0.110962
-5.389795	0.108697
-5.385868	0.106565
-5.381941	0.104575
-5.378014	0.102738
-5.374087	0.101061
-5.370160	0.099549
-5.366233	0.098200
-5.362306	0.097013
-5.358379	0.095980
-5.354452	0.095100
-5.350525	0.094372
-5.346598	0.093804
-5.342671	0.093407
-5.338744	0.093198
-5.334817	0.093198
-5.330890	0.093427
-5.326963	0.093906
-5.323036	0.094654
-5.319109	0.095692
-5.315182	0.097036
-5.311255	0.098706
-5.307328	0.100720
-5.303401	0.103097
-5.299474	0.105861
-5.295547	0.109034
-5.291620	0.112643
-5.287693	0.116714
-5.283766	0.121278
-5.279839	0.126365
-5.275912	0.132001
-5.271985	0.138211
-5.268058	0.145014
-5.264131	0.152414
-5.260204	0.160402
-5.256277	0.168946
-5.252350	0.177985
-5.248423	0.187427
-5.244496	0.197145
-5.240569	0.206976
-5.236642	0.216730
-5.232715	0.226197
-5.228788	0.235156
-5.224861	0.243384
-5.220934	0.250664
-5.217007	0.256791
-5.213080	0.261572
-5.209153	0.264846
-5.205226	0.266494
-5.201299	0.266461
-5.197372	0.264781
-5.193445	0.261579
-5.189518	0.257073
-5.185591	0.251551
-5.181664	0.245341
-5.177737	0.238780
-5.173810	0.232184
-5.169883	0.225831
-5.165956	0.219945
-5.162029	0.214704
-5.158102	0.210234
-5.154175	0.206624
-5.150248	0.203934
-5.146321	0.202203
-5.142394	0.201454
-5.138467	0.201706
-5.134540	0.202976
-5.130614	0.205282
-5.126687	0.208646
-5.122760	0.213096
-5.118833	0.218667
-5.114906	0.225400
-5.110979	0.233343
-5.107052	0.242545
-5.103125	0.253057
-5.099198	0.264927
-5.095271	0.278189
-5.091344	0.292863
-5.087417	0.308937
-5.083490	0.326360
-5.079563	0.345024
-5.075636	0.364750
-5.071709	0.385275
-5.067782	0.406240
-5.063855	0.427195
-5.059928	0.447604
-5.056001	0.466877
-5.052074	0.484400
-5.048147	0.499574
-5.044220	0.511851
-5.040293	0.520769
-5.036366	0.525987
-5.032439	0.527317
-5.028512	0.524753
-5.024585	0.518485
-5.020658	0.508896
-5.016731	0.496529
-5.012804	0.482037
-5.008877	0.466116
-5.004950	0.449448
-5.001023	0.432634
-4.997096	0.416166
-4.993169	0.400401
-4.989242	0.385560
-4.985315	0.371740
-4.981388	0.358938
-4.977461	0.347078
-4.973534	0.336044
-4.969607	0.325706
-4.965680	0.315950
-4.961753	0.306691
-4.957826	0.297886
-4.953899	0.289538
-4.949972	0.281686
-4.946045	0.274404
-4.942118	0.267779
-4.938191	0.261908
-4.934264	0.256881
-4.930337	0.252779
-4.926410	0.249670
-4.922483	0.247609
-4.918556	0.246641
-4.914629	0.246804
-4.910702	0.248131
-4.906775	0.250656
-4.902848	0.254412
-4.898921	0.259433
-4.894994	0.265749
-4.891067	0.273389
-4.887140	0.282369
-4.883213	0.292688
-4.879286	0.304318
-4.875359	0.317185
-4.871432	0.331153
-4.867505	0.346009
-4.863578	0.361447
-4.859651	0.377060
-4.855724	0.392355
-4.851797	0.406782
-4.847870	0.419785
-4.843943	0.430875
-4.840016	0.439697
-4.836089	0.446080
-4.832162	0.450063
-4.828235	0.451874
-4.824308	0.451885
-4.820381	0.450549
-4.816454	0.448325
-4.812527	0.445625
-4.808600	0.442761
-4.804673	0.439931
-4.800746	0.437218
-4.796819	0.434613
-4.792892	0.432048
-4.788965	0.429435
-4.785038	0.426696
-4.781111	0.423786
-4.777184	0.420697
-4.773257	0.417453
-4.769330	0.414092
-4.765403	0.410646
-4.761476	0.407138
-4.757549	0.403576
-4.753622	0.399954
-4.749695	0.396252
-4.745768	0.392429
-4.741841	0.388416
-4.737914	0.384109
-4.733987	0.379376
-4.730060	0.374075
-4.726133	0.368077
-4.722206	0.361298
-4.718279	0.353716
-4.714352	0.345389
-4.710425	0.336448
-4.706498	0.327086
-4.702572	0.317539
-4.698645	0.308058
-4.694718	0.298889
-4.690791	0.290251
-4.686864	0.282327
-4.682937	0.275252
-4.679010	0.269114
-4.675083	0.263955
-4.671156	0.259776
-4.667229	0.256542
-4.663302	0.254192
-4.659375	0.252646
-4.655448	0.251819
-4.651521	0.251630
-4.647594	0.252013
-4.643667	0.252920
-4.639740	0.254323
-4.635813	0.256202
-4.631886	0.258538
-4.627959	0.261296
-4.624032	0.264413
-4.620105	0.267788
-4.616178	0.271285
-4.612251	0.274732
-4.608324	0.277939
-4.604397	0.280709
-4.600470	0.282852
-4.596543	0.284205
-4.592616	0.284634
-4.588689	0.284047
-4.584762	0.282397
-4.580835	0.279690
-4.576908	0.275992
-4.572981	0.271425
-4.569054	0.266169
-4.565127	0.260446
-4.561200	0.254500
-4.557273	0.248580
-4.553346	0.242918
-4.549419	0.237716
-4.545492	0.233139
-4.541565	0.229315
-4.537638	0.226335
-4.533711	0.224263
-4.529784	0.223139
-4.525857	0.222986
-4.521930	0.223814
-4.518003	0.225622
-4.514076	0.228403
-4.510149	0.232144
-4.506222	0.236827
-4.502295	0.242433
-4.498368	0.248941
-4.494441	0.256335
-4.490514	0.264596
-4.486587	0.273705
-4.482660	0.283627
-4.478733	0.294305
-4.474806	0.305635
-4.470879	0.317447
-4.466952	0.329499
-4.463025	0.341462
-4.459098	0.352940
-4.455171	0.363500
-4.451244	0.372720
-4.447317	0.380248
-4.443390	0.385865
-4.439463	0.389521
-4.435536	0.391340
-4.431609	0.391581
-4.427682	0.390572
-4.423755	0.388635
-4.419828	0.386038
-4.415901	0.382984
-4.411974	0.379643
-4.408047	0.376196
-4.404120	0.372865
-4.400193	0.369915
-4.396266	0.367622
-4.392339	0.366228
-4.388412	0.365903
-4.384485	0.366724
-4.380558	0.368675
-4.376631	0.371653
-4.372704	0.375482
-4.368777	0.379928
-4.364850	0.384714
-4.360923	0.389539
-4.356996	0.394105
-4.353069	0.398137
-4.349142	0.401412
-4.345215	0.403760
-4.341288	0.405057
-4.337361	0.405215
-4.333434	0.404153
-4.329507	0.401796
-4.325580	0.398082
-4.321653	0.392973
-4.317726	0.386476
-4.313799	0.378663
-4.309872	0.369676
-4.305945	0.359731
-4.302018	0.349115
-4.298091	0.338157
-4.294164	0.327207
-4.290237	0.316598
-4.286310	0.306618
-4.282383	0.297491
-4.278456	0.289367
-4.274530	0.282325
-4.270603	0.276386
-4.266676	0.271521
-4.262749	0.267671
-4.258822	0.264764
-4.254895	0.262727
-4.250968	0.261503
-4.247041	0.261057
-4.243114	0.261379
-4.239187	0.262480
-4.235260	0.264384
-4.231333	0.267114
-4.227406	0.270674
-4.223479	0.275044
-4.219552	0.280158
-4.215625	0.285905
-4.211698	0.292123
-4.207771	0.298606
-4.203844	0.305110
-4.199917	0.311375
-4.195990	0.317144
-4.192063	0.322179
-4.188136	0.326282
-4.184209	0.329296
-4.180282	0.331112
-4.176355	0.331671
-4.172428	0.330966
-4.168501	0.329036
-4.164574	0.325969
-4.160647	0.321882
-4.156720	0.316920
-4.152793	0.311240
-4.148866	0.305014
-4.144939	0.298431
-4.141012	0.291696
-4.137085	0.285027
-4.133158	0.278644
-4.129231	0.272760
-4.125304	0.267567
-4.121377	0.263229
-4.117450	0.259878
-4.113523	0.257612
-4.109596	0.256496
-4.105669	0.256563
-4.101742	0.257815
-4.097815	0.260223
-4.093888	0.263726
-4.089961	0.268225
-4.086034	0.273577
-4.082107	0.279590
-4.078180	0.286026
-4.074253	0.292598
-4.070326	0.298987
-4.066399	0.304861
-4.062472	0.309905
-4.058545	0.313859
-4.054618	0.316542
-4.050691	0.317874
-4.046764	0.317882
-4.042837	0.316681
-4.038910	0.314456
-4.034983	0.311431
-4.031056	0.307845
-4.027129	0.303934
-4.023202	0.299927
-4.019275	0.296039
-4.015348	0.292474
-4.011421	0.289428
-4.007494	0.287084
-4.003567	0.285610
-3.999640	0.285161
-3.995713	0.285873
-3.991786	0.287867
-3.987859	0.291250
-3.983932	0.296116
-3.980005	0.302553
-3.976078	0.310644
-3.972151	0.320469
-3.968224	0.332102
-3.964297	0.345609
-3.960370	0.361045
-3.956443	0.378437
-3.952516	0.397772
-3.948589	0.418980
-3.944662	0.441906
-3.940735	0.466285
-3.936808	0.491716
-3.932881	0.517634
-3.928954	0.543299
-3.925027	0.567797
-3.921100	0.590073
-3.917173	0.608993
-3.913246	0.623446
-3.909319	0.632478
-3.905392	0.635425
-3.901465	0.632025
-3.897538	0.622468
-3.893611	0.607370
-3.889684	0.587672
-3.885757	0.564502
-3.881830	0.539028
-3.877903	0.512346
-3.873976	0.485398
-3.870049	0.458942
-3.866122	0.433550
-3.862195	0.409619
-3.858268	0.387403
-3.854341	0.367044
-3.850414	0.348597
-3.846488	0.332057
-3.842561	0.317377
-3.838634	0.304485
-3.834707	0.293292
-3.830780	0.283703
-3.826853	0.275621
-3.822926	0.268952
-3.818999	0.263610
-3.815072	0.259517
-3.811145	0.256607
-3.807218	0.254819
-3.803291	0.254094
-3.799364	0.254374
-3.795437	0.255593
-3.791510	0.257669
-3.787583	0.260499
-3.783656	0.263954
-3.779729	0.267867
-3.775802	0.272027
-3.771875	0.276177
-3.767948	0.280009
-3.764021	0.283180
-3.760094	0.285331
-3.756167	0.286133
-3.752240	0.285326
-3.748313	0.282768
-3.744386	0.278464
-3.740459	0.272569
-3.736532	0.265375
-3.732605	0.257264
-3.728678	0.248659
-3.724751	0.239972
-3.720824	0.231559
-3.716897	0.223694
-3.712970	0.216550
-3.709043	0.210206
-3.705116	0.204659
-3.701189	0.199840
-3.697262	0.195635
-3.693335	0.191906
-3.689408	0.188506
-3.685481	0.185300
-3.681554	0.182170
-3.677627	0.179031
-3.673700	0.175832
-3.669773	0.172564
-3.665846	0.169255
-3.661919	0.165973
-3.657992	0.162817
-3.654065	0.159920
-3.650138	0.157438
-3.646211	0.155549
-3.642284	0.154433
-3.638357	0.154264
-3.634430	0.155174
-3.630503	0.157232
-3.626576	0.160420
-3.622649	0.164631
-3.618722	0.169680
-3.614795	0.175341
-3.610868	0.181387
-3.606941	0.187630
-3.603014	0.193945
-3.599087	0.200279
-3.595160	0.206642
-3.591233	0.213089
-3.587306	0.219700
-3.583379	0.226565
-3.579452	0.233767
-3.575525	0.241374
-3.571598	0.249443
-3.567671	0.258016
-3.563744	0.267135
-3.559817	0.276851
-3.555890	0.287249
-3.551963	0.298461
-3.548036	0.310685
-3.544109	0.324191
-3.540182	0.339317
-3.536255	0.356435
-3.532328	0.375914
-3.528401	0.398064
-3.524474	0.423075
-3.520547	0.450976
-3.516620	0.481600
-3.512693	0.514573
-3.508766	0.549328
-3.504839	0.585135
-3.500912	0.621155
-3.496985	0.656504
-3.493058	0.690331
-3.489131	0.721897
-3.485204	0.750634
-3.481277	0.776196
-3.477350	0.798457
-3.473423	0.817502
-3.469496	0.833577
-3.465569	0.847034
-3.461642	0.858277
-3.457715	0.867708
-3.453788	0.875687
-3.449861	0.882502
-3.445934	0.888360
-3.442007	0.893381
-3.438080	0.897613
-3.434153	0.901047
-3.430226	0.903637
-3.426299	0.905315
-3.422372	0.906003
-3.418446	0.905620
-3.414519	0.904099
-3.410592	0.901410
-3.406665	0.897575
-3.402738	0.892686
-3.398811	0.886891
-3.394884	0.880363
-3.390957	0.873257
-3.387030	0.865678
-3.383103	0.857654
-3.379176	0.849141
-3.375249	0.840041
-3.371322	0.830235
-3.367395	0.819619
-3.363468	0.808142
-3.359541	0.795829
-3.355614	0.782783
-3.351687	0.769178
-3.347760	0.755224
-3.343833	0.741144
-3.339906	0.727140
-3.335979	0.713369
-3.332052	0.699929
-3.328125	0.686848
-3.324198	0.674089
-3.320271	0.661556
-3.316344	0.649106
-3.312417	0.636560
-3.308490	0.623725
-3.304563	0.610406
-3.300636	0.596436
-3.296709	0.581694
-3.292782	0.566135
-3.288855	0.549801
-3.284928	0.532835
-3.281001	0.515464
-3.277074	0.497982
-3.273147	0.480715
-3.269220	0.463987
-3.265293	0.448088
-3.261366	0.433260
-3.257439	0.419682
-3.253512	0.407469
-3.249585	0.396679
-3.245658	0.387320
-3.241731	0.379354
-3.237804	0.372712
-3.233877	0.367300
-3.229950	0.363007
-3.226023	0.359717
-3.222096	0.357315
-3.218169	0.355705
-3.214242	0.354812
-3.210315	0.354595
-3.206388	0.355049
-3.202461	0.356207
-3.198534	0.358141
-3.194607	0.360949
-3.190680	0.364755
-3.186753	0.369698
-3.182826	0.375923
-3.178899	0.383581
-3.174972	0.392818
-3.171045	0.403774
-3.167118	0.416575
-3.163191	0.431332
-3.159264	0.448129
-3.155337	0.467012
-3.151410	0.487972
-3.147483	0.510923
-3.143556	0.535678
-3.139629	0.561919
-3.135702	0.589169
-3.131775	0.616779
-3.127848	0.643927
-3.123921	0.669648
-3.119994	0.692906
-3.116067	0.712690
-3.112140	0.728144
-3.108213	0.738682
-3.104286	0.744074
-3.100359	0.744469
-3.096432	0.740350
-3.092505	0.732442
-3.088578	0.721584
-3.084651	0.708617
-3.080724	0.694289
-3.076797	0.679193
-3.072870	0.663748
-3.068943	0.648200
-3.065016	0.632653
-3.061089	0.617113
-3.057162	0.601532
-3.053235	0.585845
-3.049308	0.569992
-3.045381	0.553931
-3.041454	0.537643
-3.037527	0.521133
-3.033600	0.504436
-3.029673	0.487619
-3.025746	0.470785
-3.021819	0.454064
-3.017892	0.437603
-3.013965	0.421556
-3.010038	0.406066
-3.006111	0.391261
-3.002184	0.377243
-2.998257	0.364095
-2.994330	0.351873
-2.990404	0.340617
-2.986477	0.330345
-2.982550	0.321061
-2.978623	0.312757
-2.974696	0.305412
-2.970769	0.299001
-2.966842	0.293491
-2.962915	0.288850
-2.958988	0.285046
-2.955061	0.282048
-2.951134	0.279826
-2.947207	0.278356
-2.943280	0.277615
-2.939353	0.277588
-2.935426	0.278266
-2.931499	0.279648
-2.927572	0.281739
-2.923645	0.284553
-2.919718	0.288108
-2.915791	0.292430
-2.911864	0.297547
-2.907937	0.303489
-2.904010	0.310287
-2.900083	0.317974
-2.896156	0.326578
-2.892229	0.336126
-2.888302	0.346639
-2.884375	0.358133
-2.880448	0.370614
-2.876521	0.384085
-2.872594	0.398546
-2.868667	0.413998
-2.864740	0.430453
-2.860813	0.447939
-2.856886	0.466508
-2.852959	0.486235
-2.849032	0.507214
-2.845105	0.529542
-2.841178	0.553300
-2.837251	0.578521
-2.833324	0.605164
-2.829397	0.633084
-2.825470	0.662029
-2.821543	0.691643
-2.817616	0.721509
-2.813689	0.751206
-2.809762	0.780382
-2.805835	0.808795
-2.801908	0.836336
-2.797981	0.862999
-2.794054	0.888827
-2.790127	0.913861
-2.786200	0.938110
-2.782273	0.961547
-2.778346	0.984130
-2.774419	1.005837
-2.770492	1.026691
-2.766565	1.046776
-2.762638	1.066235
-2.758711	1.085252
-2.754784	1.104038
-2.750857	1.122803
-2.746930	1.141740
-2.743003	1.161008
-2.739076	1.180733
-2.735149	1.201006
-2.731222	1.221896
-2.727295	1.243465
-2.723368	1.265784
-2.719441	1.288926
-2.715514	1.312943
-2.711587	1.337793
-2.707660	1.363238
-2.703733	1.388730
-2.699806	1.413328
-2.695879	1.435708
-2.691952	1.454280
-2.688025	1.467399
-2.684098	1.473615
-2.680171	1.471886
-2.676244	1.461709
-2.672317	1.443142
-2.668390	1.416730
-2.664463	1.383372
-2.660536	1.344170
-2.656609	1.300304
-2.652682	1.252937
-2.648755	1.203178
-2.644828	1.152059
-2.640901	1.100538
-2.636974	1.049491
-2.633047	0.999696
-2.629120	0.951813
-2.625193	0.906361
-2.621266	0.863697
-2.617339	0.824021
-2.613412	0.787377
-2.609485	0.753680
-2.605558	0.722744
-2.601631	0.694317
-2.597704	0.668127
-2.593777	0.643913
-2.589850	0.621458
-2.585923	0.600604
-2.581996	0.581259
-2.578069	0.563387
-2.574142	0.546991
-2.570215	0.532087
-2.566288	0.518688
-2.562362	0.506779
-2.558435	0.496310
-2.554508	0.487191
-2.550581	0.479288
-2.546654	0.472437
-2.542727	0.466452
-2.538800	0.461152
-2.534873	0.456377
-2.530946	0.452008
-2.527019	0.447984
-2.523092	0.444304
-2.519165	0.441011
-2.515238	0.438182
-2.511311	0.435899
-2.507384	0.434234
-2.503457	0.433232
-2.499530	0.432909
-2.495603	0.433255
-2.491676	0.434251
-2.487749	0.435884
-2.483822	0.438168
-2.479895	0.441154
-2.475968	0.444942
-2.472041	0.449674
-2.468114	0.455520
-2.464187	0.462671
-2.460260	0.471315
-2.456333	0.481624
-2.452406	0.493741
-2.448479	0.507767
-2.444552	0.523745
-2.440625	0.541643
-2.436698	0.561331
-2.432771	0.582561
-2.428844	0.604933
-2.424917	0.627881
-2.420990	0.650660
-2.417063	0.672359
-2.413136	0.691947
-2.409209	0.708357
-2.405282	0.720598
-2.401355	0.727892
-2.397428	0.729785
-2.393501	0.726224
-2.389574	0.717567
-2.385647	0.704521
-2.381720	0.688037
-2.377793	0.669174
-2.373866	0.648986
-2.369939	0.628421
-2.366012	0.608278
-2.362085	0.589180
-2.358158	0.571582
-2.354231	0.555796
-2.350304	0.542019
-2.346377	0.530359
-2.342450	0.520863
-2.338523	0.513540
-2.334596	0.508375
-2.330669	0.505344
-2.326742	0.504420
-2.322815	0.505584
-2.318888	0.508822
-2.314961	0.514131
-2.311034	0.521520
-2.307107	0.531003
-2.303180	0.542601
-2.299253	0.556338
-2.295326	0.572232
-2.291399	0.590292
-2.287472	0.610514
-2.283545	0.632873
-2.279618	0.657328
-2.275691	0.683825
-2.271764	0.712303
-2.267837	0.742714
-2.263910	0.775029
-2.259983	0.809245
-2.256056	0.845373
-2.252129	0.883414
-2.248202	0.923306
-2.244275	0.964875
-2.240348	1.007777
-2.236421	1.051462
-2.232494	1.095167
-2.228567	1.137942
-2.224640	1.178727
-2.220713	1.216453
-2.216786	1.250161
-2.212859	1.279115
-2.208932	1.302875
-2.205005	1.321333
-2.201078	1.334704
-2.197151	1.343478
-2.193224	1.348371
-2.189297	1.350267
-2.185370	1.350172
-2.181443	1.349174
-2.177516	1.348416
-2.173589	1.349057
-2.169662	1.352230
-2.165735	1.358987
-2.161808	1.370250
-2.157881	1.386747
-2.153954	1.408955
-2.150027	1.437044
-2.146100	1.470821
-2.142173	1.509676
-2.138246	1.552527
-2.134320	1.597791
-2.130393	1.643390
-2.126466	1.686819
-2.122539	1.725292
-2.118612	1.755984
-2.114685	1.776335
-2.110758	1.784378
-2.106831	1.779018
-2.102904	1.760195
-2.098977	1.728881
-2.095050	1.686922
-2.091123	1.636762
-2.087196	1.581121
-2.083269	1.522694
-2.079342	1.463922
-2.075415	1.406862
-2.071488	1.353135
-2.067561	1.303939
-2.063634	1.260110
-2.059707	1.222189
-2.055780	1.190497
-2.051853	1.165209
-2.047926	1.146400
-2.043999	1.134093
-2.040072	1.128292
-2.036145	1.128996
-2.032218	1.136214
-2.028291	1.149965
-2.024364	1.170268
-2.020437	1.197129
-2.016510	1.230508
-2.012583	1.270282
-2.008656	1.316187
-2.004729	1.367756
-2.000802	1.424239
-1.996875	1.484521
-1.992948	1.547059
-1.989021	1.609844
-1.985094	1.670430
-1.981167	1.726048
-1.977240	1.773833
-1.973313	1.811132
-1.969386	1.835864
-1.965459	1.846850
-1.961532	1.844016
-1.957605	1.828424
-1.953678	1.802106
-1.949751	1.767768
-1.945824	1.728419
-1.941897	1.687042
-1.937970	1.646324
-1.934043	1.608502
-1.930116	1.575290
-1.926189	1.547870
-1.922262	1.526918
-1.918335	1.512647
-1.914408	1.504835
-1.910481	1.502859
-1.906554	1.505723
-1.902627	1.512092
-1.898700	1.520359
-1.894773	1.528738
-1.890846	1.535407
-1.886919	1.538667
-1.882992	1.537109
-1.879065	1.529753
-1.875138	1.516134
-1.871211	1.496319
-1.867284	1.470868
-1.863357	1.440736
-1.859430	1.407155
-1.855503	1.371491
-1.851576	1.335116
-1.847649	1.299287
-1.843722	1.265061
-1.839795	1.233229
-1.835868	1.204303
-1.831941	1.178518
-1.828014	1.155877
-1.824087	1.136193
-1.820160	1.119162
-1.816233	1.104417
-1.812306	1.091582
-1.808379	1.080310
-1.804452	1.070306
-1.800525	1.061333
-1.796598	1.053210
-1.792671	1.045804
-1.788744	1.039021
-1.784817	1.032792
-1.780890	1.027068
-1.776963	1.021811
-1.773036	1.016992
-1.769109	1.012586
-1.765182	1.008573
-1.761255	1.004932
-1.757328	1.001646
-1.753401	0.998699
-1.749474	0.996075
-1.745547	0.993760
-1.741620	0.991740
-1.737693	0.990005
-1.733766	0.988543
-1.729839	0.987345
-1.725912	0.986402
-1.721985	0.985708
-1.718058	0.985256
-1.714131	0.985040
-1.710205	0.985057
-1.706278	0.985303
-1.702351	0.985775
-1.698424	0.986471
-1.694497	0.987390
-1.690570	0.988530
-1.686643	0.989892
-1.682716	0.991473
-1.678789	0.993273
-1.674862	0.995289
-1.670935	0.997521
-1.667008	0.999963
-1.663081	1.002610
-1.659154	1.005454
-1.655227	1.008483
-1.651300	1.011679
-1.647373	1.015021
-1.643446	1.018478
-1.639519	1.022010
-1.635592	1.025566
-1.631665	1.029081
-1.627738	1.032470
-1.623811	1.035632
-1.619884	1.038445
-1.615957	1.040762
-1.612030	1.042417
-1.608103	1.043232
-1.604176	1.043020
-1.600249	1.041610
-1.596322	1.038866
-1.592395	1.034721
-1.588468	1.029211
-1.584541	1.022506
-1.580614	1.014931
-1.576687	1.006971
-1.572760	0.999253
-1.568833	0.992506
-1.564906	0.987503
-1.560979	0.985009
-1.557052	0.985723
-1.553125	0.990234
-1.549198	0.998996
-1.545271	1.012293
-1.541344	1.030223
-1.537417	1.052670
-1.533490	1.079268
-1.529563	1.109364
-1.525636	1.141988
-1.521709	1.175823
-1.517782	1.209224
-1.513855	1.240268
-1.509928	1.266881
-1.506001	1.287015
-1.502074	1.298863
-1.498147	1.301088
-1.494220	1.292993
-1.490293	1.274610
-1.486366	1.246685
-1.482439	1.210557
-1.478512	1.167967
-1.474585	1.120844
-1.470658	1.071100
-1.466731	1.020474
-1.462804	0.970432
-1.458877	0.922126
-1.454950	0.876401
-1.451023	0.833825
-1.447096	0.794744
-1.443169	0.759324
-1.439242	0.727610
-1.435315	0.699559
-1.431388	0.675076
-1.427461	0.654038
-1.423534	0.636311
-1.419607	0.621758
-1.415680	0.610253
-1.411753	0.601674
-1.407826	0.595912
-1.403899	0.592859
-1.399972	0.592406
-1.396045	0.594435
-1.392118	0.598804
-1.388191	0.605339
-1.384264	0.613822
-1.380337	0.623982
-1.376410	0.635495
-1.372483	0.647987
-1.368556	0.661057
-1.364629	0.674294
-1.360702	0.687316
-1.356775	0.699794
-1.352848	0.711477
-1.348921	0.722201
-1.344994	0.731890
-1.341067	0.740541
-1.337140	0.748207
-1.333213	0.754979
-1.329286	0.760968
-1.325359	0.766293
-1.321432	0.771067
-1.317505	0.775395
-1.313578	0.779373
-1.309651	0.783080
-1.305724	0.786585
-1.301797	0.789946
-1.297870	0.793209
-1.293943	0.796412
-1.290016	0.799588
-1.286089	0.802762
-1.282163	0.805954
-1.278236	0.809183
-1.274309	0.812461
-1.270382	0.815801
-1.266455	0.819213
-1.262528	0.822704
-1.258601	0.826283
-1.254674	0.829954
-1.250747	0.833724
-1.246820	0.837599
-1.242893	0.841582
-1.238966	0.845679
-1.235039	0.849894
-1.231112	0.854232
-1.227185	0.858697
-1.223258	0.863294
-1.219331	0.868028
-1.215404	0.872903
-1.211477	0.877925
-1.207550	0.883099
-1.203623	0.888431
-1.199696	0.893926
-1.195769	0.899590
-1.191842	0.905431
-1.187915	0.911454
-1.183988	0.917666
-1.180061	0.924075
-1.176134	0.930689
-1.172207	0.937516
-1.168280	0.944564
-1.164353	0.951841
-1.160426	0.959358
-1.156499	0.967123
-1.152572	0.975146
-1.148645	0.983438
-1.144718	0.992008
-1.140791	1.000866
-1.136864	1.010024
-1.132937	1.019492
-1.129010	1.029279
-1.125083	1.039395
-1.121156	1.049850
-1.117229	1.060652
-1.113302	1.071806
-1.109375	1.083316
-1.105448	1.095185
-1.101521	1.107410
-1.097594	1.119984
-1.093667	1.132893
-1.089740	1.146114
-1.085813	1.159617
-1.081886	1.173354
-1.077959	1.187263
-1.074032	1.201260
-1.070105	1.215233
-1.066178	1.229041
-1.062251	1.242498
-1.058324	1.255373
-1.054397	1.267376
-1.050470	1.278152
-1.046543	1.287270
-1.042616	1.294223
-1.038689	1.298423
-1.034762	1.299213
-1.030835	1.295892
-1.026908	1.287751
-1.022981	1.274132
-1.019054	1.254504
-1.015127	1.228546
-1.011200	1.196220
-1.007273	1.157831
-1.003346	1.114029
-0.999419	1.065772
-0.995492	1.014237
-0.991565	0.960701
-0.987638	0.906418
-0.983711	0.852523
-0.979784	0.799958
-0.975857	0.749447
-0.971930	0.701494
-0.968003	0.656409
-0.964076	0.614338
-0.960149	0.575304
-0.956222	0.539238
-0.952295	0.506013
-0.948368	0.475463
-0.944441	0.447403
-0.940514	0.421640
-0.936587	0.397984
-0.932660	0.376251
-0.928733	0.356269
-0.924806	0.337878
-0.920879	0.320930
-0.916952	0.305290
-0.913025	0.290837
-0.909098	0.277461
-0.905171	0.265062
-0.901244	0.253552
-0.897317	0.242850
-0.893390	0.232883
-0.889463	0.223588
-0.885536	0.214906
-0.881609	0.206785
-0.877682	0.199177
-0.873755	0.192040
-0.869828	0.185337
-0.865901	0.179031
-0.861974	0.173093
-0.858047	0.167493
-0.854121	0.162206
-0.850194	0.157209
-0.846267	0.152480
-0.842340	0.148000
-0.838413	0.143752
-0.834486	0.139719
-0.830559	0.135887
-0.826632	0.132242
-0.822705	0.128771
-0.818778	0.125464
-0.814851	0.122310
-0.810924	0.119300
-0.806997	0.116423
-0.803070	0.113673
-0.799143	0.111042
-0.795216	0.108522
-0.791289	0.106108
-0.787362	0.103793
-0.783435	0.101571
-0.779508	0.099438
-0.775581	0.097388
-0.771654	0.095418
-0.767727	0.093522
-0.763800	0.091698
-0.759873	0.089940
-0.755946	0.088247
-0.752019	0.086614
-0.748092	0.085039
-0.744165	0.083519
-0.740238	0.082052
-0.736311	0.080634
-0.732384	0.079263
-0.728457	0.077938
-0.724530	0.076656
-0.720603	0.075415
-0.716676	0.074214
-0.712749	0.073050
-0.708822	0.071923
-0.704895	0.070830
-0.700968	0.069770
-0.697041	0.068742
-0.693114	0.067744
-0.689187	0.066776
-0.685260	0.065835
-0.681333	0.064921
-0.677406	0.064034
-0.673479	0.063171
-0.669552	0.062331
-0.665625	0.061515
-0.661698	0.060721
-0.657771	0.059948
-0.653844	0.059196
-0.649917	0.058464
-0.645990	0.057750
-0.642063	0.057055
-0.638136	0.056378
-0.634209	0.055718
-0.630282	0.055074
-0.626355	0.054447
-0.622428	0.053834
-0.618501	0.053237
-0.614574	0.052654
-0.610647	0.052086
-0.606720	0.051530
-0.602793	0.050988
-0.598866	0.050458
-0.594939	0.049941
-0.591012	0.049436
-0.587085	0.048942
-0.583158	0.048459
-0.579231	0.047987
-0.575304	0.047526
-0.571377	0.047075
-0.567450	0.046634
-0.563523	0.046202
-0.559596	0.045780
-0.555669	0.045367
-0.551742	0.044963
-0.547815	0.044567
-0.543888	0.044180
-0.539961	0.043801
-0.536034	0.043430
-0.532107	0.043066
-0.528180	0.042710
-0.524253	0.042361
-0.520326	0.042020
-0.516399	0.041685
-0.512472	0.041357
-0.508545	0.041035
-0.504618	0.040720
-0.500691	0.040412
-0.496764	0.040109
-0.492837	0.039812
-0.488910	0.039521
-0.484983	0.039236
-0.481056	0.038956
-0.477129	0.038682
-0.473202	0.038413
-0.469275	0.038149
-0.465348	0.037890
-0.461421	0.037636
-0.457494	0.037387
-0.453567	0.037142
-0.449640	0.036903
-0.445713	0.036667
-0.441786	0.036436
-0.437859	0.036210
-0.433932	0.035987
-0.430005	0.035769
-0.426079	0.035555
-0.422152	0.035344
-0.418225	0.035138
-0.414298	0.034935
-0.410371	0.034736
-0.406444	0.034541
-0.402517	0.034349
-0.398590	0.034161
-0.394663	0.033976
-0.390736	0.033795
-0.386809	0.033617
-0.382882	0.033442
-0.378955	0.033270
-0.375028	0.033102
-0.371101	0.032936
-0.367174	0.032774
-0.363247	0.032614
-0.359320	0.032457
-0.355393	0.032304
-0.351466	0.032153
-0.347539	0.032004
-0.343612	0.031859
-0.339685	0.031716
-0.335758	0.031576
-0.331831	0.031438
-0.327904	0.031303
-0.323977	0.031170
-0.320050	0.031040
-0.316123	0.030912
-0.312196	0.030787
-0.308269	0.030664
-0.304342	0.030543
-0.300415	0.030425
-0.296488	0.030309
-0.292561	0.030194
-0.288634	0.030083
-0.284707	0.029973
-0.280780	0.029865
-0.276853	0.029760
-0.272926	0.029656
-0.268999	0.029555
-0.265072	0.029455
-0.261145	0.029358
-0.257218	0.029262
-0.253291	0.029168
-0.249364	0.029076
-0.245437	0.028987
-0.241510	0.028898
-0.237583	0.028812
-0.233656	0.028728
-0.229729	0.028645
-0.225802	0.028564
-0.221875	0.028485
-0.217948	0.028407
-0.214021	0.028332
-0.210094	0.028258
-0.206167	0.028185
-0.202240	0.028114
-0.198313	0.028045
-0.194386	0.027978
-0.190459	0.027912
-0.186532	0.027847
-0.182605	0.027784
-0.178678	0.027723
-0.174751	0.027663
-0.170824	0.027605
-0.166897	0.027548
-0.162970	0.027493
-0.159043	0.027439
-0.155116	0.027387
-0.151189	0.027336
-0.147262	0.027287
-0.143335	0.027239
-0.139408	0.027192
-0.135481	0.027147
-0.131554	0.027103
-0.127627	0.027061
-0.123700	0.027020
-0.119773	0.026980
-0.115846	0.026942
-0.111919	0.026905
-0.107992	0.026870
-0.104065	0.026835
-0.100138	0.026803
-0.096211	0.026771
-0.092284	0.026741
-0.088357	0.026712
-0.084430	0.026684
-0.080503	0.026658
-0.076576	0.026633
-0.072649	0.026609
-0.068722	0.026587
-0.064795	0.026565
-0.060868	0.026545
-0.056941	0.026527
-0.053014	0.026509
-0.049087	0.026493
-0.045160	0.026478
-0.041233	0.026465
-0.037306	0.026452
-0.033379	0.026441
-0.029452	0.026431
-0.025525	0.026423
-0.021598	0.026415
-0.017671	0.026409
-0.013744	0.026404
-0.009817	0.026400
-0.005890	0.026398
-0.001963	0.026397
0.001963	0.026397
0.005890	0.026398
0.009817	0.026400
0.013744	0.026404
0.017671	0.026409
0.021598	0.026415
0.025525	0.026423
0.029452	0.026431
0.033379	0.026441
0.037306	0.026452
0.041233	0.026465
0.045160	0.026479
0.049087	0.026493
0.053014	0.026510
0.056941	0.026527
0.060868	0.026546
0.064795	0.026566
0.068722	0.026587
0.072649	0.026609
0.076576	0.026633
0.080503	0.026658
0.084430	0.026685
0.088357	0.026712
0.092284	0.026741
0.096211	0.026772
0.100138	0.026803
0.104065	0.026836
0.107992	0.026870
0.111919	0.026906
0.115846	0.026943
0.119773	0.026981
0.123700	0.027021
0.127627	0.027062
0.131554	0.027104
0.135481	0.027148
0.139408	0.027193
0.143335	0.027240
0.147262	0.027288
0.151189	0.027337
0.155116	0.027388
0.159043	0.027440
0.162970	0.027494
0.166897	0.027549
0.170824	0.027606
0.174751	0.027664
0.178678	0.027724
0.182605	0.027786
0.186532	0.027848
0.190459	0.027913
0.194386	0.027979
0.198313	0.028046
0.202240	0.028116
0.206167	0.028186
0.210094	0.028259
0.214021	0.028333
0.217948	0.028409
0.221875	0.028486
0.225802	0.028566
0.229729	0.028647
0.233656	0.028729
0.237583	0.028814
0.241510	0.028900
0.245437	0.028988
0.249364	0.029078
0.253291	0.029170
0.257218	0.029264
0.261145	0.029359
0.265072	0.029457
0.268999	0.029557
0.272926	0.029658
0.276853	0.029762
0.280780	0.029867
0.284707	0.029975
0.288634	0.030085
0.292561	0.030197
0.296488	0.030311
0.300415	0.030427
0.304342	0.030546
0.308269	0.030667
0.312196	0.030790
0.316123	0.030915
0.320050	0.031043
0.323977	0.031173
0.327904	0.031306
0.331831	0.031441
0.335758	0.031579
0.339685	0.031719
0.343612	0.031862
0.347539	0.032008
0.351466	0.032156
0.355393	0.032307
0.359320	0.032461
0.363247	0.032618
0.367174	0.032777
0.371101	0.032940
0.375028	0.033105
0.378955	0.033274
0.382882	0.033446
0.386809	0.033621
0.390736	0.033799
0.394663	0.033980
0.398590	0.034165
0.402517	0.034354
0.406444	0.034545
0.410371	0.034741
0.414298	0.034940
0.418225	0.035143
0.422152	0.035349
0.426079	0.035560
0.430005	0.035774
0.433932	0.035992
0.437859	0.036215
0.441786	0.036442
0.445713	0.036673
0.449640	0.036908
0.453567	0.037148
0.457494	0.037393
0.461421	0.037642
0.465348	0.037896
0.469275	0.038155
0.473202	0.038419
0.477129	0.038689
0.481056	0.038963
0.484983	0.039243
0.488910	0.039529
0.492837	0.039820
0.496764	0.040117
0.500691	0.040419
0.504618	0.040728
0.508545	0.041044
0.512472	0.041365
0.516399	0.041694
0.520326	0.042029
0.524253	0.042370
0.528180	0.042720
0.532107	0.043076
0.536034	0.043440
0.539961	0.043811
0.543888	0.044191
0.547815	0.044578
0.551742	0.044974
0.555669	0.045379
0.559596	0.045792
0.563523	0.046215
0.567450	0.046646
0.571377	0.047088
0.575304	0.047539
0.579231	0.048001
0.583158	0.048473
0.587085	0.048956
0.591012	0.049451
0.594939	0.049957
0.598866	0.050474
0.602793	0.051004
0.606720	0.051547
0.610647	0.052103
0.614574	0.052672
0.618501	0.053256
0.622428	0.053853
0.626355	0.054466
0.630282	0.055095
0.634209	0.055739
0.638136	0.056400
0.642063	0.057078
0.645990	0.057773
0.649917	0.058488
0.653844	0.059221
0.657771	0.059974
0.661698	0.060748
0.665625	0.061542
0.669552	0.062360
0.673479	0.063200
0.677406	0.064064
0.681333	0.064953
0.685260	0.065868
0.689187	0.066809
0.693114	0.067779
0.697041	0.068778
0.700968	0.069808
0.704895	0.070869
0.708822	0.071963
0.712749	0.073093
0.716676	0.074258
0.720603	0.075461
0.724530	0.076703
0.728457	0.077987
0.732384	0.079315
0.736311	0.080687
0.740238	0.082108
0.744165	0.083578
0.748092	0.085100
0.752019	0.086678
0.755946	0.088313
0.759873	0.090010
0.763800	0.091770
0.767727	0.093598
0.771654	0.095497
0.775581	0.097472
0.779508	0.099525
0.783435	0.101663
0.787362	0.103889
0.791289	0.106209
0.795216	0.108629
0.799143	0.111154
0.803070	0.113791
0.806997	0.116547
0.810924	0.119430
0.814851	0.122448
0.818778	0.125610
0.822705	0.128925
0.826632	0.132405
0.830559	0.136059
0.834486	0.139902
0.838413	0.143946
0.842340	0.148206
0.846267	0.152699
0.850194	0.157442
0.854121	0.162454
0.858047	0.167758
0.861974	0.173375
0.865901	0.179333
0.869828	0.185660
0.873755	0.192387
0.877682	0.199549
0.881609	0.207184
0.885536	0.215336
0.889463	0.224052
0.893390	0.233383
0.897317	0.243390
0.901244	0.254137
0.905171	0.265696
0.909098	0.278148
0.913025	0.291584
0.916952	0.306103
0.920879	0.321816
0.924806	0.338845
0.928733	0.357325
0.932660	0.377405
0.936587	0.399246
0.940514	0.423021
0.944441	0.448914
0.948368	0.477116
0.952295	0.507819
0.956222	0.541206
0.960149	0.577442
0.964076	0.616651
0.968003	0.658897
0.971930	0.704149
0.975857	0.752250
0.979784	0.802881
0.983711	0.855522
0.987638	0.909435
0.991565	0.963665
0.995492	1.017066
0.999419	1.068380
1.003346	1.116334
1.007273	1.159764
1.011200	1.197731
1.015127	1.229606
1.019054	1.255111
1.022981	1.274304
1.026908	1.287522
1.030835	1.295308
1.034762	1.298324
1.038689	1.297280
1.042616	1.292876
1.046543	1.285762
1.050470	1.276521
1.054397	1.265655
1.058324	1.253590
1.062251	1.240675
1.066178	1.227196
1.070105	1.213380
1.074032	1.199409
1.077959	1.185424
1.081886	1.171532
1.085813	1.157818
1.089740	1.144341
1.093667	1.131148
1.097594	1.118269
1.101521	1.105726
1.105448	1.093532
1.109375	1.081694
1.113302	1.070215
1.117229	1.059092
1.121156	1.048320
1.125083	1.037895
1.129010	1.027806
1.132937	1.018047
1.136864	1.008606
1.140791	0.999474
1.144718	0.990640
1.148645	0.982094
1.152572	0.973826
1.156499	0.965825
1.160426	0.958081
1.164353	0.950585
1.168280	0.943327
1.172207	0.936299
1.176134	0.929490
1.180061	0.922894
1.183988	0.916501
1.187915	0.910305
1.191842	0.904298
1.195769	0.898473
1.199696	0.892823
1.203623	0.887342
1.207550	0.882023
1.211477	0.876862
1.215404	0.871853
1.219331	0.866990
1.223258	0.862268
1.227185	0.857682
1.231112	0.853228
1.235039	0.848901
1.238966	0.844696
1.242893	0.840610
1.246820	0.836637
1.250747	0.832773
1.254674	0.829013
1.258601	0.825352
1.262528	0.821784
1.266455	0.818304
1.270382	0.814904
1.274309	0.811577
1.278236	0.808312
1.282163	0.805099
1.286089	0.801923
1.290016	0.798769
1.293943	0.795617
1.297870	0.792440
1.301797	0.789210
1.305724	0.785889
1.309651	0.782430
1.313578	0.778780
1.317505	0.774870
1.321432	0.770624
1.325359	0.765948
1.329286	0.760740
1.333213	0.754886
1.337140	0.748270
1.341067	0.740779
1.344994	0.732320
1.348921	0.722832
1.352848	0.712310
1.356775	0.700819
1.360702	0.688511
1.364629	0.675625
1.368556	0.662478
1.372483	0.649448
1.376410	0.636942
1.380337	0.625363
1.384264	0.615092
1.388191	0.606458
1.392118	0.599741
1.396045	0.595166
1.399972	0.592914
1.403899	0.593130
1.407826	0.595936
1.411753	0.601443
1.415680	0.609757
1.419607	0.620990
1.423534	0.635259
1.427461	0.652691
1.431388	0.673418
1.435315	0.697574
1.439242	0.725278
1.443169	0.756625
1.447096	0.791654
1.451023	0.830323
1.454950	0.872467
1.458877	0.917748
1.462804	0.965611
1.466731	1.015230
1.470658	1.065484
1.474585	1.114947
1.478512	1.161929
1.482439	1.204573
1.486366	1.240997
1.490293	1.269490
1.494220	1.288715
1.498147	1.297890
1.502074	1.296909
1.506001	1.286374
1.509928	1.267519
1.513855	1.242057
1.517782	1.211973
1.521709	1.179309
1.525636	1.145984
1.529563	1.113666
1.533490	1.083702
1.537417	1.057103
1.541344	1.034558
1.545271	1.016463
1.549198	1.002962
1.553125	0.993975
1.557052	0.989230
1.560979	0.988284
1.564906	0.990551
1.568833	0.995333
1.572760	1.001869
1.576687	1.009381
1.580614	1.017142
1.584541	1.024524
1.588468	1.031041
1.592395	1.036368
1.596322	1.040334
1.600249	1.042905
1.604176	1.044148
1.608103	1.044199
1.612030	1.043230
1.615957	1.041428
1.619884	1.038971
1.623811	1.036027
1.627738	1.032741
1.631665	1.029234
1.635592	1.025611
1.639519	1.021952
1.643446	1.018325
1.647373	1.014779
1.651300	1.011355
1.655227	1.008083
1.659154	1.004985
1.663081	1.002077
1.667008	0.999372
1.670935	0.996877
1.674862	0.994599
1.678789	0.992540
1.682716	0.990704
1.686643	0.989091
1.690570	0.987704
1.694497	0.986542
1.698424	0.985607
1.702351	0.984900
1.706278	0.984422
1.710205	0.984176
1.714131	0.984164
1.718058	0.984390
1.721985	0.984859
1.725912	0.985574
1.729839	0.986544
1.733766	0.987774
1.737693	0.989274
1.741620	0.991053
1.745547	0.993120
1.749474	0.995488
1.753401	0.998169
1.757328	1.001177
1.761255	1.004525
1.765182	1.008228
1.769109	1.012304
1.773036	1.016768
1.776963	1.021639
1.780890	1.026938
1.784817	1.032692
1.788744	1.038933
1.792671	1.045707
1.796598	1.053081
1.800525	1.061147
1.804452	1.070039
1.808379	1.079941
1.812306	1.091097
1.816233	1.103813
1.820160	1.118447
1.824087	1.135390
1.828014	1.155020
1.831941	1.177656
1.835868	1.203491
1.839795	1.232535
1.843722	1.264557
1.847649	1.299053
1.851576	1.335236
1.855503	1.372057
1.859430	1.408260
1.863357	1.442473
1.867284	1.473320
1.871211	1.499557
1.875138	1.520209
1.879065	1.534687
1.882992	1.542892
1.886919	1.545260
1.890846	1.542743
1.894773	1.536732
1.898700	1.528918
1.902627	1.521127
1.906554	1.515150
1.910481	1.512608
1.914408	1.514845
1.918335	1.522863
1.922262	1.537282
1.926189	1.558304
1.930116	1.585689
1.934043	1.618717
1.937970	1.656153
1.941897	1.696226
1.945824	1.736649
1.949751	1.774697
1.953678	1.807390
1.957605	1.831757
1.961532	1.845183
1.965459	1.845767
1.969386	1.832598
1.973313	1.805899
1.977240	1.766969
1.981167	1.717964
1.985094	1.661561
1.989021	1.600607
1.992948	1.537818
1.996875	1.475576
2.000802	1.415818
2.004729	1.360024
2.008656	1.309254
2.012583	1.264215
2.016510	1.225344
2.020437	1.192884
2.024364	1.166944
2.028291	1.147558
2.032218	1.134718
2.036145	1.128406
2.040072	1.128603
2.043999	1.135303
2.047926	1.148507
2.051853	1.168211
2.055780	1.194387
2.059707	1.226945
2.063634	1.265697
2.067561	1.310292
2.071488	1.360152
2.075415	1.414393
2.079342	1.471758
2.083269	1.530565
2.087196	1.588696
2.091123	1.643660
2.095050	1.692739
2.098977	1.733229
2.102904	1.762741
2.106831	1.779525
2.110758	1.782731
2.114685	1.772552
2.118612	1.750200
2.122539	1.717731
2.126466	1.677753
2.130393	1.633105
2.134320	1.586554
2.138246	1.540568
2.142173	1.497181
2.146100	1.457933
2.150027	1.423872
2.153954	1.395588
2.157881	1.373265
2.161808	1.356737
2.165735	1.345537
2.169662	1.338959
2.173589	1.336102
2.177516	1.335934
2.181443	1.337340
2.185370	1.339177
2.189297	1.340313
2.193224	1.339660
2.197151	1.336209
2.201078	1.329058
2.205005	1.317458
2.208932	1.300864
2.212859	1.278991
2.216786	1.251860
2.220713	1.219820
2.224640	1.183531
2.228567	1.143891
2.232494	1.101940
2.236421	1.058743
2.240348	1.015275
2.244275	0.972348
2.248202	0.930566
2.252129	0.890330
2.256056	0.851867
2.259983	0.815279
2.263910	0.780603
2.267837	0.747850
2.271764	0.717042
2.275691	0.688215
2.279618	0.661424
2.283545	0.636729
2.287472	0.614182
2.291399	0.593823
2.295326	0.575670
2.299253	0.559727
2.303180	0.545981
2.307107	0.534411
2.311034	0.524992
2.314961	0.517704
2.318888	0.512529
2.322815	0.509461
2.326742	0.508503
2.330669	0.509665
2.334596	0.512970
2.338523	0.518440
2.342450	0.526097
2.346377	0.535948
2.350304	0.547975
2.354231	0.562117
2.358158	0.578243
2.362085	0.596130
2.366012	0.615430
2.369939	0.635646
2.373866	0.656109
2.377793	0.675978
2.381720	0.694269
2.385647	0.709915
2.389574	0.721868
2.393501	0.729224
2.397428	0.731351
2.401355	0.727986
2.405282	0.719282
2.409209	0.705781
2.413136	0.688325
2.417063	0.667935
2.420990	0.645680
2.424917	0.622570
2.428844	0.599480
2.432771	0.577114
2.436698	0.555998
2.440625	0.536495
2.444552	0.518827
2.448479	0.503101
2.452406	0.489337
2.456333	0.477481
2.460260	0.467430
2.464187	0.459040
2.468114	0.452138
2.472041	0.446538
2.475968	0.442051
2.479895	0.438503
2.483822	0.435750
2.487749	0.433689
2.491676	0.432262
2.495603	0.431452
2.499530	0.431270
2.503457	0.431737
2.507384	0.432863
2.511311	0.434638
2.515238	0.437021
2.519165	0.439944
2.523092	0.443325
2.527019	0.447088
2.530946	0.451184
2.534873	0.455613
2.538800	0.460430
2.542727	0.465749
2.546654	0.471728
2.550581	0.478553
2.554508	0.486413
2.558435	0.495481
2.562362	0.505901
2.566288	0.517778
2.570215	0.531178
2.574142	0.546131
2.578069	0.562645
2.581996	0.580720
2.585923	0.600370
2.589850	0.621643
2.593777	0.644642
2.597704	0.669524
2.601631	0.696504
2.605558	0.725836
2.609485	0.757779
2.613412	0.792570
2.617339	0.830380
2.621266	0.871274
2.625193	0.915188
2.629120	0.961897
2.633047	1.011008
2.636974	1.061956
2.640901	1.114025
2.644828	1.166358
2.648755	1.217983
2.652682	1.267828
2.656609	1.314734
2.660536	1.357472
2.664463	1.394785
2.668390	1.425467
2.672317	1.448485
2.676244	1.463125
2.680171	1.469133
2.684098	1.466793
2.688025	1.456927
2.691952	1.440794
2.695879	1.419926
2.699806	1.395934
2.703733	1.370320
2.707660	1.344339
2.711587	1.318919
2.715514	1.294641
2.719441	1.271773
2.723368	1.250321
2.727295	1.230099
2.731222	1.210809
2.735149	1.192117
2.739076	1.173724
2.743003	1.155417
2.746930	1.137081
2.750857	1.118687
2.754784	1.100259
2.758711	1.081838
2.762638	1.063436
2.766565	1.045015
2.770492	1.026461
2.774419	1.007590
2.778346	0.988156
2.782273	0.967874
2.786200	0.946459
2.790127	0.923660
2.794054	0.899300
2.797981	0.873302
2.801908	0.845712
2.805835	0.816700
2.809762	0.786556
2.813689	0.755659
2.817616	0.724454
2.821543	0.693399
2.825470	0.662931
2.829397	0.633427
2.833324	0.605178
2.837251	0.578371
2.841178	0.553095
2.845105	0.529352
2.849032	0.507076
2.852959	0.486163
2.856886	0.466494
2.860813	0.447963
2.864740	0.430484
2.868667	0.414004
2.872594	0.398495
2.876521	0.383951
2.880448	0.370377
2.884375	0.357778
2.888302	0.346160
2.892229	0.335516
2.896156	0.325835
2.900083	0.317095
2.904010	0.309268
2.907937	0.302322
2.911864	0.296221
2.915791	0.290931
2.919718	0.286417
2.923645	0.282649
2.927572	0.279605
2.931499	0.277268
2.935426	0.275630
2.939353	0.274691
2.943280	0.274458
2.947207	0.274946
2.951134	0.276174
2.955061	0.278165
2.958988	0.280945
2.962915	0.284539
2.966842	0.288974
2.970769	0.294275
2.974696	0.300466
2.978623	0.307566
2.982550	0.315590
2.986477	0.324548
2.990404	0.334441
2.994330	0.345265
2.998257	0.357004
3.002184	0.369633
3.006111	0.383120
3.010038	0.397416
3.013965	0.412465
3.017892	0.428200
3.021819	0.444547
3.025746	0.461426
3.029673	0.478760
3.033600	0.496478
3.037527	0.514514
3.041454	0.532805
3.045381	0.551284
3.049308	0.569866
3.053235	0.588449
3.057162	0.606913
3.061089	0.625129
3.065016	0.642963
3.068943	0.660282
3.072870	0.676932
3.076797	0.692718
3.080724	0.707373
3.084651	0.720530
3.088578	0.731709
3.092505	0.740335
3.096432	0.745769
3.100359	0.747386
3.104286	0.744664
3.108213	0.737280
3.112140	0.725191
3.116067	0.708673
3.119994	0.688301
3.123921	0.664877
3.127848	0.639329
3.131775	0.612595
3.135702	0.585539
3.139629	0.558891
3.143556	0.533221
3.147483	0.508950
3.151410	0.486358
3.155337	0.465619
3.159264	0.446820
3.163191	0.429986
3.167118	0.415097
3.171045	0.402098
3.174972	0.390911
3.178899	0.381439
3.182826	0.373573
3.186753	0.367192
3.190680	0.362171
3.194607	0.358381
3.198534	0.355697
3.202461	0.354003
3.206388	0.353198
3.210315	0.353210
3.214242	0.353992
3.218169	0.355534
3.222096	0.357858
3.226023	0.361016
3.229950	0.365079
3.233877	0.370133
3.237804	0.376265
3.241731	0.383560
3.245658	0.392091
3.249585	0.401919
3.253512	0.413080
3.257439	0.425583
3.261366	0.439392
3.265293	0.454418
3.269220	0.470505
3.273147	0.487426
3.277074	0.504888
3.281001	0.522548
3.284928	0.540044
3.288855	0.557037
3.292782	0.573257
3.296709	0.588537
3.300636	0.602828
3.304563	0.616201
3.308490	0.628816
3.312417	0.640894
3.316344	0.652675
3.320271	0.664387
3.324198	0.676225
3.328125	0.688335
3.332052	0.700801
3.335979	0.713651
3.339906	0.726861
3.343833	0.740375
3.347760	0.754123
3.351687	0.768035
3.355614	0.782035
3.359541	0.796026
3.363468	0.809864
3.367395	0.823357
3.371322	0.836276
3.375249	0.848391
3.379176	0.859503
3.383103	0.869467
3.387030	0.878199
3.390957	0.885660
3.394884	0.891839
3.398811	0.896745
3.402738	0.900406
3.406665	0.902887
3.410592	0.904307
3.414519	0.904843
3.418446	0.904708
3.422372	0.904108
3.426299	0.903193
3.430226	0.902017
3.434153	0.900521
3.438080	0.898548
3.442007	0.895874
3.445934	0.892245
3.449861	0.887400
3.453788	0.881082
3.457715	0.873036
3.461642	0.862996
3.465569	0.850678
3.469496	0.835786
3.473423	0.818035
3.477350	0.797197
3.481277	0.773145
3.485204	0.745913
3.489131	0.715725
3.493058	0.683015
3.496985	0.648400
3.500912	0.612639
3.504839	0.576564
3.508766	0.541011
3.512693	0.506747
3.516620	0.474421
3.520547	0.444524
3.524474	0.417361
3.528401	0.393047
3.532328	0.371519
3.536255	0.352566
3.540182	0.335872
3.544109	0.321072
3.548036	0.307802
3.551963	0.295738
3.555890	0.284622
3.559817	0.274269
3.563744	0.264561
3.567671	0.255426
3.571598	0.246826
3.575525	0.238731
3.579452	0.231115
3.583379	0.223940
3.587306	0.217154
3.591233	0.210694
3.595160	0.204490
3.599087	0.198473
3.603014	0.192593
3.606941	0.186829
3.610868	0.181208
3.614795	0.175809
3.618722	0.170758
3.622649	0.166211
3.626576	0.162327
3.630503	0.159235
3.634430	0.157014
3.638357	0.155684
3.642284	0.155210
3.646211	0.155517
3.650138	0.156513
3.654065	0.158100
3.657992	0.160190
3.661919	0.162710
3.665846	0.165600
3.669773	0.168817
3.673700	0.172327
3.677627	0.176104
3.681554	0.180131
3.685481	0.184393
3.689408	0.188885
3.693335	0.193609
3.697262	0.198579
3.701189	0.203822
3.705116	0.209373
3.709043	0.215270
3.712970	0.221541
3.716897	0.228192
3.720824	0.235183
3.724751	0.242422
3.728678	0.249749
3.732605	0.256942
3.736532	0.263727
3.740459	0.269806
3.744386	0.274892
3.748313	0.278752
3.752240	0.281239
3.756167	0.282317
3.760094	0.282063
3.764021	0.280652
3.767948	0.278325
3.771875	0.275359
3.775802	0.272028
3.779729	0.268582
3.783656	0.265236
3.787583	0.262170
3.791510	0.259532
3.795437	0.257452
3.799364	0.256044
3.803291	0.255417
3.807218	0.255669
3.811145	0.256896
3.815072	0.259187
3.818999	0.262625
3.822926	0.267290
3.826853	0.273263
3.830780	0.280621
3.834707	0.289444
3.838634	0.299815
3.842561	0.311818
3.846488	0.325538
3.850414	0.341051
3.854341	0.358424
3.858268	0.377692
3.862195	0.398845
3.866122	0.421804
3.870049	0.446394
3.873976	0.472311
3.877903	0.499090
3.881830	0.526075
3.885757	0.552409
3.889684	0.577046
3.893611	0.598802
3.897538	0.616464
3.901465	0.628930
3.905392	0.635376
3.909319	0.635382
3.913246	0.629004
3.917173	0.616752
3.921100	0.599496
3.925027	0.578327
3.928954	0.554417
3.932881	0.528894
3.936808	0.502761
3.940735	0.476845
3.944662	0.451791
3.948589	0.428066
3.952516	0.405985
3.956443	0.385740
3.960370	0.367427
3.964297	0.351074
3.968224	0.336662
3.972151	0.324146
3.976078	0.313465
3.980005	0.304549
3.983932	0.297333
3.987859	0.291750
3.991786	0.287740
3.995713	0.285241
3.999640	0.284190
4.003567	0.284513
4.007494	0.286120
4.011421	0.288895
4.015348	0.292686
4.019275	0.297300
4.023202	0.302495
4.027129	0.307982
4.031056	0.313430
4.034983	0.318478
4.038910	0.322758
4.042837	0.325925
4.046764	0.327687
4.050691	0.327839
4.054618	0.326289
4.058545	0.323073
4.062472	0.318348
4.066399	0.312376
4.070326	0.305492
4.074253	0.298061
4.078180	0.290446
4.082107	0.282981
4.086034	0.275953
4.089961	0.269593
4.093888	0.264082
4.097815	0.259551
4.101742	0.256091
4.105669	0.253763
4.109596	0.252601
4.113523	0.252623
4.117450	0.253831
4.121377	0.256211
4.125304	0.259738
4.129231	0.264369
4.133158	0.270042
4.137085	0.276670
4.141012	0.284136
4.144939	0.292281
4.148866	0.300892
4.152793	0.309695
4.156720	0.318351
4.160647	0.326461
4.164574	0.333597
4.168501	0.339341
4.172428	0.343338
4.176355	0.345343
4.180282	0.345254
4.184209	0.343114
4.188136	0.339094
4.192063	0.333458
4.195990	0.326527
4.199917	0.318646
4.203844	0.310162
4.207771	0.301409
4.211698	0.292695
4.215625	0.284293
4.219552	0.276433
4.223479	0.269300
4.227406	0.263038
4.231333	0.257748
4.235260	0.253503
4.239187	0.250353
4.243114	0.248330
4.247041	0.247457
4.250968	0.247752
4.254895	0.249223
4.258822	0.251870
4.262749	0.255686
4.266676	0.260649
4.270603	0.266726
4.274530	0.273866
4.278456	0.282008
4.282383	0.291069
4.286310	0.300947
4.290237	0.311513
4.294164	0.322605
4.298091	0.334022
4.302018	0.345529
4.305945	0.356858
4.309872	0.367729
4.313799	0.377867
4.317726	0.387028
4.321653	0.395011
4.325580	0.401663
4.329507	0.406880
4.333434	0.410589
4.337361	0.412748
4.341288	0.413331
4.345215	0.412346
4.349142	0.409845
4.353069	0.405949
4.356996	0.400860
4.360923	0.394854
4.364850	0.388270
4.368777	0.381475
4.372704	0.374842
4.376631	0.368720
4.380558	0.363420
4.384485	0.359206
4.388412	0.356290
4.392339	0.354820
4.396266	0.354871
4.400193	0.356426
4.404120	0.359368
4.408047	0.363480
4.411974	0.368463
4.415901	0.373965
4.419828	0.379606
4.423755	0.384988
4.427682	0.389700
4.431609	0.393313
4.435536	0.395400
4.439463	0.395577
4.443390	0.393565
4.447317	0.389245
4.451244	0.382681
4.455171	0.374115
4.459098	0.363920
4.463025	0.352541
4.466952	0.340437
4.470879	0.328032
4.474806	0.315686
4.478733	0.303679
4.482660	0.292212
4.486587	0.281417
4.490514	0.271379
4.494441	0.262146
4.498368	0.253750
4.502295	0.246215
4.506222	0.239561
4.510149	0.233809
4.514076	0.228979
4.518003	0.225086
4.521930	0.222144
4.525857	0.220160
4.529784	0.219137
4.533711	0.219071
4.537638	0.219950
4.541565	0.221750
4.545492	0.224436
4.549419	0.227951
4.553346	0.232217
4.557273	0.237130
4.561200	0.242556
4.565127	0.248338
4.569054	0.254301
4.572981	0.260259
4.576908	0.266035
4.580835	0.271463
4.584762	0.276399
4.588689	0.280721
4.592616	0.284327
4.596543	0.287129
4.600470	0.289054
4.604397	0.290051
4.608324	0.290102
4.612251	0.289233
4.616178	0.287517
4.620105	0.285071
4.624032	0.282046
4.627959	0.278608
4.631886	0.274924
4.635813	0.271150
4.639740	0.267422
4.643667	0.263862
4.647594	0.260575
4.651521	0.257665
4.655448	0.255234
4.659375	0.253389
4.663302	0.252242
4.667229	0.251906
4.671156	0.252485
4.675083	0.254074
4.679010	0.256756
4.682937	0.260592
4.686864	0.265629
4.690791	0.271896
4.694718	0.279400
4.698645	0.288124
4.702572	0.298016
4.706498	0.308974
4.710425	0.320831
4.714352	0.333340
4.718279	0.346170
4.722206	0.358918
4.726133	0.371145
4.730060	0.382426
4.733987	0.392403
4.737914	0.400826
4.741841	0.407570
4.745768	0.412629
4.749695	0.416092
4.753622	0.418138
4.757549	0.419027
4.761476	0.419107
4.765403	0.418802
4.769330	0.418565
4.773257	0.418798
4.777184	0.419761
4.781111	0.421521
4.785038	0.423954
4.788965	0.426812
4.792892	0.429812
4.796819	0.432717
4.800746	0.435371
4.804673	0.437704
4.808600	0.439690
4.812527	0.441305
4.816454	0.442484
4.820381	0.443090
4.824308	0.442920
4.828235	0.441716
4.832162	0.439208
4.836089	0.435151
4.840016	0.429373
4.843943	0.421805
4.847870	0.412505
4.851797	0.401656
4.855724	0.389547
4.859651	0.376536
4.863578	0.363009
4.867505	0.349345
4.871432	0.335888
4.875359	0.322930
4.879286	0.310708
4.883213	0.299404
4.887140	0.289149
4.891067	0.280035
4.894994	0.272117
4.898921	0.265425
4.902848	0.259969
4.906775	0.255745
4.910702	0.252737
4.914629	0.250922
4.918556	0.250273
4.922483	0.250754
4.926410	0.252324
4.930337	0.254934
4.934264	0.258525
4.938191	0.263029
4.942118	0.268370
4.946045	0.274469
4.949972	0.281247
4.953899	0.288637
4.957826	0.296593
4.961753	0.305091
4.965680	0.314137
4.969607	0.323769
4.973534	0.334052
4.977461	0.345075
4.981388	0.356939
4.985315	0.369738
4.989242	0.383540
4.993169	0.398351
4.997096	0.414088
5.001023	0.430548
5.004950	0.447389
5.008877	0.464129
5.012804	0.480154
5.016731	0.494768
5.020658	0.507248
5.024585	0.516924
5.028512	0.523249
5.032439	0.525856
5.036366	0.524591
5.040293	0.519506
5.044220	0.510833
5.048147	0.498936
5.052074	0.484270
5.056001	0.467348
5.059928	0.448711
5.063855	0.428915
5.067782	0.408498
5.071709	0.387960
5.075636	0.367736
5.079563	0.348182
5.083490	0.329568
5.087417	0.312088
5.091344	0.295866
5.095271	0.280973
5.099198	0.267434
5.103125	0.255249
5.107052	0.244392
5.110979	0.234826
5.114906	0.226508
5.118833	0.219391
5.122760	0.213432
5.126687	0.208590
5.130614	0.204831
5.134540	0.202125
5.138467	0.200451
5.142394	0.199791
5.146321	0.200131
5.150248	0.201457
5.154175	0.203751
5.158102	0.206985
5.162029	0.211114
5.165956	0.216070
5.169883	0.221749
5.173810	0.228003
5.177737	0.234631
5.181664	0.241380
5.185591	0.247948
5.189518	0.253995
5.193445	0.259174
5.197372	0.263161
5.201299	0.265689
5.205226	0.266573
5.209153	0.265729
5.213080	0.263165
5.217007	0.258973
5.220934	0.253303
5.224861	0.246346
5.228788	0.238318
5.232715	0.229451
5.236642	0.219985
5.240569	0.210156
5.244496	0.200192
5.248423	0.190297
5.252350	0.180647
5.256277	0.171378
5.260204	0.162593
5.264131	0.154359
5.268058	0.146712
5.271985	0.139665
5.275912	0.133216
5.279839	0.127347
5.283766	0.122033
5.287693	0.117247
5.291620	0.112958
5.295547	0.109135
5.299474	0.105750
5.303401	0.102776
5.307328	0.100190
5.311255	0.097970
5.315182	0.096098
5.319109	0.094557
5.323036	0.093335
5.326963	0.092418
5.330890	0.091797
5.334817	0.091459
5.338744	0.091394
5.342671	0.091590
5.346598	0.092034
5.350525	0.092708
5.354452	0.093596
5.358379	0.094680
5.362306	0.095940
5.366233	0.097361
5.370160	0.098928
5.374087	0.100628
5.378014	0.102455
5.381941	0.104399
5.385868	0.106458
5.389795	0.108626
5.393722	0.110903
5.397649	0.113291
5.401576	0.115798
5.405503	0.118431
5.409430	0.121197
5.413357	0.124095
5.417284	0.127110
5.421211	0.130211
5.425138	0.133343
5.429065	0.136431
5.432992	0.139381
5.436919	0.142091
5.440846	0.144459
5.444773	0.146401
5.448700	0.147860
5.452627	0.148824
5.456554	0.149324
5.460481	0.149440
5.464408	0.149288
5.468335	0.149010
5.472262	0.148757
5.476189	0.148669
5.480116	0.148868
5.484043	0.149439
5.487970	0.150427
5.491897	0.151831
5.495824	0.153601
5.499751	0.155642
5.503678	0.157815
5.507605	0.159946
5.511532	0.161839
5.515459	0.163298
5.519386	0.164143
5.523313	0.164231
5.527240	0.163470
5.531167	0.161825
5.535094	0.159314
5.539021	0.155996
5.542948	0.151959
5.546875	0.147308
5.550802	0.142156
5.554729	0.136620
5.558656	0.130819
5.562582	0.124870
5.566509	0.118886
5.570436	0.112972
5.574363	0.107216
5.578290	0.101694
5.582217	0.096459
5.586144	0.091550
5.590071	0.086987
5.593998	0.082778
5.597925	0.078921
5.601852	0.075407
5.605779	0.072220
5.609706	0.069345
5.613633	0.066762
5.617560	0.064454
5.621487	0.062400
5.625414	0.060584
5.629341	0.058985
5.633268	0.057588
5.637195	0.056372
5.641122	0.055319
5.645049	0.054409
5.648976	0.053619
5.652903	0.052926
5.656830	0.052309
5.660757	0.051746
5.664684	0.051220
5.668611	0.050716
5.672538	0.050230
5.676465	0.049763
5.680392	0.049322
5.684319	0.048920
5.688246	0.048570
5.692173	0.048290
5.696100	0.048091
5.700027	0.047983
5.703954	0.047973
5.707881	0.048061
5.711808	0.048243
5.715735	0.048508
5.719662	0.048842
5.723589	0.049228
5.727516	0.049647
5.731443	0.050081
5.735370	0.050514
5.739297	0.050941
5.743224	0.051364
5.747151	0.051794
5.751078	0.052251
5.755005	0.052764
5.758932	0.053361
5.762859	0.054074
5.766786	0.054933
5.770713	0.055961
5.774640	0.057180
5.778567	0.058603
5.782494	0.060238
5.786421	0.062087
5.790348	0.064143
5.794275	0.066391
5.798202	0.068808
5.802129	0.071359
5.806056	0.073997
5.809983	0.076669
5.813910	0.079309
5.817837	0.081851
5.821764	0.084227
5.825691	0.086378
5.829618	0.088255
5.833545	0.089822
5.837472	0.091051
5.841399	0.091919
5.845326	0.092406
5.849253	0.092490
5.853180	0.092151
5.857107	0.091375
5.861034	0.090160
5.864961	0.088521
5.868888	0.086488
5.872815	0.084107
5.876742	0.081437
5.880669	0.078541
5.884596	0.075488
5.888523	0.072341
5.892450	0.069160
5.896377	0.065995
5.900304	0.062889
5.904231	0.059874
5.908158	0.056974
5.912085	0.054206
5.916012	0.051581
5.919939	0.049105
5.923866	0.046779
5.927793	0.044603
5.931720	0.042573
5.935647	0.040684
5.939574	0.038928
5.943501	0.037296
5.947428	0.035778
5.951355	0.034364
5.955282	0.033043
5.959209	0.031805
5.963136	0.030644
5.967063	0.029553
5.970990	0.028528
5.974917	0.027565
5.978844	0.026662
5.982771	0.025816
5.986698	0.025027
5.990624	0.024291
5.994551	0.023607
5.998478	0.022971
6.002405	0.022383
6.006332	0.021839
6.010259	0.021337
6.014186	0.020875
6.018113	0.020450
6.022040	0.020062
6.025967	0.019707
6.029894	0.019385
6.033821	0.019095
6.037748	0.018834
6.041675	0.018602
6.045602	0.018398
6.049529	0.018221
6.053456	0.018069
6.057383	0.017941
6.061310	0.017834
6.065237	0.017747
6.069164	0.017676
6.073091	0.017617
6.077018	0.017568
6.080945	0.017524
6.084872	0.017482
6.088799	0.017440
6.092726	0.017397
6.096653	0.017352
6.100580	0.017306
6.104507	0.017261
6.108434	0.017220
6.112361	0.017183
6.116288	0.017151
6.120215	0.017126
6.124142	0.017106
6.128069	0.017091
6.131996	0.017078
6.135923	0.017064
6.139850	0.017045
6.143777	0.017015
6.147704	0.016970
6.151631	0.016902
6.155558	0.016806
6.159485	0.016676
6.163412	0.016509
6.167339	0.016304
6.171266	0.016064
6.175193	0.015792
6.179120	0.015496
6.183047	0.015184
6.186974	0.014864
6.190901	0.014543
6.194828	0.014227
6.198755	0.013922
6.202682	0.013631
6.206609	0.013357
6.210536	0.013101
6.214463	0.012863
6.218390	0.012644
6.222317	0.012443
6.226244	0.012260
6.230171	0.012094
6.234098	0.011944
6.238025	0.011809
6.241952	0.011690
6.245879	0.011585
6.249806	0.011493
6.253733	0.011416
6.257660	0.011351
6.261587	0.011300
6.265514	0.011262
6.269441	0.011237
6.273368	0.011226
6.277295	0.011230
6.281222	0.011247
6.285149	0.011280
6.289076	0.011328
6.293003	0.011393
6.296930	0.011475
6.300857	0.011574
6.304784	0.011691
6.308711	0.011826
6.312638	0.011978
6.316565	0.012146
6.320492	0.012328
6.324419	0.012521
6.328346	0.012722
6.332273	0.012926
6.336200	0.013127
6.340127	0.013320
6.344054	0.013499
6.347981	0.013659
6.351908	0.013793
6.355835	0.013898
6.359762	0.013969
6.363689	0.014000
6.367616	0.013989
6.371543	0.013932
6.375470	0.013829
6.379397	0.013679
6.383324	0.013488
6.387251	0.013259
6.391178	0.013002
6.395105	0.012725
6.399032	0.012437
6.402959	0.012147
6.406886	0.011862
6.410813	0.011587
6.414739	0.011327
6.418666	0.011085
6.422593	0.010863
6.426520	0.010661
6.430447	0.010480
6.434374	0.010320
6.438301	0.010181
6.442228	0.010061
6.446155	0.009961
6.450082	0.009880
6.454009	0.009817
6.457936	0.009773
6.461863	0.009747
6.465790	0.009739
6.469717	0.009749
6.473644	0.009777
6.477571	0.009822
6.481498	0.009885
6.485425	0.009964
6.489352	0.010059
6.493279	0.010167
6.497206	0.010285
6.501133	0.010410
6.505060	0.010538
6.508987	0.010661
6.512914	0.010774
6.516841	0.010870
6.520768	0.010942
6.524695	0.010983
6.528622	0.010990
6.532549	0.010959
6.536476	0.010890
6.540403	0.010787
6.544330	0.010653
6.548257	0.010494
6.552184	0.010318
6.556111	0.010132
6.560038	0.009940
6.563965	0.009749
6.567892	0.009562
6.571819	0.009381
6.575746	0.009207
6.579673	0.009041
6.583600	0.008882
6.587527	0.008730
6.591454	0.008583
6.595381	0.008441
6.599308	0.008304
6.603235	0.008172
6.607162	0.008046
6.611089	0.007926
6.615016	0.007812
6.618943	0.007706
6.622870	0.007606
6.626797	0.007514
6.630724	0.007429
6.634651	0.007352
6.638578	0.007281
6.642505	0.007218
6.646432	0.007162
6.650359	0.007112
6.654286	0.007068
6.658213	0.007030
6.662140	0.006999
6.666067	0.006974
6.669994	0.006955
6.673921	0.006942
6.677848	0.006935
6.681775	0.006934
6.685702	0.006940
6.689629	0.006953
6.693556	0.006973
6.697483	0.007000
6.701410	0.007035
6.705337	0.007079
6.709264	0.007131
6.713191	0.007191
6.717118	0.007261
6.721045	0.007339
6.724972	0.007426
6.728899	0.007520
6.732826	0.007619
6.736753	0.007723
6.740680	0.007827
6.744607	0.007929
6.748534	0.008023
6.752461	0.008107
6.756388	0.008176
6.760315	0.008227
6.764242	0.008257
6.768169	0.008266
6.772096	0.008254
6.776023	0.008225
6.779950	0.008180
6.783877	0.008124
6.787804	0.008060
6.791731	0.007991
6.795658	0.007920
6.799585	0.007847
6.803512	0.007773
6.807439	0.007698
6.811366	0.007622
6.815293	0.007543
6.819220	0.007462
6.823147	0.007377
6.827074	0.007290
6.831001	0.007200
6.834928	0.007108
6.838855	0.007015
6.842781	0.006922
6.846708	0.006831
6.850635	0.006744
6.854562	0.006660
6.858489	0.006582
6.862416	0.006510
6.866343	0.006444
6.870270	0.006385
6.874197	0.006334
6.878124	0.006289
6.882051	0.006252
6.885978	0.006221
6.889905	0.006198
6.893832	0.006182
6.897759	0.006173
6.901686	0.006171
6.905613	0.006176
6.909540	0.006188
6.913467	0.006208
6.917394	0.006235
6.921321	0.006271
6.925248	0.006314
6.929175	0.006367
6.933102	0.006428
6.937029	0.006499
6.940956	0.006578
6.944883	0.006667
6.948810	0.006765
6.952737	0.006871
6.956664	0.006984
6.960591	0.007103
6.964518	0.007227
6.968445	0.007353
6.972372	0.007479
6.976299	0.007603
6.980226	0.007722
6.984153	0.007835
6.988080	0.007938
6.992007	0.008030
6.995934	0.008108
6.999861	0.008171
7.003788	0.008217
7.007715	0.008246
7.011642	0.008257
7.015569	0.008249
7.019496	0.008222
7.023423	0.008177
7.027350	0.008114
7.031277	0.008035
7.035204	0.007941
7.039131	0.007835
7.043058	0.007718
7.046985	0.007595
7.050912	0.007467
7.054839	0.007337
7.058766	0.007209
7.062693	0.007084
7.066620	0.006964
7.070547	0.006853
7.074474	0.006750
7.078401	0.006657
7.082328	0.006575
7.086255	0.006504
7.090182	0.006445
7.094109	0.006398
7.098036	0.006363
7.101963	0.006339
7.105890	0.006327
7.109817	0.006327
7.113744	0.006339
7.117671	0.006363
7.121598	0.006400
7.125525	0.006449
7.129452	0.006510
7.133379	0.006585
7.137306	0.006673
7.141233	0.006775
7.145160	0.006889
7.149087	0.007016
7.153014	0.007156
7.156941	0.007306
7.160868	0.007466
7.164795	0.007633
7.168722	0.007807
7.172649	0.007983
7.176576	0.008160
7.180503	0.008334
7.184430	0.008503
7.188357	0.008663
7.192284	0.008809
7.196211	0.008938
7.200138	0.009046
7.204065	0.009129
7.207992	0.009183
7.211919	0.009206
7.215846	0.009197
7.219773	0.009156
7.223700	0.009083
7.227627	0.008982
7.231554	0.008854
7.235481	0.008704
7.239408	0.008537
7.243335	0.008355
7.247262	0.008164
7.251189	0.007968
7.255116	0.007771
7.259043	0.007577
7.262970	0.007390
7.266897	0.007211
7.270823	0.007043
7.274750	0.006888
7.278677	0.006746
7.282604	0.006619
7.286531	0.006505
7.290458	0.006406
7.294385	0.006321
7.298312	0.006249
7.302239	0.006190
7.306166	0.006145
7.310093	0.006111
7.314020	0.006090
7.317947	0.006081
7.321874	0.006084
7.325801	0.006099
7.329728	0.006127
7.333655	0.006167
7.337582	0.006220
7.341509	0.006286
7.345436	0.006367
7.349363	0.006462
7.353290	0.006574
7.357217	0.006701
7.361144	0.006845
7.365071	0.007008
7.368998	0.007188
7.372925	0.007387
7.376852	0.007604
7.380779	0.007839
7.384706	0.008090
7.388633	0.008357
7.392560	0.008636
7.396487	0.008924
7.400414	0.009216
7.404341	0.009505
7.408268	0.009784
7.412195	0.010042
7.416122	0.010268
7.420049	0.010450
7.423976	0.010577
7.427903	0.010640
7.431830	0.010635
7.435757	0.010560
7.439684	0.010420
7.443611	0.010221
7.447538	0.009975
7.451465	0.009695
7.455392	0.009392
7.459319	0.009079
7.463246	0.008765
7.467173	0.008458
7.471100	0.008165
7.475027	0.007889
7.478954	0.007634
7.482881	0.007400
7.486808	0.007188
7.490735	0.006998
7.494662	0.006830
7.498589	0.006683
7.502516	0.006555
7.506443	0.006446
7.510370	0.006355
7.514297	0.006282
7.518224	0.006225
7.522151	0.006185
7.526078	0.006161
7.530005	0.006152
7.533932	0.006159
7.537859	0.006181
7.541786	0.006219
7.545713	0.006273
7.549640	0.006343
7.553567	0.006429
7.557494	0.006530
7.561421	0.006647
7.565348	0.006779
7.569275	0.006923
7.573202	0.007079
7.577129	0.007242
7.581056	0.007410
7.584983	0.007579
7.588910	0.007742
7.592837	0.007897
7.596764	0.008037
7.600691	0.008159
7.604618	0.008259
7.608545	0.008335
7.612472	0.008386
7.616399	0.008410
7.620326	0.008410
7.624253	0.008386
7.628180	0.008340
7.632107	0.008275
7.636034	0.008193
7.639961	0.008096
7.643888	0.007984
7.647815	0.007860
7.651742	0.007726
7.655669	0.007584
7.659596	0.007435
7.663523	0.007285
7.667450	0.007134
7.671377	0.006986
7.675304	0.006844
7.679231	0.006707
7.683158	0.006577
7.687085	0.006454
7.691012	0.006337
7.694939	0.006228
7.698865	0.006125
7.702792	0.006029
7.706719	0.005941
7.710646	0.005862
7.714573	0.005791
7.718500	0.005732
7.722427	0.005683
7.726354	0.005646
7.730281	0.005621
7.734208	0.005609
7.738135	0.005610
7.742062	0.005625
7.745989	0.005654
7.749916	0.005698
7.753843	0.005756
7.757770	0.005829
7.761697	0.005918
7.765624	0.006023
7.769551	0.006143
7.773478	0.006278
7.777405	0.006426
7.781332	0.006587
7.785259	0.006756
7.789186	0.006931
7.793113	0.007105
7.797040	0.007274
7.800967	0.007430
7.804894	0.007567
7.808821	0.007680
7.812748	0.007765
7.816675	0.007820
7.820602	0.007847
7.824529	0.007849
7.828456	0.007831
7.832383	0.007798
7.836310	0.007756
7.840237	0.007707
7.844164	0.007655
7.848091	0.007600
7.852018	0.007541
7.855945	0.007478
7.859872	0.007407
7.863799	0.007329
7.867726	0.007243
7.871653	0.007148
7.875580	0.007047
7.879507	0.006942
7.883434	0.006835
7.887361	0.006730
7.891288	0.006627
7.895215	0.006528
7.899142	0.006436
7.903069	0.006349
7.906996	0.006268
7.910923	0.006194
7.914850	0.006125
7.918777	0.006063
7.922704	0.006006
7.926631	0.005955
7.930558	0.005911
7.934485	0.005875
7.938412	0.005846
7.942339	0.005826
7.946266	0.005817
7.950193	0.005820
7.954120	0.005835
7.958047	0.005864
7.961974	0.005907
7.965901	0.005965
7.969828	0.006036
7.973755	0.006120
7.977682	0.006214
7.981609	0.006315
7.985536	0.006421
7.989463	0.006525
7.993390	0.006624
7.997317	0.006711
8.001244	0.006784
8.005171	0.006838
8.009098	0.006873
8.013025	0.006890
8.016952	0.006891
8.020879	0.006880
8.024806	0.006861
8.028733	0.006838
8.032660	0.006814
8.036587	0.006791
8.040514	0.006769
8.044441	0.006748
8.048368	0.006726
8.052295	0.006701
8.056222	0.006672
8.060149	0.006637
8.064076	0.006597
8.068003	0.006550
8.071930	0.006499
8.075857	0.006445
8.079784	0.006390
8.083711	0.006333
8.087638	0.006276
8.091565	0.006218
8.095492	0.006158
8.099419	0.006095
8.103346	0.006027
8.107273	0.005952
8.111200	0.005869
8.115127	0.005778
8.119054	0.005679
8.122981	0.005573
8.126907	0.005460
8.130834	0.005343
8.134761	0.005224
8.138688	0.005105
8.142615	0.004988
8.146542	0.004875
8.150469	0.004769
8.154396	0.004670
8.158323	0.004579
8.162250	0.004498
8.166177	0.004425
8.170104	0.004363
8.174031	0.004310
8.177958	0.004267
8.181885	0.004232
8.185812	0.004207
8.189739	0.004190
8.193666	0.004182
8.197593	0.004180
8.201520	0.004186
8.205447	0.004196
8.209374	0.004211
8.213301	0.004229
8.217228	0.004247
8.221155	0.004265
8.225082	0.004280
8.229009	0.004292
8.232936	0.004299
8.236863	0.004302
8.240790	0.004301
8.244717	0.004297
8.248644	0.004292
8.252571	0.004288
8.256498	0.004287
8.260425	0.004288
8.264352	0.004293
8.268279	0.004303
8.272206	0.004317
8.276133	0.004334
8.280060	0.004353
8.283987	0.004373
8.287914	0.004392
8.291841	0.004410
8.295768	0.004425
8.299695	0.004438
8.303622	0.004449
8.307549	0.004458
8.311476	0.004466
8.315403	0.004472
8.319330	0.004477
8.323257	0.004480
8.327184	0.004481
8.331111	0.004479
8.335038	0.004472
8.338965	0.004460
8.342892	0.004442
8.346819	0.004417
8.350746	0.004384
8.354673	0.004342
8.358600	0.004293
8.362527	0.004236
8.366454	0.004173
8.370381	0.004104
8.374308	0.004033
8.378235	0.003961
8.382162	0.003890
8.386089	0.003822
8.390016	0.003758
8.393943	0.003698
8.397870	0.003645
8.401797	0.003598
8.405724	0.003557
8.409651	0.003523
8.413578	0.003495
8.417505	0.003473
8.421432	0.003458
8.425359	0.003448
8.429286	0.003444
8.433213	0.003444
8.437140	0.003448
8.441067	0.003455
8.444994	0.003464
8.448921	0.003474
8.452848	0.003483
8.456775	0.003492
8.460702	0.003499
8.464629	0.003503
8.468556	0.003506
8.472483	0.003508
8.476410	0.003509
8.480337	0.003511
8.484264	0.003515
8.488191	0.003523
8.492118	0.003535
8.496045	0.003552
8.499972	0.003576
8.503899	0.003605
8.507826	0.003642
8.511753	0.003685
8.515680	0.003734
8.519607	0.003788
8.523534	0.003846
8.527461	0.003907
8.531388	0.003967
8.535315	0.004026
8.539242	0.004081
8.543169	0.004130
8.547096	0.004170
8.551023	0.004200
8.554949	0.004220
8.558876	0.004230
8.562803	0.004230
8.566730	0.004221
8.570657	0.004204
8.574584	0.004181
8.578511	0.004151
8.582438	0.004114
8.586365	0.004071
8.590292	0.004022
8.594219	0.003966
8.598146	0.003903
8.602073	0.003836
8.606000	0.003764
8.609927	0.003690
8.613854	0.003615
8.617781	0.003540
8.621708	0.003467
8.625635	0.003398
8.629562	0.003333
8.633489	0.003272
8.637416	0.003217
8.641343	0.003168
8.645270	0.003124
8.649197	0.003086
8.653124	0.003053
8.657051	0.003025
8.660978	0.003003
8.664905	0.002985
8.668832	0.002971
8.672759	0.002962
8.676686	0.002957
8.680613	0.002955
8.684540	0.002955
8.688467	0.002958
8.692394	0.002963
8.696321	0.002969
8.700248	0.002977
8.704175	0.002985
8.708102	0.002995
8.712029	0.003005
8.715956	0.003018
8.719883	0.003033
8.723810	0.003051
8.727737	0.003073
8.731664	0.003099
8.735591	0.003130
8.739518	0.003166
8.743445	0.003207
8.747372	0.003253
8.751299	0.003303
8.755226	0.003357
8.759153	0.003413
8.763080	0.003469
8.767007	0.003524
8.770934	0.003576
8.774861	0.003621
8.778788	0.003660
8.782715	0.003689
8.786642	0.003707
8.790569	0.003715
8.794496	0.003711
8.798423	0.003696
8.802350	0.003670
8.806277	0.003635
8.810204	0.003590
8.814131	0.003537
8.818058	0.003478
8.821985	0.003414
8.825912	0.003346
8.829839	0.003275
8.833766	0.003205
8.837693	0.003135
8.841620	0.003068
8.845547	0.003004
8.849474	0.002943
8.853401	0.002887
8.857328	0.002836
8.861255	0.002789
8.865182	0.002748
8.869109	0.002710
8.873036	0.002677
8.876963	0.002648
8.880890	0.002624
8.884817	0.002603
8.888744	0.002585
8.892671	0.002572
8.896598	0.002561
8.900525	0.002553
8.904452	0.002549
8.908379	0.002547
8.912306	0.002547
8.916233	0.002549
8.920160	0.002553
8.924087	0.002559
8.928014	0.002565
8.931941	0.002572
8.935868	0.002579
8.939795	0.002586
8.943722	0.002594
8.947649	0.002602
8.951576	0.002612
8.955503	0.002623
8.959430	0.002636
8.963357	0.002652
8.967284	0.002671
8.971211	0.002693
8.975138	0.002720
8.979065	0.002750
8.982991	0.002785
8.986918	0.002823
8.990845	0.002865
8.994772	0.002910
8.998699	0.002957
9.002626	0.003005
9.006553	0.003054
9.010480	0.003102
9.014407	0.003148
9.018334	0.003190
9.022261	0.003229
9.026188	0.003261
9.030115	0.003288
9.034042	0.003306
9.037969	0.003315
9.041896	0.003315
9.045823	0.003305
9.049750	0.003286
9.053677	0.003256
9.057604	0.003219
9.061531	0.003174
9.065458	0.003124
9.069385	0.003069
9.073312	0.003011
9.077239	0.002952
9.081166	0.002892
9.085093	0.002833
9.089020	0.002776
9.092947	0.002722
9.096874	0.002671
9.100801	0.002624
9.104728	0.002580
9.108655	0.002541
9.112582	0.002506
9.116509	0.002475
9.120436	0.002447
9.124363	0.002424
9.128290	0.002404
9.132217	0.002388
9.136144	0.002374
9.140071	0.002364
9.143998	0.002357
9.147925	0.002352
9.151852	0.002349
9.155779	0.002348
9.159706	0.002349
9.163633	0.002351
9.167560	0.002353
9.171487	0.002357
9.175414	0.002360
9.179341	0.002365
9.183268	0.002370
9.187195	0.002376
9.191122	0.002383
9.195049	0.002392
9.198976	0.002403
9.202903	0.002417
9.206830	0.002434
9.210757	0.002454
9.214684	0.002478
9.218611	0.002506
9.222538	0.002537
9.226465	0.002573
9.230392	0.002612
9.234319	0.002654
9.238246	0.002699
9.242173	0.002747
9.246100	0.002796
9.250027	0.002846
9.253954	0.002896
9.257881	0.002946
9.261808	0.002993
9.265735	0.003037
9.269662	0.003077
9.273589	0.003111
9.277516	0.003139
9.281443	0.003159
9.285370	0.003170
9.289297	0.003173
9.293224	0.003166
9.297151	0.003150
9.301078	0.003126
9.305005	0.003096
9.308932	0.003061
9.312859	0.003021
9.316786	0.002979
9.320713	0.002934
9.324640	0.002888
9.328567	0.002840
9.332494	0.002792
9.336421	0.002743
9.340348	0.002694
9.344275	0.002645
9.348202	0.002598
9.352129	0.002553
9.356056	0.002510
9.359983	0.002470
9.363910	0.002434
9.367837	0.002402
9.371764	0.002373
9.375691	0.002348
9.379618	0.002326
9.383545	0.002308
9.387472	0.002293
9.391399	0.002281
9.395326	0.002270
9.399253	0.002262
9.403180	0.002256
9.407107	0.002250
9.411033	0.002246
9.414960	0.002243
9.418887	0.002241
9.422814	0.002241
9.426741	0.002242
9.430668	0.002245
9.434595	0.002250
9.438522	0.002259
9.442449	0.002270
9.446376	0.002284
9.450303	0.002302
9.454230	0.002323
9.458157	0.002348
9.462084	0.002376
9.466011	0.002407
9.469938	0.002441
9.473865	0.002476
9.477792	0.002513
9.481719	0.002550
9.485646	0.002587
9.489573	0.002623
9.493500	0.002656
9.497427	0.002687
9.501354	0.002713
9.505281	0.002735
9.509208	0.002753
9.513135	0.002764
9.517062	0.002770
9.520989	0.002769
9.524916	0.002761
9.528843	0.002746
9.532770	0.002725
9.536697	0.002698
9.540624	0.002664
9.544551	0.002626
9.548478	0.002583
9.552405	0.002537
9.556332	0.002489
9.560259	0.002440
9.564186	0.002391
9.568113	0.002343
9.572040	0.002297
9.575967	0.002254
9.579894	0.002214
9.583821	0.002177
9.587748	0.002143
9.591675	0.002113
9.595602	0.002086
9.599529	0.002062
9.603456	0.002042
9.607383	0.002024
9.611310	0.002010
9.615237	0.001998
9.619164	0.001989
9.623091	0.001982
9.627018	0.001978
9.630945	0.001975
9.634872	0.001975
9.638799	0.001976
9.642726	0.001979
9.646653	0.001983
9.650580	0.001989
9.654507	0.001995
9.658434	0.002002
9.662361	0.002010
9.666288	0.002020
9.670215	0.002031
9.674142	0.002043
9.678069	0.002057
9.681996	0.002073
9.685923	0.002090
9.689850	0.002110
9.693777	0.002131
9.697704	0.002153
9.701631	0.002176
9.705558	0.002199
9.709485	0.002221
9.713412	0.002242
9.717339	0.002262
9.721266	0.002279
9.725193	0.002295
9.729120	0.002307
9.733047	0.002317
9.736974	0.002324
9.740901	0.002327
9.744828	0.002326
9.748755	0.002321
9.752682	0.002313
9.756609	0.002302
9.760536	0.002287
9.764463	0.002269
9.768390	0.002248
9.772317	0.002225
9.776244	0.002199
9.780171	0.002172
9.784098	0.002142
9.788025	0.002111
9.791952	0.002078
9.795879	0.002045
9.799806	0.002012
9.803733	0.001979
9.807660	0.001947
9.811587	0.001917
9.815514	0.001888
9.819441	0.001861
