-9.819441	0.001165
-9.815514	0.001166
-9.811587	0.001167
-9.807660	0.001167
-9.803733	0.001168
-9.799806	0.001169
-9.795879	0.001170
-9.791952	0.001171
-9.788025	0.001172
-9.784098	0.001173
-9.780171	0.001174
-9.776244	0.001175
-9.772317	0.001176
-9.768390	0.001177
-9.764463	0.001178
-9.760536	0.001180
-9.756609	0.001181
-9.752682	0.001182
-9.748755	0.001183
-9.744828	0.001184
-9.740901	0.001186
-9.736974	0.001187
-9.733047	0.001188
-9.729120	0.001190
-9.725193	0.001191
-9.721266	0.001192
-9.717339	0.001194
-9.713412	0.001195
-9.709485	0.001197
-9.705558	0.001198
-9.701631	0.001200
-9.697704	0.001202
-9.693777	0.001203
-9.689850	0.001205
-9.685923	0.001206
-9.681996	0.001208
-9.678069	0.001210
-9.674142	0.001211
-9.670215	0.001213
-9.666288	0.001215
-9.662361	0.001216
-9.658434	0.001217
-9.654507	0.001219
-9.650580	0.001220
-9.646653	0.001221
-9.642726	0.001222
-9.638799	0.001223
-9.634872	0.001224
-9.630945	0.001225
-9.627018	0.001226
-9.623091	0.001227
-9.619164	0.001228
-9.615237	0.001229
-9.611310	0.001230
-9.607383	0.001230
-9.603456	0.001231
-9.599529	0.001232
-9.595602	0.001233
-9.591675	0.001234
-9.587748	0.001235
-9.583821	0.001236
-9.579894	0.001237
-9.575967	0.001239
-9.572040	0.001240
-9.568113	0.001241
-9.564186	0.001242
-9.560259	0.001243
-9.556332	0.001245
-9.552405	0.001246
-9.548478	0.001247
-9.544551	0.001249
-9.540624	0.001250
-9.536697	0.001252
-9.532770	0.001254
-9.528843	0.001255
-9.524916	0.001257
-9.520989	0.001259
-9.517062	0.001260
-9.513135	0.001262
-9.509208	0.001264
-9.505281	0.001266
-9.501354	0.001268
-9.497427	0.001270
-9.493500	0.001272
-9.489573	0.001274
-9.485646	0.001276
-9.481719	0.001278
-9.477792	0.001280
-9.473865	0.001282
-9.469938	0.001284
-9.466011	0.001286
-9.462084	0.001287
-9.458157	0.001288
-9.454230	0.001290
-9.450303	0.001291
-9.446376	0.001292
-9.442449	0.001293
-9.438522	0.001294
-9.434595	0.001295
-9.430668	0.001295
-9.426741	0.001296
-9.422814	0.001297
-9.418887	0.001298
-9.414960	0.001298
-9.411033	0.001299
-9.407107	0.001300
-9.403180	0.001301
-9.399253	0.001302
-9.395326	0.001303
-9.391399	0.001304
-9.387472	0.001305
-9.383545	0.001306
-9.379618	0.001307
-9.375691	0.001308
-9.371764	0.001310
-9.367837	0.001311
-9.363910	0.001312
-9.359983	0.001314
-9.356056	0.001315
-9.352129	0.001317
-9.348202	0.001319
-9.344275	0.001320
-9.340348	0.001322
-9.336421	0.001324
-9.332494	0.001326
-9.328567	0.001328
-9.324640	0.001330
-9.320713	0.001332
-9.316786	0.001335
-9.312859	0.001337
-9.308932	0.001340
-9.305005	0.001342
-9.301078	0.001345
-9.297151	0.001348
-9.293224	0.001350
-9.289297	0.001353
-9.285370	0.001356
-9.281443	0.001358
-9.277516	0.001361
-9.273589	0.001363
-9.269662	0.001365
-9.265735	0.001367
-9.261808	0.001368
-9.257881	0.001370
-9.253954	0.001371
-9.250027	0.001372
-9.246100	0.001373
-9.242173	0.001374
-9.238246	0.001374
-9.234319	0.001375
-9.230392	0.001376
-9.226465	0.001376
-9.222538	0.001377
-9.218611	0.001377
-9.214684	0.001378
-9.210757	0.001379
-9.206830	0.001379
-9.202903	0.001380
-9.198976	0.001381
-9.195049	0.001382
-9.191122	0.001383
-9.187195	0.001384
-9.183268	0.001385
-9.179341	0.001386
-9.175414	0.001388
-9.171487	0.001389
-9.167560	0.001391
-9.163633	0.001392
-9.159706	0.001394
-9.155779	0.001396
-9.151852	0.001398
-9.147925	0.001400
-9.143998	0.001402
-9.140071	0.001405
-9.136144	0.001407
-9.132217	0.001410
-9.128290	0.001412
-9.124363	0.001415
-9.120436	0.001418
-9.116509	0.001421
-9.112582	0.001424
-9.108655	0.001428
-9.104728	0.001431
-9.100801	0.001434
-9.096874	0.001438
-9.092947	0.001441
-9.089020	0.001444
-9.085093	0.001447
-9.081166	0.001449
-9.077239	0.001452
-9.073312	0.001454
-9.069385	0.001456
-9.065458	0.001458
-9.061531	0.001460
-9.057604	0.001461
-9.053677	0.001462
-9.049750	0.001463
-9.045823	0.001463
-9.041896	0.001464
-9.037969	0.001464
-9.034042	0.001464
-9.030115	0.001465
-9.026188	0.001465
-9.022261	0.001465
-9.018334	0.001466
-9.014407	0.001466
-9.010480	0.001467
-9.006553	0.001467
-9.002626	0.001468
-8.998699	0.001469
-8.994772	0.001470
-8.990845	0.001471
-8.986918	0.001473
-8.982991	0.001474
-8.979065	0.001476
-8.975138	0.001478
-8.971211	0.001480
-8.967284	0.001482
-8.963357	0.001484
-8.959430	0.001487
-8.955503	0.001489
-8.951576	0.001492
-8.947649	0.001495
-8.943722	0.001498
-8.939795	0.001502
-8.935868	0.001505
-8.931941	0.001509
-8.928014	0.001514
-8.924087	0.001518
-8.920160	0.001523
-8.916233	0.001527
-8.912306	0.001532
-8.908379	0.001537
-8.904452	0.001542
-8.900525	0.001547
-8.896598	0.001552
-8.892671	0.001556
-8.888744	0.001560
-8.884817	0.001563
-8.880890	0.001566
-8.876963	0.001568
-8.873036	0.001570
-8.869109	0.001571
-8.865182	0.001572
-8.861255	0.001572
-8.857328	0.001573
-8.853401	0.001572
-8.849474	0.001572
-8.845547	0.001572
-8.841620	0.001571
-8.837693	0.001571
-8.833766	0.001570
-8.829839	0.001570
-8.825912	0.001569
-8.821985	0.001569
-8.818058	0.001569
-8.814131	0.001569
-8.810204	0.001570
-8.806277	0.001570
-8.802350	0.001571
-8.798423	0.001572
-8.794496	0.001573
-8.790569	0.001574
-8.786642	0.001576
-8.782715	0.001578
-8.778788	0.001580
-8.774861	0.001582
-8.770934	0.001585
-8.767007	0.001588
-8.763080	0.001591
-8.759153	0.001594
-8.755226	0.001598
-8.751299	0.001602
-8.747372	0.001606
-8.743445	0.001611
-8.739518	0.001616
-8.735591	0.001621
-8.731664	0.001627
-8.727737	0.001633
-8.723810	0.001640
-8.719883	0.001646
-8.715956	0.001653
-8.712029	0.001660
-8.708102	0.001666
-8.704175	0.001673
-8.700248	0.001679
-8.696321	0.001684
-8.692394	0.001689
-8.688467	0.001692
-8.684540	0.001695
-8.680613	0.001697
-8.676686	0.001698
-8.672759	0.001698
-8.668832	0.001698
-8.664905	0.001697
-8.660978	0.001696
-8.657051	0.001695
-8.653124	0.001694
-8.649197	0.001692
-8.645270	0.001691
-8.641343	0.001690
-8.637416	0.001688
-8.633489	0.001688
-8.629562	0.001687
-8.625635	0.001687
-8.621708	0.001687
-8.617781	0.001687
-8.613854	0.001688
-8.609927	0.001689
-8.606000	0.001691
-8.602073	0.001693
-8.598146	0.001695
-8.594219	0.001698
-8.590292	0.001701
-8.586365	0.001705
-8.582438	0.001708
-8.578511	0.001713
-8.574584	0.001718
-8.570657	0.001723
-8.566730	0.001729
-8.562803	0.001735
-8.558876	0.001742
-8.554949	0.001749
-8.551023	0.001757
-8.547096	0.001765
-8.543169	0.001774
-8.539242	0.001783
-8.535315	0.001792
-8.531388	0.001800
-8.527461	0.001809
-8.523534	0.001816
-8.519607	0.001823
-8.515680	0.001829
-8.511753	0.001833
-8.507826	0.001837
-8.503899	0.001839
-8.499972	0.001840
-8.496045	0.001840
-8.492118	0.001839
-8.488191	0.001837
-8.484264	0.001835
-8.480337	0.001832
-8.476410	0.001829
-8.472483	0.001826
-8.468556	0.001823
-8.464629	0.001820
-8.460702	0.001818
-8.456775	0.001815
-8.452848	0.001813
-8.448921	0.001811
-8.444994	0.001809
-8.441067	0.001808
-8.437140	0.001807
-8.433213	0.001807
-8.429286	0.001807
-8.425359	0.001808
-8.421432	0.001809
-8.417505	0.001811
-8.413578	0.001813
-8.409651	0.001815
-8.405724	0.001818
-8.401797	0.001821
-8.397870	0.001825
-8.393943	0.001829
-8.390016	0.001834
-8.386089	0.001840
-8.382162	0.001845
-8.378235	0.001852
-8.374308	0.001859
-8.370381	0.001867
-8.366454	0.001875
-8.362527	0.001884
-8.358600	0.001893
-8.354673	0.001904
-8.350746	0.001914
-8.346819	0.001925
-8.342892	0.001936
-8.338965	0.001947
-8.335038	0.001957
-8.331111	0.001967
-8.327184	0.001976
-8.323257	0.001984
-8.319330	0.001990
-8.315403	0.001995
-8.311476	0.001998
-8.307549	0.002000
-8.303622	0.002001
-8.299695	0.002001
-8.295768	0.002000
-8.291841	0.001998
-8.287914	0.001996
-8.283987	0.001993
-8.280060	0.001990
-8.276133	0.001986
-8.272206	0.001983
-8.268279	0.001979
-8.264352	0.001976
-8.260425	0.001973
-8.256498	0.001970
-8.252571	0.001968
-8.248644	0.001967
-8.244717	0.001966
-8.240790	0.001966
-8.236863	0.001966
-8.232936	0.001968
-8.229009	0.001969
-8.225082	0.001972
-8.221155	0.001975
-8.217228	0.001979
-8.213301	0.001983
-8.209374	0.001988
-8.205447	0.001994
-8.201520	0.002000
-8.197593	0.002008
-8.193666	0.002016
-8.189739	0.002025
-8.185812	0.002035
-8.181885	0.002046
-8.177958	0.002058
-8.174031	0.002071
-8.170104	0.002084
-8.166177	0.002099
-8.162250	0.002113
-8.158323	0.002128
-8.154396	0.002143
-8.150469	0.002157
-8.146542	0.002171
-8.142615	0.002182
-8.138688	0.002192
-8.134761	0.002200
-8.130834	0.002205
-8.126907	0.002208
-8.122981	0.002209
-8.119054	0.002208
-8.115127	0.002205
-8.111200	0.002201
-8.107273	0.002196
-8.103346	0.002190
-8.099419	0.002184
-8.095492	0.002178
-8.091565	0.002173
-8.087638	0.002168
-8.083711	0.002164
-8.079784	0.002160
-8.075857	0.002157
-8.071930	0.002154
-8.068003	0.002152
-8.064076	0.002151
-8.060149	0.002150
-8.056222	0.002150
-8.052295	0.002150
-8.048368	0.002151
-8.044441	0.002153
-8.040514	0.002156
-8.036587	0.002159
-8.032660	0.002163
-8.028733	0.002168
-8.024806	0.002174
-8.020879	0.002181
-8.016952	0.002189
-8.013025	0.002199
-8.009098	0.002209
-8.005171	0.002221
-8.001244	0.002234
-7.997317	0.002248
-7.993390	0.002264
-7.989463	0.002282
-7.985536	0.002301
-7.981609	0.002321
-7.977682	0.002342
-7.973755	0.002364
-7.969828	0.002387
-7.965901	0.002409
-7.961974	0.002430
-7.958047	0.002450
-7.954120	0.002468
-7.950193	0.002483
-7.946266	0.002494
-7.942339	0.002502
-7.938412	0.002506
-7.934485	0.002507
-7.930558	0.002504
-7.926631	0.002499
-7.922704	0.002491
-7.918777	0.002482
-7.914850	0.002472
-7.910923	0.002461
-7.906996	0.002451
-7.903069	0.002440
-7.899142	0.002431
-7.895215	0.002422
-7.891288	0.002414
-7.887361	0.002407
-7.883434	0.002401
-7.879507	0.002396
-7.875580	0.002392
-7.871653	0.002389
-7.867726	0.002387
-7.863799	0.002386
-7.859872	0.002387
-7.855945	0.002388
-7.852018	0.002391
-7.848091	0.002395
-7.844164	0.002401
-7.840237	0.002408
-7.836310	0.002417
-7.832383	0.002427
-7.828456	0.002439
-7.824529	0.002453
-7.820602	0.002469
-7.816675	0.002487
-7.812748	0.002507
-7.808821	0.002528
-7.804894	0.002552
-7.800967	0.002577
-7.797040	0.002603
-7.793113	0.002630
-7.789186	0.002657
-7.785259	0.002683
-7.781332	0.002708
-7.777405	0.002731
-7.773478	0.002751
-7.769551	0.002768
-7.765624	0.002781
-7.761697	0.002790
-7.757770	0.002794
-7.753843	0.002795
-7.749916	0.002792
-7.745989	0.002786
-7.742062	0.002778
-7.738135	0.002767
-7.734208	0.002756
-7.730281	0.002744
-7.726354	0.002732
-7.722427	0.002721
-7.718500	0.002710
-7.714573	0.002700
-7.710646	0.002690
-7.706719	0.002682
-7.702792	0.002675
-7.698865	0.002668
-7.694939	0.002663
-7.691012	0.002659
-7.687085	0.002656
-7.683158	0.002654
-7.679231	0.002654
-7.675304	0.002655
-7.671377	0.002658
-7.667450	0.002662
-7.663523	0.002669
-7.659596	0.002677
-7.655669	0.002688
-7.651742	0.002701
-7.647815	0.002717
-7.643888	0.002735
-7.639961	0.002756
-7.636034	0.002779
-7.632107	0.002805
-7.628180	0.002834
-7.624253	0.002864
-7.620326	0.002897
-7.616399	0.002931
-7.612472	0.002966
-7.608545	0.003001
-7.604618	0.003035
-7.600691	0.003066
-7.596764	0.003095
-7.592837	0.003119
-7.588910	0.003139
-7.584983	0.003153
-7.581056	0.003161
-7.577129	0.003164
-7.573202	0.003162
-7.569275	0.003156
-7.565348	0.003146
-7.561421	0.003134
-7.557494	0.003120
-7.553567	0.003106
-7.549640	0.003092
-7.545713	0.003078
-7.541786	0.003066
-7.537859	0.003054
-7.533932	0.003044
-7.530005	0.003034
-7.526078	0.003025
-7.522151	0.003017
-7.518224	0.003010
-7.514297	0.003003
-7.510370	0.002998
-7.506443	0.002993
-7.502516	0.002990
-7.498589	0.002989
-7.494662	0.002989
-7.490735	0.002992
-7.486808	0.002998
-7.482881	0.003006
-7.478954	0.003017
-7.475027	0.003031
-7.471100	0.003048
-7.467173	0.003069
-7.463246	0.003093
-7.459319	0.003121
-7.455392	0.003151
-7.451465	0.003185
-7.447538	0.003221
-7.443611	0.003258
-7.439684	0.003297
-7.435757	0.003336
-7.431830	0.003373
-7.427903	0.003408
-7.423976	0.003439
-7.420049	0.003466
-7.416122	0.003486
-7.412195	0.003501
-7.408268	0.003509
-7.404341	0.003511
-7.400414	0.003508
-7.396487	0.003500
-7.392560	0.003489
-7.388633	0.003477
-7.384706	0.003464
-7.380779	0.003451
-7.376852	0.003439
-7.372925	0.003430
-7.368998	0.003422
-7.365071	0.003417
-7.361144	0.003413
-7.357217	0.003411
-7.353290	0.003410
-7.349363	0.003408
-7.345436	0.003406
-7.341509	0.003404
-7.337582	0.003401
-7.333655	0.003398
-7.329728	0.003394
-7.325801	0.003391
-7.321874	0.003388
-7.317947	0.003387
-7.314020	0.003387
-7.310093	0.003390
-7.306166	0.003396
-7.302239	0.003405
-7.298312	0.003417
-7.294385	0.003434
-7.290458	0.003456
-7.286531	0.003481
-7.282604	0.003512
-7.278677	0.003547
-7.274750	0.003587
-7.270823	0.003631
-7.266897	0.003679
-7.262970	0.003730
-7.259043	0.003784
-7.255116	0.003838
-7.251189	0.003892
-7.247262	0.003944
-7.243335	0.003991
-7.239408	0.004033
-7.235481	0.004068
-7.231554	0.004094
-7.227627	0.004112
-7.223700	0.004121
-7.219773	0.004123
-7.215846	0.004119
-7.211919	0.004111
-7.207992	0.004100
-7.204065	0.004087
-7.200138	0.004074
-7.196211	0.004061
-7.192284	0.004048
-7.188357	0.004036
-7.184430	0.004023
-7.180503	0.004009
-7.176576	0.003994
-7.172649	0.003978
-7.168722	0.003961
-7.164795	0.003943
-7.160868	0.003925
-7.156941	0.003908
-7.153014	0.003893
-7.149087	0.003880
-7.145160	0.003870
-7.141233	0.003865
-7.137306	0.003865
-7.133379	0.003869
-7.129452	0.003879
-7.125525	0.003894
-7.121598	0.003916
-7.117671	0.003944
-7.113744	0.003977
-7.109817	0.004018
-7.105890	0.004064
-7.101963	0.004116
-7.098036	0.004175
-7.094109	0.004239
-7.090182	0.004308
-7.086255	0.004380
-7.082328	0.004456
-7.078401	0.004532
-7.074474	0.004609
-7.070547	0.004683
-7.066620	0.004754
-7.062693	0.004819
-7.058766	0.004877
-7.054839	0.004926
-7.050912	0.004966
-7.046985	0.004995
-7.043058	0.005015
-7.039131	0.005026
-7.035204	0.005029
-7.031277	0.005025
-7.027350	0.005016
-7.023423	0.005003
-7.019496	0.004987
-7.015569	0.004969
-7.011642	0.004947
-7.007715	0.004922
-7.003788	0.004895
-6.999861	0.004864
-6.995934	0.004830
-6.992007	0.004794
-6.988080	0.004758
-6.984153	0.004722
-6.980226	0.004688
-6.976299	0.004658
-6.972372	0.004632
-6.968445	0.004613
-6.964518	0.004600
-6.960591	0.004595
-6.956664	0.004598
-6.952737	0.004609
-6.948810	0.004629
-6.944883	0.004658
-6.940956	0.004695
-6.937029	0.004742
-6.933102	0.004797
-6.929175	0.004860
-6.925248	0.004931
-6.921321	0.005008
-6.917394	0.005090
-6.913467	0.005176
-6.909540	0.005262
-6.905613	0.005346
-6.901686	0.005426
-6.897759	0.005500
-6.893832	0.005564
-6.889905	0.005617
-6.885978	0.005658
-6.882051	0.005687
-6.878124	0.005705
-6.874197	0.005713
-6.870270	0.005714
-6.866343	0.005709
-6.862416	0.005700
-6.858489	0.005688
-6.854562	0.005674
-6.850635	0.005657
-6.846708	0.005638
-6.842781	0.005615
-6.838855	0.005588
-6.834928	0.005556
-6.831001	0.005520
-6.827074	0.005480
-6.823147	0.005438
-6.819220	0.005394
-6.815293	0.005350
-6.811366	0.005310
-6.807439	0.005273
-6.803512	0.005241
-6.799585	0.005216
-6.795658	0.005199
-6.791731	0.005191
-6.787804	0.005192
-6.783877	0.005203
-6.779950	0.005224
-6.776023	0.005255
-6.772096	0.005297
-6.768169	0.005350
-6.764242	0.005413
-6.760315	0.005486
-6.756388	0.005570
-6.752461	0.005662
-6.748534	0.005762
-6.744607	0.005868
-6.740680	0.005979
-6.736753	0.006091
-6.732826	0.006203
-6.728899	0.006312
-6.724972	0.006414
-6.721045	0.006509
-6.717118	0.006595
-6.713191	0.006670
-6.709264	0.006736
-6.705337	0.006791
-6.701410	0.006838
-6.697483	0.006875
-6.693556	0.006904
-6.689629	0.006923
-6.685702	0.006933
-6.681775	0.006931
-6.677848	0.006918
-6.673921	0.006892
-6.669994	0.006853
-6.666067	0.006803
-6.662140	0.006742
-6.658213	0.006674
-6.654286	0.006601
-6.650359	0.006526
-6.646432	0.006454
-6.642505	0.006386
-6.638578	0.006326
-6.634651	0.006275
-6.630724	0.006235
-6.626797	0.006208
-6.622870	0.006194
-6.618943	0.006194
-6.615016	0.006208
-6.611089	0.006238
-6.607162	0.006282
-6.603235	0.006341
-6.599308	0.006416
-6.595381	0.006507
-6.591454	0.006613
-6.587527	0.006734
-6.583600	0.006869
-6.579673	0.007018
-6.575746	0.007178
-6.571819	0.007348
-6.567892	0.007525
-6.563965	0.007706
-6.560038	0.007886
-6.556111	0.008061
-6.552184	0.008227
-6.548257	0.008378
-6.544330	0.008510
-6.540403	0.008616
-6.536476	0.008693
-6.532549	0.008738
-6.528622	0.008749
-6.524695	0.008726
-6.520768	0.008673
-6.516841	0.008593
-6.512914	0.008491
-6.508987	0.008376
-6.505060	0.008251
-6.501133	0.008124
-6.497206	0.007998
-6.493279	0.007877
-6.489352	0.007762
-6.485425	0.007654
-6.481498	0.007555
-6.477571	0.007464
-6.473644	0.007381
-6.469717	0.007308
-6.465790	0.007245
-6.461863	0.007194
-6.457936	0.007155
-6.454009	0.007129
-6.450082	0.007118
-6.446155	0.007122
-6.442228	0.007143
-6.438301	0.007181
-6.434374	0.007236
-6.430447	0.007310
-6.426520	0.007402
-6.422593	0.007513
-6.418666	0.007644
-6.414739	0.007793
-6.410813	0.007961
-6.406886	0.008146
-6.402959	0.008347
-6.399032	0.008560
-6.395105	0.008783
-6.391178	0.009008
-6.387251	0.009231
-6.383324	0.009444
-6.379397	0.009639
-6.375470	0.009807
-6.371543	0.009942
-6.367616	0.010037
-6.363689	0.010089
-6.359762	0.010097
-6.355835	0.010062
-6.351908	0.009990
-6.347981	0.009886
-6.344054	0.009759
-6.340127	0.009616
-6.336200	0.009464
-6.332273	0.009308
-6.328346	0.009153
-6.324419	0.009004
-6.320492	0.008862
-6.316565	0.008731
-6.312638	0.008612
-6.308711	0.008506
-6.304784	0.008417
-6.300857	0.008344
-6.296930	0.008290
-6.293003	0.008255
-6.289076	0.008241
-6.285149	0.008247
-6.281222	0.008275
-6.277295	0.008326
-6.273368	0.008399
-6.269441	0.008495
-6.265514	0.008615
-6.261587	0.008759
-6.257660	0.008927
-6.253733	0.009119
-6.249806	0.009334
-6.245879	0.009570
-6.241952	0.009823
-6.238025	0.010091
-6.234098	0.010366
-6.230171	0.010640
-6.226244	0.010904
-6.222317	0.011146
-6.218390	0.011355
-6.214463	0.011520
-6.210536	0.011633
-6.206609	0.011688
-6.202682	0.011687
-6.198755	0.011632
-6.194828	0.011530
-6.190901	0.011393
-6.186974	0.011229
-6.183047	0.011050
-6.179120	0.010864
-6.175193	0.010678
-6.171266	0.010498
-6.167339	0.010324
-6.163412	0.010160
-6.159485	0.010005
-6.155558	0.009860
-6.151631	0.009726
-6.147704	0.009602
-6.143777	0.009491
-6.139850	0.009393
-6.135923	0.009311
-6.131996	0.009245
-6.128069	0.009198
-6.124142	0.009170
-6.120215	0.009163
-6.116288	0.009177
-6.112361	0.009213
-6.108434	0.009271
-6.104507	0.009352
-6.100580	0.009457
-6.096653	0.009585
-6.092726	0.009737
-6.088799	0.009913
-6.084872	0.010112
-6.080945	0.010333
-6.077018	0.010574
-6.073091	0.010832
-6.069164	0.011103
-6.065237	0.011384
-6.061310	0.011666
-6.057383	0.011945
-6.053456	0.012211
-6.049529	0.012459
-6.045602	0.012681
-6.041675	0.012872
-6.037748	0.013027
-6.033821	0.013143
-6.029894	0.013219
-6.025967	0.013256
-6.022040	0.013257
-6.018113	0.013225
-6.014186	0.013165
-6.010259	0.013082
-6.006332	0.012980
-6.002405	0.012864
-5.998478	0.012737
-5.994551	0.012603
-5.990624	0.012465
-5.986698	0.012327
-5.982771	0.012192
-5.978844	0.012066
-5.974917	0.011951
-5.970990	0.011854
-5.967063	0.011777
-5.963136	0.011724
-5.959209	0.011697
-5.955282	0.011700
-5.951355	0.011733
-5.947428	0.011798
-5.943501	0.011897
-5.939574	0.012031
-5.935647	0.012201
-5.931720	0.012407
-5.927793	0.012652
-5.923866	0.012935
-5.919939	0.013258
-5.916012	0.013620
-5.912085	0.014021
-5.908158	0.014458
-5.904231	0.014928
-5.900304	0.015426
-5.896377	0.015945
-5.892450	0.016474
-5.888523	0.017003
-5.884596	0.017519
-5.880669	0.018008
-5.876742	0.018458
-5.872815	0.018857
-5.868888	0.019196
-5.864961	0.019468
-5.861034	0.019670
-5.857107	0.019802
-5.853180	0.019865
-5.849253	0.019865
-5.845326	0.019807
-5.841399	0.019699
-5.837472	0.019547
-5.833545	0.019359
-5.829618	0.019142
-5.825691	0.018903
-5.821764	0.018650
-5.817837	0.018391
-5.813910	0.018137
-5.809983	0.017897
-5.806056	0.017680
-5.802129	0.017497
-5.798202	0.017355
-5.794275	0.017260
-5.790348	0.017219
-5.786421	0.017234
-5.782494	0.017309
-5.778567	0.017444
-5.774640	0.017640
-5.770713	0.017896
-5.766786	0.018209
-5.762859	0.018577
-5.758932	0.018992
-5.755005	0.019448
-5.751078	0.019935
-5.747151	0.020440
-5.743224	0.020952
-5.739297	0.021456
-5.735370	0.021936
-5.731443	0.022379
-5.727516	0.022769
-5.723589	0.023093
-5.719662	0.023338
-5.715735	0.023495
-5.711808	0.023554
-5.707881	0.023513
-5.703954	0.023372
-5.700027	0.023139
-5.696100	0.022823
-5.692173	0.022442
-5.688246	0.022015
-5.684319	0.021562
-5.680392	0.021104
-5.676465	0.020657
-5.672538	0.020238
-5.668611	0.019858
-5.664684	0.019525
-5.660757	0.019247
-5.656830	0.019027
-5.652903	0.018868
-5.648976	0.018770
-5.645049	0.018736
-5.641122	0.018766
-5.637195	0.018860
-5.633268	0.019020
-5.629341	0.019246
-5.625414	0.019541
-5.621487	0.019906
-5.617560	0.020344
-5.613633	0.020857
-5.609706	0.021448
-5.605779	0.022120
-5.601852	0.022873
-5.597925	0.023708
-5.593998	0.024624
-5.590071	0.025615
-5.586144	0.026675
-5.582217	0.027788
-5.578290	0.028936
-5.574363	0.030093
-5.570436	0.031228
-5.566509	0.032304
-5.562582	0.033282
-5.558656	0.034124
-5.554729	0.034795
-5.550802	0.035269
-5.546875	0.035531
-5.542948	0.035580
-5.539021	0.035426
-5.535094	0.035093
-5.531167	0.034613
-5.527240	0.034027
-5.523313	0.033377
-5.519386	0.032705
-5.515459	0.032047
-5.511532	0.031437
-5.507605	0.030900
-5.503678	0.030457
-5.499751	0.030121
-5.495824	0.029905
-5.491897	0.029816
-5.487970	0.029860
-5.484043	0.030040
-5.480116	0.030359
-5.476189	0.030821
-5.472262	0.031425
-5.468335	0.032173
-5.464408	0.033063
-5.460481	0.034091
-5.456554	0.035248
-5.452627	0.036521
-5.448700	0.037889
-5.444773	0.039322
-5.440846	0.040782
-5.436919	0.042222
-5.432992	0.043585
-5.429065	0.044813
-5.425138	0.045848
-5.421211	0.046638
-5.417284	0.047145
-5.413357	0.047347
-5.409430	0.047238
-5.405503	0.046832
-5.401576	0.046157
-5.397649	0.045251
-5.393722	0.044161
-5.389795	0.042938
-5.385868	0.041633
-5.381941	0.040295
-5.378014	0.038966
-5.374087	0.037685
-5.370160	0.036479
-5.366233	0.035371
-5.362306	0.034377
-5.358379	0.033505
-5.354452	0.032762
-5.350525	0.032151
-5.346598	0.031672
-5.342671	0.031324
-5.338744	0.031107
-5.334817	0.031020
-5.330890	0.031063
-5.326963	0.031234
-5.323036	0.031536
-5.319109	0.031967
-5.315182	0.032530
-5.311255	0.033224
-5.307328	0.034050
-5.303401	0.035007
-5.299474	0.036089
-5.295547	0.037288
-5.291620	0.038593
-5.287693	0.039983
-5.283766	0.041432
-5.279839	0.042908
-5.275912	0.044369
-5.271985	0.045770
-5.268058	0.047061
-5.264131	0.048193
-5.260204	0.049124
-5.256277	0.049817
-5.252350	0.050250
-5.248423	0.050416
-5.244496	0.050323
-5.240569	0.049992
-5.236642	0.049457
-5.232715	0.048762
-5.228788	0.047954
-5.224861	0.047082
-5.220934	0.046193
-5.217007	0.045333
-5.213080	0.044538
-5.209153	0.043845
-5.205226	0.043280
-5.201299	0.042865
-5.197372	0.042617
-5.193445	0.042550
-5.189518	0.042673
-5.185591	0.042993
-5.181664	0.043513
-5.177737	0.044235
-5.173810	0.045158
-5.169883	0.046276
-5.165956	0.047579
-5.162029	0.049050
-5.158102	0.050660
-5.154175	0.052375
-5.150248	0.054145
-5.146321	0.055909
-5.142394	0.057598
-5.138467	0.059136
-5.134540	0.060450
-5.130614	0.061473
-5.126687	0.062155
-5.122760	0.062465
-5.118833	0.062396
-5.114906	0.061961
-5.110979	0.061190
-5.107052	0.060127
-5.103125	0.058823
-5.099198	0.057332
-5.095271	0.055710
-5.091344	0.054010
-5.087417	0.052283
-5.083490	0.050574
-5.079563	0.048924
-5.075636	0.047365
-5.071709	0.045923
-5.067782	0.044618
-5.063855	0.043464
-5.059928	0.042467
-5.056001	0.041634
-5.052074	0.040965
-5.048147	0.040461
-5.044220	0.040120
-5.040293	0.039942
-5.036366	0.039926
-5.032439	0.040069
-5.028512	0.040372
-5.024585	0.040834
-5.020658	0.041452
-5.016731	0.042226
-5.012804	0.043151
-5.008877	0.044221
-5.004950	0.045427
-5.001023	0.046753
-4.997096	0.048182
-4.993169	0.049688
-4.989242	0.051240
-4.985315	0.052801
-4.981388	0.054331
-4.977461	0.055784
-4.973534	0.057114
-4.969607	0.058273
-4.965680	0.059219
-4.961753	0.059917
-4.957826	0.060342
-4.953899	0.060486
-4.949972	0.060355
-4.946045	0.059970
-4.942118	0.059370
-4.938191	0.058600
-4.934264	0.057715
-4.930337	0.056773
-4.926410	0.055828
-4.922483	0.054934
-4.918556	0.054134
-4.914629	0.053465
-4.910702	0.052959
-4.906775	0.052637
-4.902848	0.052517
-4.898921	0.052614
-4.894994	0.052939
-4.891067	0.053500
-4.887140	0.054306
-4.883213	0.055365
-4.879286	0.056686
-4.875359	0.058275
-4.871432	0.060140
-4.867505	0.062282
-4.863578	0.064703
-4.859651	0.067394
-4.855724	0.070340
-4.851797	0.073511
-4.847870	0.076860
-4.843943	0.080323
-4.840016	0.083813
-4.836089	0.087222
-4.832162	0.090428
-4.828235	0.093296
-4.824308	0.095697
-4.820381	0.097515
-4.816454	0.098662
-4.812527	0.099086
-4.808600	0.098779
-4.804673	0.097777
-4.800746	0.096154
-4.796819	0.094018
-4.792892	0.091494
-4.788965	0.088717
-4.785038	0.085816
-4.781111	0.082910
-4.777184	0.080098
-4.773257	0.077457
-4.769330	0.075048
-4.765403	0.072910
-4.761476	0.071071
-4.757549	0.069547
-4.753622	0.068346
-4.749695	0.067469
-4.745768	0.066918
-4.741841	0.066687
-4.737914	0.066773
-4.733987	0.067168
-4.730060	0.067864
-4.726133	0.068847
-4.722206	0.070097
-4.718279	0.071589
-4.714352	0.073284
-4.710425	0.075130
-4.706498	0.077064
-4.702572	0.079004
-4.698645	0.080858
-4.694718	0.082526
-4.690791	0.083913
-4.686864	0.084934
-4.682937	0.085526
-4.679010	0.085659
-4.675083	0.085337
-4.671156	0.084597
-4.667229	0.083501
-4.663302	0.082133
-4.659375	0.080583
-4.655448	0.078941
-4.651521	0.077295
-4.647594	0.075717
-4.643667	0.074270
-4.639740	0.073004
-4.635813	0.071957
-4.631886	0.071158
-4.627959	0.070625
-4.624032	0.070374
-4.620105	0.070417
-4.616178	0.070760
-4.612251	0.071414
-4.608324	0.072385
-4.604397	0.073682
-4.600470	0.075315
-4.596543	0.077291
-4.592616	0.079620
-4.588689	0.082308
-4.584762	0.085358
-4.580835	0.088764
-4.576908	0.092513
-4.572981	0.096574
-4.569054	0.100899
-4.565127	0.105415
-4.561200	0.110022
-4.557273	0.114592
-4.553346	0.118973
-4.549419	0.122997
-4.545492	0.126493
-4.541565	0.129307
-4.537638	0.131322
-4.533711	0.132469
-4.529784	0.132738
-4.525857	0.132176
-4.521930	0.130878
-4.518003	0.128966
-4.514076	0.126581
-4.510149	0.123865
-4.506222	0.120955
-4.502295	0.117978
-4.498368	0.115046
-4.494441	0.112261
-4.490514	0.109707
-4.486587	0.107456
-4.482660	0.105562
-4.478733	0.104070
-4.474806	0.103011
-4.470879	0.102408
-4.466952	0.102278
-4.463025	0.102632
-4.459098	0.103481
-4.455171	0.104829
-4.451244	0.106681
-4.447317	0.109039
-4.443390	0.111899
-4.439463	0.115250
-4.435536	0.119068
-4.431609	0.123318
-4.427682	0.127941
-4.423755	0.132857
-4.419828	0.137956
-4.415901	0.143104
-4.411974	0.148141
-4.408047	0.152896
-4.404120	0.157196
-4.400193	0.160885
-4.396266	0.163844
-4.392339	0.166001
-4.388412	0.167346
-4.384485	0.167929
-4.380558	0.167860
-4.376631	0.167292
-4.372704	0.166412
-4.368777	0.165421
-4.364850	0.164518
-4.360923	0.163892
-4.356996	0.163707
-4.353069	0.164102
-4.349142	0.165190
-4.345215	0.167054
-4.341288	0.169752
-4.337361	0.173316
-4.333434	0.177752
-4.329507	0.183032
-4.325580	0.189097
-4.321653	0.195842
-4.317726	0.203112
-4.313799	0.210698
-4.309872	0.218327
-4.305945	0.225671
-4.302018	0.232361
-4.298091	0.238007
-4.294164	0.242236
-4.290237	0.244736
-4.286310	0.245293
-4.282383	0.243826
-4.278456	0.240394
-4.274530	0.235190
-4.270603	0.228513
-4.266676	0.220724
-4.262749	0.212207
-4.258822	0.203329
-4.254895	0.194413
-4.250968	0.185724
-4.247041	0.177465
-4.243114	0.169778
-4.239187	0.162758
-4.235260	0.156460
-4.231333	0.150909
-4.227406	0.146112
-4.223479	0.142059
-4.219552	0.138738
-4.215625	0.136131
-4.211698	0.134221
-4.207771	0.132993
-4.203844	0.132434
-4.199917	0.132534
-4.195990	0.133287
-4.192063	0.134686
-4.188136	0.136725
-4.184209	0.139395
-4.180282	0.142680
-4.176355	0.146554
-4.172428	0.150973
-4.168501	0.155876
-4.164574	0.161171
-4.160647	0.166738
-4.156720	0.172427
-4.152793	0.178056
-4.148866	0.183425
-4.144939	0.188323
-4.141012	0.192550
-4.137085	0.195935
-4.133158	0.198356
-4.129231	0.199757
-4.125304	0.200159
-4.121377	0.199658
-4.117450	0.198423
-4.113523	0.196672
-4.109596	0.194657
-4.105669	0.192633
-4.101742	0.190843
-4.097815	0.189498
-4.093888	0.188773
-4.089961	0.188799
-4.086034	0.189666
-4.082107	0.191422
-4.078180	0.194075
-4.074253	0.197590
-4.070326	0.201888
-4.066399	0.206840
-4.062472	0.212266
-4.058545	0.217929
-4.054618	0.223540
-4.050691	0.228771
-4.046764	0.233269
-4.042837	0.236689
-4.038910	0.238720
-4.034983	0.239123
-4.031056	0.237764
-4.027129	0.234626
-4.023202	0.229822
-4.019275	0.223572
-4.015348	0.216178
-4.011421	0.207984
-4.007494	0.199334
-4.003567	0.190546
-3.999640	0.181886
-3.995713	0.173562
-3.991786	0.165726
-3.987859	0.158479
-3.983932	0.151882
-3.980005	0.145964
-3.976078	0.140731
-3.972151	0.136177
-3.968224	0.132284
-3.964297	0.129032
-3.960370	0.126398
-3.956443	0.124360
-3.952516	0.122893
-3.948589	0.121978
-3.944662	0.121591
-3.940735	0.121708
-3.936808	0.122301
-3.932881	0.123332
-3.928954	0.124755
-3.925027	0.126508
-3.921100	0.128511
-3.917173	0.130663
-3.913246	0.132847
-3.909319	0.134928
-3.905392	0.136768
-3.901465	0.138235
-3.897538	0.139219
-3.893611	0.139648
-3.889684	0.139498
-3.885757	0.138796
-3.881830	0.137617
-3.877903	0.136074
-3.873976	0.134300
-3.870049	0.132434
-3.866122	0.130610
-3.862195	0.128944
-3.858268	0.127534
-3.854341	0.126460
-3.850414	0.125782
-3.846488	0.125545
-3.842561	0.125787
-3.838634	0.126537
-3.834707	0.127820
-3.830780	0.129660
-3.826853	0.132079
-3.822926	0.135102
-3.818999	0.138752
-3.815072	0.143052
-3.811145	0.148026
-3.807218	0.153689
-3.803291	0.160051
-3.799364	0.167105
-3.795437	0.174826
-3.791510	0.183159
-3.787583	0.192014
-3.783656	0.201256
-3.779729	0.210702
-3.775802	0.220121
-3.771875	0.229241
-3.767948	0.237769
-3.764021	0.245412
-3.760094	0.251905
-3.756167	0.257045
-3.752240	0.260704
-3.748313	0.262852
-3.744386	0.263555
-3.740459	0.262974
-3.736532	0.261351
-3.732605	0.258988
-3.728678	0.256220
-3.724751	0.253382
-3.720824	0.250780
-3.716897	0.248660
-3.712970	0.247199
-3.709043	0.246494
-3.705116	0.246566
-3.701189	0.247364
-3.697262	0.248770
-3.693335	0.250610
-3.689408	0.252663
-3.685481	0.254675
-3.681554	0.256377
-3.677627	0.257498
-3.673700	0.257790
-3.669773	0.257039
-3.665846	0.255089
-3.661919	0.251855
-3.657992	0.247344
-3.654065	0.241653
-3.650138	0.234962
-3.646211	0.227511
-3.642284	0.219569
-3.638357	0.211398
-3.634430	0.203233
-3.630503	0.195272
-3.626576	0.187669
-3.622649	0.180539
-3.618722	0.173967
-3.614795	0.168010
-3.610868	0.162704
-3.606941	0.158070
-3.603014	0.154114
-3.599087	0.150835
-3.595160	0.148223
-3.591233	0.146264
-3.587306	0.144942
-3.583379	0.144234
-3.579452	0.144117
-3.575525	0.144559
-3.571598	0.145521
-3.567671	0.146956
-3.563744	0.148804
-3.559817	0.150992
-3.555890	0.153430
-3.551963	0.156022
-3.548036	0.158658
-3.544109	0.161227
-3.540182	0.163618
-3.536255	0.165729
-3.532328	0.167469
-3.528401	0.168763
-3.524474	0.169556
-3.520547	0.169823
-3.516620	0.169565
-3.512693	0.168817
-3.508766	0.167645
-3.504839	0.166145
-3.500912	0.164431
-3.496985	0.162633
-3.493058	0.160882
-3.489131	0.159304
-3.485204	0.158014
-3.481277	0.157109
-3.477350	0.156670
-3.473423	0.156760
-3.469496	0.157426
-3.465569	0.158702
-3.461642	0.160609
-3.457715	0.163156
-3.453788	0.166340
-3.449861	0.170146
-3.445934	0.174544
-3.442007	0.179485
-3.438080	0.184906
-3.434153	0.190720
-3.430226	0.196823
-3.426299	0.203091
-3.422372	0.209380
-3.418446	0.215533
-3.414519	0.221377
-3.410592	0.226736
-3.406665	0.231438
-3.402738	0.235336
-3.398811	0.238326
-3.394884	0.240371
-3.390957	0.241513
-3.387030	0.241874
-3.383103	0.241650
-3.379176	0.241087
-3.375249	0.240454
-3.371322	0.240022
-3.367395	0.240041
-3.363468	0.240730
-3.359541	0.242272
-3.355614	0.244812
-3.351687	0.248463
-3.347760	0.253310
-3.343833	0.259409
-3.339906	0.266788
-3.335979	0.275443
-3.332052	0.285332
-3.328125	0.296363
-3.324198	0.308387
-3.320271	0.321183
-3.316344	0.334456
-3.312417	0.347832
-3.308490	0.360866
-3.304563	0.373062
-3.300636	0.383907
-3.296709	0.392912
-3.292782	0.399674
-3.288855	0.403930
-3.284928	0.405600
-3.281001	0.404804
-3.277074	0.401838
-3.273147	0.397125
-3.269220	0.391150
-3.265293	0.384404
-3.261366	0.377345
-3.257439	0.370377
-3.253512	0.363837
-3.249585	0.357990
-3.245658	0.353023
-3.241731	0.349044
-3.237804	0.346079
-3.233877	0.344077
-3.229950	0.342908
-3.226023	0.342378
-3.222096	0.342235
-3.218169	0.342182
-3.214242	0.341899
-3.210315	0.341057
-3.206388	0.339355
-3.202461	0.336548
-3.198534	0.332482
-3.194607	0.327118
-3.190680	0.320539
-3.186753	0.312942
-3.182826	0.304607
-3.178899	0.295858
-3.174972	0.287024
-3.171045	0.278408
-3.167118	0.270268
-3.163191	0.262808
-3.159264	0.256181
-3.155337	0.250496
-3.151410	0.245824
-3.147483	0.242209
-3.143556	0.239676
-3.139629	0.238234
-3.135702	0.237881
-3.131775	0.238605
-3.127848	0.240384
-3.123921	0.243185
-3.119994	0.246960
-3.116067	0.251644
-3.112140	0.257154
-3.108213	0.263386
-3.104286	0.270216
-3.100359	0.277505
-3.096432	0.285100
-3.092505	0.292842
-3.088578	0.300570
-3.084651	0.308120
-3.080724	0.315329
-3.076797	0.322040
-3.072870	0.328108
-3.068943	0.333417
-3.065016	0.337889
-3.061089	0.341500
-3.057162	0.344283
-3.053235	0.346314
-3.049308	0.347708
-3.045381	0.348602
-3.041454	0.349141
-3.037527	0.349472
-3.033600	0.349730
-3.029673	0.350030
-3.025746	0.350453
-3.021819	0.351035
-3.017892	0.351764
-3.013965	0.352581
-3.010038	0.353386
-3.006111	0.354054
-3.002184	0.354441
-2.998257	0.354401
-2.994330	0.353795
-2.990404	0.352499
-2.986477	0.350415
-2.982550	0.347477
-2.978623	0.343660
-2.974696	0.338980
-2.970769	0.333496
-2.966842	0.327313
-2.962915	0.320575
-2.958988	0.313464
-2.955061	0.306184
-2.951134	0.298954
-2.947207	0.291987
-2.943280	0.285481
-2.939353	0.279603
-2.935426	0.274488
-2.931499	0.270230
-2.927572	0.266889
-2.923645	0.264489
-2.919718	0.263023
-2.915791	0.262461
-2.911864	0.262753
-2.907937	0.263838
-2.904010	0.265647
-2.900083	0.268108
-2.896156	0.271143
-2.892229	0.274668
-2.888302	0.278580
-2.884375	0.282752
-2.880448	0.287028
-2.876521	0.291229
-2.872594	0.295166
-2.868667	0.298661
-2.864740	0.301574
-2.860813	0.303825
-2.856886	0.305409
-2.852959	0.306393
-2.849032	0.306909
-2.845105	0.307134
-2.841178	0.307271
-2.837251	0.307524
-2.833324	0.308084
-2.829397	0.309114
-2.825470	0.310739
-2.821543	0.313039
-2.817616	0.316056
-2.813689	0.319788
-2.809762	0.324209
-2.805835	0.329266
-2.801908	0.334894
-2.797981	0.341010
-2.794054	0.347516
-2.790127	0.354291
-2.786200	0.361183
-2.782273	0.368010
-2.778346	0.374563
-2.774419	0.380623
-2.770492	0.385976
-2.766565	0.390441
-2.762638	0.393892
-2.758711	0.396268
-2.754784	0.397588
-2.750857	0.397940
-2.746930	0.397474
-2.743003	0.396379
-2.739076	0.394873
-2.735149	0.393181
-2.731222	0.391522
-2.727295	0.390103
-2.723368	0.389109
-2.719441	0.388700
-2.715514	0.389006
-2.711587	0.390119
-2.707660	0.392083
-2.703733	0.394876
-2.699806	0.398401
-2.695879	0.402476
-2.691952	0.406833
-2.688025	0.411134
-2.684098	0.414997
-2.680171	0.418038
-2.676244	0.419907
-2.672317	0.420329
-2.668390	0.419142
-2.664463	0.416316
-2.660536	0.411965
-2.656609	0.406329
-2.652682	0.399750
-2.648755	0.392623
-2.644828	0.385352
-2.640901	0.378315
-2.636974	0.371835
-2.633047	0.366170
-2.629120	0.361513
-2.625193	0.358004
-2.621266	0.355737
-2.617339	0.354774
-2.613412	0.355150
-2.609485	0.356873
-2.605558	0.359916
-2.601631	0.364215
-2.597704	0.369652
-2.593777	0.376060
-2.589850	0.383217
-2.585923	0.390858
-2.581996	0.398685
-2.578069	0.406387
-2.574142	0.413658
-2.570215	0.420217
-2.566288	0.425840
-2.562362	0.430371
-2.558435	0.433744
-2.554508	0.435991
-2.550581	0.437237
-2.546654	0.437689
-2.542727	0.437613
-2.538800	0.437309
-2.534873	0.437080
-2.530946	0.437212
-2.527019	0.437950
-2.523092	0.439496
-2.519165	0.441998
-2.515238	0.445553
-2.511311	0.450210
-2.507384	0.455971
-2.503457	0.462797
-2.499530	0.470612
-2.495603	0.479304
-2.491676	0.488735
-2.487749	0.498744
-2.483822	0.509159
-2.479895	0.519811
-2.475968	0.530543
-2.472041	0.541216
-2.468114	0.551712
-2.464187	0.561926
-2.460260	0.571767
-2.456333	0.581155
-2.452406	0.590029
-2.448479	0.598362
-2.444552	0.606170
-2.440625	0.613510
-2.436698	0.620466
-2.432771	0.627126
-2.428844	0.633557
-2.424917	0.639786
-2.420990	0.645804
-2.417063	0.651588
-2.413136	0.657138
-2.409209	0.662521
-2.405282	0.667902
-2.401355	0.673553
-2.397428	0.679841
-2.393501	0.687200
-2.389574	0.696087
-2.385647	0.706941
-2.381720	0.720144
-2.377793	0.735983
-2.373866	0.754625
-2.369939	0.776086
-2.366012	0.800207
-2.362085	0.826635
-2.358158	0.854810
-2.354231	0.883969
-2.350304	0.913166
-2.346377	0.941336
-2.342450	0.967377
-2.338523	0.990262
-2.334596	1.009154
-2.330669	1.023513
-2.326742	1.033157
-2.322815	1.038285
-2.318888	1.039442
-2.314961	1.037454
-2.311034	1.033338
-2.307107	1.028200
-2.303180	1.023146
-2.299253	1.019204
-2.295326	1.017259
-2.291399	1.018012
-2.287472	1.021938
-2.283545	1.029270
-2.279618	1.039975
-2.275691	1.053745
-2.271764	1.069977
-2.267837	1.087783
-2.263910	1.106007
-2.259983	1.123288
-2.256056	1.138169
-2.252129	1.149237
-2.248202	1.155299
-2.244275	1.155532
-2.240348	1.149589
-2.236421	1.137643
-2.232494	1.120345
-2.228567	1.098729
-2.224640	1.074082
-2.220713	1.047784
-2.216786	1.021176
-2.212859	0.995441
-2.208932	0.971528
-2.205005	0.950105
-2.201078	0.931546
-2.197151	0.915931
-2.193224	0.903063
-2.189297	0.892503
-2.185370	0.883615
-2.181443	0.875642
-2.177516	0.867792
-2.173589	0.859340
-2.169662	0.849715
-2.165735	0.838550
-2.161808	0.825707
-2.157881	0.811239
-2.153954	0.795342
-2.150027	0.778280
-2.146100	0.760330
-2.142173	0.741753
-2.138246	0.722790
-2.134320	0.703680
-2.130393	0.684682
-2.126466	0.666080
-2.122539	0.648174
-2.118612	0.631260
-2.114685	0.615605
-2.110758	0.601431
-2.106831	0.588907
-2.102904	0.578143
-2.098977	0.569204
-2.095050	0.562116
-2.091123	0.556880
-2.087196	0.553489
-2.083269	0.551939
-2.079342	0.552252
-2.075415	0.554484
-2.071488	0.558736
-2.067561	0.565154
-2.063634	0.573907
-2.059707	0.585142
-2.055780	0.598930
-2.051853	0.615198
-2.047926	0.633682
-2.043999	0.653918
-2.040072	0.675277
-2.036145	0.697037
-2.032218	0.718484
-2.028291	0.739007
-2.024364	0.758182
-2.020437	0.775811
-2.016510	0.791920
-2.012583	0.806725
-2.008656	0.820558
-2.004729	0.833792
-2.000802	0.846760
-1.996875	0.859689
-1.992948	0.872658
-1.989021	0.885577
-1.985094	0.898209
-1.981167	0.910208
-1.977240	0.921181
-1.973313	0.930767
-1.969386	0.938686
-1.965459	0.944787
-1.961532	0.949057
-1.957605	0.951599
-1.953678	0.952600
-1.949751	0.952283
-1.945824	0.950863
-1.941897	0.948515
-1.937970	0.945368
-1.934043	0.941516
-1.930116	0.937046
-1.926189	0.932075
-1.922262	0.926772
-1.918335	0.921354
-1.914408	0.916056
-1.910481	0.911090
-1.906554	0.906617
-1.902627	0.902733
-1.898700	0.899498
-1.894773	0.896983
-1.890846	0.895340
-1.886919	0.894863
-1.882992	0.896005
-1.879065	0.899349
-1.875138	0.905531
-1.871211	0.915161
-1.867284	0.928767
-1.863357	0.946777
-1.859430	0.969521
-1.855503	0.997247
-1.851576	1.030129
-1.847649	1.068264
-1.843722	1.111658
-1.839795	1.160205
-1.835868	1.213644
-1.831941	1.271522
-1.828014	1.333136
-1.824087	1.397495
-1.820160	1.463290
-1.816233	1.528902
-1.812306	1.592464
-1.808379	1.651990
-1.804452	1.705575
-1.800525	1.751619
-1.796598	1.789057
-1.792671	1.817496
-1.788744	1.837250
-1.784817	1.849252
-1.780890	1.854878
-1.776963	1.855728
-1.773036	1.853411
-1.769109	1.849367
-1.765182	1.844741
-1.761255	1.840307
-1.757328	1.836427
-1.753401	1.833048
-1.749474	1.829739
-1.745547	1.825769
-1.741620	1.820261
-1.737693	1.812373
-1.733766	1.801495
-1.729839	1.787402
-1.725912	1.770322
-1.721985	1.750893
-1.718058	1.730036
-1.714131	1.708769
-1.710205	1.688032
-1.706278	1.668542
-1.702351	1.650738
-1.698424	1.634784
-1.694497	1.620658
-1.690570	1.608267
-1.686643	1.597588
-1.682716	1.588770
-1.678789	1.582196
-1.674862	1.578479
-1.670935	1.578395
-1.667008	1.582778
-1.663081	1.592401
-1.659154	1.607862
-1.655227	1.629478
-1.651300	1.657216
-1.647373	1.690626
-1.643446	1.728792
-1.639519	1.770315
-1.635592	1.813317
-1.631665	1.855512
-1.627738	1.894340
-1.623811	1.927188
-1.619884	1.951660
-1.615957	1.965872
-1.612030	1.968697
-1.608103	1.959916
-1.604176	1.940211
-1.600249	1.911019
-1.596322	1.874273
-1.592395	1.832093
-1.588468	1.786507
-1.584541	1.739250
-1.580614	1.691669
-1.576687	1.644729
-1.572760	1.599089
-1.568833	1.555208
-1.564906	1.513442
-1.560979	1.474095
-1.557052	1.437427
-1.553125	1.403628
-1.549198	1.372760
-1.545271	1.344723
-1.541344	1.319236
-1.537417	1.295862
-1.533490	1.274065
-1.529563	1.253304
-1.525636	1.233129
-1.521709	1.213267
-1.517782	1.193682
-1.513855	1.174586
-1.509928	1.156404
-1.506001	1.139710
-1.502074	1.125151
-1.498147	1.113364
-1.494220	1.104918
-1.490293	1.100267
-1.486366	1.099725
-1.482439	1.103449
-1.478512	1.111433
-1.474585	1.123501
-1.470658	1.139306
-1.466731	1.158335
-1.462804	1.179928
-1.458877	1.203305
-1.454950	1.227623
-1.451023	1.252034
-1.447096	1.275759
-1.443169	1.298143
-1.439242	1.318700
-1.435315	1.337125
-1.431388	1.353287
-1.427461	1.367194
-1.423534	1.378966
-1.419607	1.388787
-1.415680	1.396878
-1.411753	1.403472
-1.407826	1.408793
-1.403899	1.413050
-1.399972	1.416425
-1.396045	1.419081
-1.392118	1.421152
-1.388191	1.422752
-1.384264	1.423971
-1.380337	1.424883
-1.376410	1.425544
-1.372483	1.425991
-1.368556	1.426248
-1.364629	1.426323
-1.360702	1.426207
-1.356775	1.425875
-1.352848	1.425284
-1.348921	1.424371
-1.344994	1.423051
-1.341067	1.421217
-1.337140	1.418738
-1.333213	1.415464
-1.329286	1.411227
-1.325359	1.405855
-1.321432	1.399184
-1.317505	1.391084
-1.313578	1.381479
-1.309651	1.370385
-1.305724	1.357922
-1.301797	1.344329
-1.297870	1.329942
-1.293943	1.315152
-1.290016	1.300333
-1.286089	1.285758
-1.282163	1.271517
-1.278236	1.257468
-1.274309	1.243229
-1.270382	1.228233
-1.266455	1.211827
-1.262528	1.193417
-1.258601	1.172609
-1.254674	1.149316
-1.250747	1.123801
-1.246820	1.096654
-1.242893	1.068699
-1.238966	1.040883
-1.235039	1.014158
-1.231112	0.989391
-1.227185	0.967310
-1.223258	0.948479
-1.219331	0.933300
-1.215404	0.922019
-1.211477	0.914749
-1.207550	0.911476
-1.203623	0.912074
-1.199696	0.916305
-1.195769	0.923820
-1.191842	0.934168
-1.187915	0.946801
-1.183988	0.961102
-1.180061	0.976418
-1.176134	0.992104
-1.172207	1.007576
-1.168280	1.022345
-1.164353	1.036052
-1.160426	1.048470
-1.156499	1.059497
-1.152572	1.069136
-1.148645	1.077461
-1.144718	1.084596
-1.140791	1.090688
-1.136864	1.095888
-1.132937	1.100340
-1.129010	1.104171
-1.125083	1.107490
-1.121156	1.110384
-1.117229	1.112918
-1.113302	1.115135
-1.109375	1.117057
-1.105448	1.118683
-1.101521	1.119989
-1.097594	1.120927
-1.093667	1.121423
-1.089740	1.121375
-1.085813	1.120648
-1.081886	1.119073
-1.077959	1.116448
-1.074032	1.112533
-1.070105	1.107059
-1.066178	1.099739
-1.062251	1.090282
-1.058324	1.078421
-1.054397	1.063950
-1.050470	1.046762
-1.046543	1.026890
-1.042616	1.004541
-1.038689	0.980102
-1.034762	0.954132
-1.030835	0.927317
-1.026908	0.900418
-1.022981	0.874201
-1.019054	0.849383
-1.015127	0.826585
-1.011200	0.806315
-1.007273	0.788962
-1.003346	0.774799
-0.999419	0.764003
-0.995492	0.756666
-0.991565	0.752811
-0.987638	0.752395
-0.983711	0.755314
-0.979784	0.761397
-0.975857	0.770401
-0.971930	0.782003
-0.968003	0.795797
-0.964076	0.811301
-0.960149	0.827971
-0.956222	0.845236
-0.952295	0.862532
-0.948368	0.879351
-0.944441	0.895276
-0.940514	0.910007
-0.936587	0.923368
-0.932660	0.935296
-0.928733	0.945823
-0.924806	0.955048
-0.920879	0.963112
-0.916952	0.970175
-0.913025	0.976398
-0.909098	0.981933
-0.905171	0.986917
-0.901244	0.991468
-0.897317	0.995680
-0.893390	0.999630
-0.889463	1.003372
-0.885536	1.006944
-0.881609	1.010361
-0.877682	1.013620
-0.873755	1.016698
-0.869828	1.019548
-0.865901	1.022099
-0.861974	1.024253
-0.858047	1.025880
-0.854121	1.026816
-0.850194	1.026863
-0.846267	1.025785
-0.842340	1.023316
-0.838413	1.019167
-0.834486	1.013046
-0.830559	1.004684
-0.826632	0.993872
-0.822705	0.980501
-0.818778	0.964602
-0.814851	0.946378
-0.810924	0.926214
-0.806997	0.904659
-0.803070	0.882385
-0.799143	0.860123
-0.795216	0.838599
-0.791289	0.818468
-0.787362	0.800271
-0.783435	0.784403
-0.779508	0.771110
-0.775581	0.760482
-0.771654	0.752475
-0.767727	0.746926
-0.763800	0.743578
-0.759873	0.742110
-0.755946	0.742165
-0.752019	0.743387
-0.748092	0.745442
-0.744165	0.748043
-0.740238	0.750957
-0.736311	0.754010
-0.732384	0.757081
-0.728457	0.760092
-0.724530	0.763000
-0.720603	0.765785
-0.716676	0.768444
-0.712749	0.770980
-0.708822	0.773404
-0.704895	0.775728
-0.700968	0.777964
-0.697041	0.780123
-0.693114	0.782217
-0.689187	0.784254
-0.685260	0.786243
-0.681333	0.788190
-0.677406	0.790101
-0.673479	0.791981
-0.669552	0.793836
-0.665625	0.795668
-0.661698	0.797482
-0.657771	0.799281
-0.653844	0.801067
-0.649917	0.802844
-0.645990	0.804614
-0.642063	0.806379
-0.638136	0.808142
-0.634209	0.809905
-0.630282	0.811670
-0.626355	0.813439
-0.622428	0.815215
-0.618501	0.816999
-0.614574	0.818793
-0.610647	0.820600
-0.606720	0.822422
-0.602793	0.824260
-0.598866	0.826117
-0.594939	0.827994
-0.591012	0.829895
-0.587085	0.831820
-0.583158	0.833772
-0.579231	0.835753
-0.575304	0.837766
-0.571377	0.839813
-0.567450	0.841895
-0.563523	0.844016
-0.559596	0.846177
-0.555669	0.848382
-0.551742	0.850632
-0.547815	0.852931
-0.543888	0.855280
-0.539961	0.857684
-0.536034	0.860144
-0.532107	0.862664
-0.528180	0.865246
-0.524253	0.867894
-0.520326	0.870612
-0.516399	0.873402
-0.512472	0.876269
-0.508545	0.879215
-0.504618	0.882246
-0.500691	0.885364
-0.496764	0.888574
-0.492837	0.891881
-0.488910	0.895289
-0.484983	0.898803
-0.481056	0.902428
-0.477129	0.906170
-0.473202	0.910032
-0.469275	0.914022
-0.465348	0.918146
-0.461421	0.922408
-0.457494	0.926817
-0.453567	0.931377
-0.449640	0.936097
-0.445713	0.940984
-0.441786	0.946044
-0.437859	0.951285
-0.433932	0.956714
-0.430005	0.962340
-0.426079	0.968170
-0.422152	0.974211
-0.418225	0.980471
-0.414298	0.986956
-0.410371	0.993672
-0.406444	1.000626
-0.402517	1.007820
-0.398590	1.015257
-0.394663	1.022937
-0.390736	1.030856
-0.386809	1.039007
-0.382882	1.047377
-0.378955	1.055947
-0.375028	1.064689
-0.371101	1.073564
-0.367174	1.082518
-0.363247	1.091482
-0.359320	1.100364
-0.355393	1.109045
-0.351466	1.117376
-0.347539	1.125165
-0.343612	1.132178
-0.339685	1.138124
-0.335758	1.142656
-0.331831	1.145362
-0.327904	1.145772
-0.323977	1.143358
-0.320050	1.137565
-0.316123	1.127834
-0.312196	1.113655
-0.308269	1.094627
-0.304342	1.070526
-0.300415	1.041363
-0.296488	1.007424
-0.292561	0.969274
-0.288634	0.927718
-0.284707	0.883728
-0.280780	0.838343
-0.276853	0.792576
-0.272926	0.747330
-0.268999	0.703351
-0.265072	0.661203
-0.261145	0.621272
-0.257218	0.583790
-0.253291	0.548858
-0.249364	0.516478
-0.245437	0.486584
-0.241510	0.459062
-0.237583	0.433768
-0.233656	0.410547
-0.229729	0.389238
-0.225802	0.369681
-0.221875	0.351724
-0.217948	0.335224
-0.214021	0.320048
-0.210094	0.306075
-0.206167	0.293194
-0.202240	0.281304
-0.198313	0.270315
-0.194386	0.260145
-0.190459	0.250719
-0.186532	0.241973
-0.182605	0.233847
-0.178678	0.226287
-0.174751	0.219246
-0.170824	0.212680
-0.166897	0.206550
-0.162970	0.200822
-0.159043	0.195464
-0.155116	0.190448
-0.151189	0.185747
-0.147262	0.181339
-0.143335	0.177202
-0.139408	0.173318
-0.135481	0.169668
-0.131554	0.166237
-0.127627	0.163010
-0.123700	0.159975
-0.119773	0.157119
-0.115846	0.154432
-0.111919	0.151903
-0.107992	0.149523
-0.104065	0.147284
-0.100138	0.145177
-0.096211	0.143197
-0.092284	0.141337
-0.088357	0.139590
-0.084430	0.137951
-0.080503	0.136415
-0.076576	0.134978
-0.072649	0.133635
-0.068722	0.132382
-0.064795	0.131217
-0.060868	0.130135
-0.056941	0.129133
-0.053014	0.128210
-0.049087	0.127362
-0.045160	0.126588
-0.041233	0.125885
-0.037306	0.125251
-0.033379	0.124686
-0.029452	0.124186
-0.025525	0.123753
-0.021598	0.123383
-0.017671	0.123077
-0.013744	0.122833
-0.009817	0.122651
-0.005890	0.122531
-0.001963	0.122472
0.001963	0.122474
0.005890	0.122537
0.009817	0.122661
0.013744	0.122847
0.017671	0.123095
0.021598	0.123406
0.025525	0.123779
0.029452	0.124217
0.033379	0.124721
0.037306	0.125291
0.041233	0.125929
0.045160	0.126637
0.049087	0.127416
0.053014	0.128269
0.056941	0.129198
0.060868	0.130204
0.064795	0.131292
0.068722	0.132463
0.072649	0.133722
0.076576	0.135071
0.080503	0.136515
0.084430	0.138058
0.088357	0.139704
0.092284	0.141459
0.096211	0.143327
0.100138	0.145316
0.104065	0.147431
0.107992	0.149680
0.111919	0.152070
0.115846	0.154610
0.119773	0.157309
0.123700	0.160177
0.127627	0.163225
0.131554	0.166466
0.135481	0.169912
0.139408	0.173578
0.143335	0.177480
0.147262	0.181636
0.151189	0.186065
0.155116	0.190787
0.159043	0.195827
0.162970	0.201211
0.166897	0.206967
0.170824	0.213127
0.174751	0.219727
0.178678	0.226805
0.182605	0.234404
0.186532	0.242574
0.190459	0.251368
0.194386	0.260846
0.198313	0.271074
0.202240	0.282127
0.206167	0.294087
0.210094	0.307046
0.214021	0.321104
0.217948	0.336374
0.221875	0.352978
0.225802	0.371049
0.229729	0.390732
0.233656	0.412179
0.237583	0.435549
0.241510	0.461003
0.245437	0.488698
0.249364	0.518773
0.253291	0.551341
0.257218	0.586463
0.261145	0.624129
0.265072	0.664229
0.268999	0.706522
0.272926	0.750606
0.276853	0.795903
0.280780	0.841655
0.284707	0.886947
0.288634	0.930763
0.292561	0.972063
0.296488	1.009888
0.300415	1.043449
0.304342	1.072203
0.308269	1.095887
0.312196	1.114509
0.316123	1.128311
0.320050	1.137705
0.323977	1.143206
0.327904	1.145373
0.331831	1.144763
0.335758	1.141896
0.339685	1.137239
0.343612	1.131199
0.347539	1.124118
0.351466	1.116282
0.355393	1.107921
0.359320	1.099222
0.363247	1.090334
0.367174	1.081372
0.371101	1.072426
0.375028	1.063564
0.378955	1.054839
0.382882	1.046288
0.386809	1.037938
0.390736	1.029809
0.394663	1.021912
0.398590	1.014255
0.402517	1.006840
0.406444	0.999668
0.410371	0.992737
0.414298	0.986042
0.418225	0.979578
0.422152	0.973338
0.426079	0.967317
0.430005	0.961506
0.433932	0.955898
0.437859	0.950486
0.441786	0.945262
0.445713	0.940218
0.449640	0.935347
0.453567	0.930642
0.457494	0.926095
0.461421	0.921700
0.465348	0.917451
0.469275	0.913340
0.473202	0.909362
0.477129	0.905511
0.481056	0.901780
0.484983	0.898166
0.488910	0.894662
0.492837	0.891263
0.496764	0.887966
0.500691	0.884764
0.504618	0.881654
0.508545	0.878632
0.512472	0.875694
0.516399	0.872835
0.520326	0.870052
0.524253	0.867341
0.528180	0.864700
0.532107	0.862124
0.536034	0.859611
0.539961	0.857157
0.543888	0.854760
0.547815	0.852416
0.551742	0.850123
0.555669	0.847879
0.559596	0.845680
0.563523	0.843524
0.567450	0.841409
0.571377	0.839332
0.575304	0.837291
0.579231	0.835284
0.583158	0.833308
0.587085	0.831361
0.591012	0.829441
0.594939	0.827547
0.598866	0.825675
0.602793	0.823824
0.606720	0.821992
0.610647	0.820177
0.614574	0.818376
0.618501	0.816589
0.622428	0.814812
0.626355	0.813043
0.630282	0.811282
0.634209	0.809525
0.638136	0.807771
0.642063	0.806017
0.645990	0.804261
0.649917	0.802502
0.653844	0.800736
0.657771	0.798961
0.661698	0.797175
0.665625	0.795374
0.669552	0.793557
0.673479	0.791718
0.677406	0.789855
0.681333	0.787963
0.685260	0.786038
0.689187	0.784072
0.693114	0.782061
0.697041	0.779996
0.700968	0.777868
0.704895	0.775668
0.708822	0.773383
0.712749	0.771003
0.716676	0.768513
0.720603	0.765905
0.724530	0.763171
0.728457	0.760312
0.732384	0.757343
0.736311	0.754301
0.740238	0.751252
0.744165	0.748306
0.748092	0.745622
0.752019	0.743416
0.755946	0.741965
0.759873	0.741590
0.763800	0.742646
0.767727	0.745493
0.771654	0.750467
0.775581	0.757846
0.779508	0.767825
0.783435	0.780486
0.787362	0.795778
0.791289	0.813503
0.795216	0.833308
0.799143	0.854694
0.803070	0.877030
0.806997	0.899603
0.810924	0.921669
0.814851	0.942523
0.818778	0.961567
0.822705	0.978355
0.826632	0.992626
0.830559	1.004296
0.834486	1.013434
0.838413	1.020227
0.842340	1.024931
0.846267	1.027839
0.850194	1.029248
0.854121	1.029434
0.858047	1.028647
0.861974	1.027099
0.865901	1.024966
0.869828	1.022387
0.873755	1.019469
0.877682	1.016290
0.881609	1.012900
0.885536	1.009325
0.889463	1.005568
0.893390	1.001613
0.897317	0.997421
0.901244	0.992932
0.905171	0.988066
0.909098	0.982719
0.913025	0.976769
0.916952	0.970072
0.920879	0.962472
0.924806	0.953805
0.928733	0.943915
0.932660	0.932673
0.936587	0.920000
0.940514	0.905895
0.944441	0.890460
0.948368	0.873915
0.952295	0.856607
0.956222	0.838988
0.960149	0.821592
0.964076	0.804990
0.968003	0.789749
0.971930	0.776391
0.975857	0.765372
0.979784	0.757068
0.983711	0.751771
0.987638	0.749700
0.991565	0.751001
0.995492	0.755764
0.999419	0.764014
1.003346	0.775719
1.007273	0.790773
1.011200	0.808987
1.015127	0.830071
1.019054	0.853624
1.022981	0.879119
1.026908	0.905918
1.030835	0.933291
1.034762	0.960464
1.038689	0.986675
1.042616	1.011244
1.046543	1.033626
1.050470	1.053452
1.054397	1.070537
1.058324	1.084866
1.062251	1.096562
1.066178	1.105845
1.070105	1.112989
1.074032	1.118293
1.077959	1.122045
1.081886	1.124517
1.085813	1.125944
1.089740	1.126529
1.093667	1.126438
1.097594	1.125800
1.101521	1.124715
1.105448	1.123251
1.109375	1.121451
1.113302	1.119329
1.117229	1.116879
1.121156	1.114069
1.125083	1.110844
1.129010	1.107125
1.132937	1.102811
1.136864	1.097777
1.140791	1.091881
1.144718	1.084966
1.148645	1.076874
1.152572	1.067461
1.156499	1.056617
1.160426	1.044297
1.164353	1.030548
1.168280	1.015535
1.172207	0.999559
1.176134	0.983054
1.180061	0.966571
1.183988	0.950738
1.187915	0.936217
1.191842	0.923652
1.195769	0.913634
1.199696	0.906668
1.203623	0.903163
1.207550	0.903424
1.211477	0.907656
1.215404	0.915963
1.219331	0.928346
1.223258	0.944692
1.227185	0.964763
1.231112	0.988172
1.235039	1.014372
1.238966	1.042652
1.242893	1.072147
1.246820	1.101894
1.250747	1.130913
1.254674	1.158316
1.258601	1.183431
1.262528	1.205895
1.266455	1.225698
1.270382	1.243151
1.274309	1.258788
1.278236	1.273228
1.282163	1.287038
1.286089	1.300620
1.290016	1.314161
1.293943	1.327632
1.297870	1.340839
1.301797	1.353495
1.305724	1.365299
1.309651	1.375999
1.313578	1.385427
1.317505	1.393514
1.321432	1.400277
1.325359	1.405804
1.329286	1.410222
1.333213	1.413683
1.337140	1.416338
1.341067	1.418334
1.344994	1.419798
1.348921	1.420838
1.352848	1.421543
1.356775	1.421979
1.360702	1.422197
1.364629	1.422226
1.368556	1.422081
1.372483	1.421761
1.376410	1.421252
1.380337	1.420523
1.384264	1.419530
1.388191	1.418211
1.392118	1.416489
1.396045	1.414267
1.399972	1.411425
1.403899	1.407823
1.407826	1.403295
1.411753	1.397653
1.415680	1.390686
1.419607	1.382167
1.423534	1.371869
1.427461	1.359579
1.431388	1.345127
1.435315	1.328423
1.439242	1.309489
1.443169	1.288500
1.447096	1.265807
1.451023	1.241939
1.454950	1.217584
1.458877	1.193544
1.462804	1.170668
1.466731	1.149790
1.470658	1.131665
1.474585	1.116925
1.478512	1.106050
1.482439	1.099357
1.486366	1.097001
1.490293	1.098968
1.494220	1.105091
1.498147	1.115046
1.502074	1.128375
1.506001	1.144504
1.509928	1.162788
1.513855	1.182572
1.517782	1.203265
1.521709	1.224422
1.525636	1.245804
1.529563	1.267419
1.533490	1.289501
1.537417	1.312459
1.541344	1.336792
1.545271	1.362985
1.549198	1.391426
1.553125	1.422351
1.557052	1.455830
1.560979	1.491789
1.564906	1.530058
1.568833	1.570417
1.572760	1.612625
1.576687	1.656395
1.580614	1.701326
1.584541	1.746798
1.588468	1.791869
1.592395	1.835200
1.596322	1.875075
1.600249	1.909500
1.604176	1.936421
1.608103	1.954000
1.612030	1.960905
1.615957	1.956556
1.619884	1.941246
1.623811	1.916129
1.627738	1.883074
1.631665	1.844426
1.635592	1.802724
1.639519	1.760451
1.643446	1.719821
1.647373	1.682654
1.651300	1.650306
1.655227	1.623661
1.659154	1.603151
1.663081	1.588806
1.667008	1.580309
1.670935	1.577072
1.674862	1.578330
1.678789	1.583241
1.682716	1.591011
1.686643	1.600991
1.690570	1.612756
1.694497	1.626118
1.698424	1.641067
1.702351	1.657663
1.706278	1.675895
1.710205	1.695549
1.714131	1.716128
1.718058	1.736848
1.721985	1.756724
1.725912	1.774716
1.729839	1.789933
1.733766	1.801811
1.737693	1.810240
1.741620	1.815588
1.745547	1.818614
1.749474	1.820290
1.753401	1.821588
1.757328	1.823276
1.761255	1.825773
1.765182	1.829073
1.769109	1.832735
1.773036	1.835927
1.776963	1.837508
1.780890	1.836110
1.784817	1.830243
1.788744	1.818422
1.792671	1.799319
1.796598	1.771953
1.800525	1.735876
1.804452	1.691312
1.808379	1.639179
1.812306	1.580991
1.816233	1.518646
1.820160	1.454178
1.824087	1.389526
1.828014	1.326367
1.831941	1.266038
1.835868	1.209517
1.839795	1.157461
1.843722	1.110265
1.847649	1.068134
1.851576	1.031135
1.855503	0.999252
1.859430	0.972400
1.863357	0.950434
1.867284	0.933136
1.871211	0.920191
1.875138	0.911174
1.879065	0.905554
1.882992	0.902724
1.886919	0.902058
1.890846	0.902973
1.894773	0.904974
1.898700	0.907680
1.902627	0.910829
1.906554	0.914256
1.910481	0.917872
1.914408	0.921633
1.918335	0.925517
1.922262	0.929502
1.926189	0.933544
1.930116	0.937568
1.934043	0.941452
1.937970	0.945031
1.941897	0.948087
1.945824	0.950362
1.949751	0.951568
1.953678	0.951406
1.957605	0.949606
1.961532	0.945964
1.965459	0.940387
1.969386	0.932931
1.973313	0.923804
1.977240	0.913347
1.981167	0.901979
1.985094	0.890120
1.989021	0.878111
1.992948	0.866149
1.996875	0.854255
2.000802	0.842274
2.004729	0.829916
2.008656	0.816822
2.012583	0.802642
2.016510	0.787106
2.020437	0.770083
2.024364	0.751608
2.028291	0.731886
2.032218	0.711266
2.036145	0.690213
2.040072	0.669255
2.043999	0.648938
2.047926	0.629785
2.051853	0.612260
2.055780	0.596740
2.059707	0.583502
2.063634	0.572710
2.067561	0.564420
2.071488	0.558588
2.075415	0.555096
2.079342	0.553777
2.083269	0.554454
2.087196	0.556974
2.091123	0.561224
2.095050	0.567141
2.098977	0.574707
2.102904	0.583932
2.106831	0.594839
2.110758	0.607437
2.114685	0.621704
2.118612	0.637570
2.122539	0.654898
2.126466	0.673484
2.130393	0.693048
2.134320	0.713251
2.138246	0.733708
2.142173	0.754012
2.146100	0.773761
2.150027	0.792582
2.153954	0.810157
2.157881	0.826249
2.161808	0.840723
2.165735	0.853581
2.169662	0.864974
2.173589	0.875213
2.177516	0.884759
2.181443	0.894185
2.185370	0.904123
2.189297	0.915198
2.193224	0.927960
2.197151	0.942821
2.201078	0.959994
2.205005	0.979461
2.208932	1.000945
2.212859	1.023912
2.216786	1.047602
2.220713	1.071081
2.224640	1.093319
2.228567	1.113287
2.232494	1.130037
2.236421	1.142788
2.240348	1.150966
2.244275	1.154244
2.248202	1.152550
2.252129	1.146091
2.256056	1.135358
2.259983	1.121123
2.263910	1.104413
2.267837	1.086433
2.271764	1.068457
2.275691	1.051704
2.279618	1.037221
2.283545	1.025796
2.287472	1.017904
2.291399	1.013691
2.295326	1.012975
2.299253	1.015260
2.303180	1.019766
2.307107	1.025463
2.311034	1.031132
2.314961	1.035446
2.318888	1.037091
2.322815	1.034903
2.326742	1.028016
2.330669	1.015975
2.334596	0.998795
2.338523	0.976948
2.342450	0.951274
2.346377	0.922862
2.350304	0.892902
2.354231	0.862562
2.358158	0.832886
2.362085	0.804741
2.366012	0.778782
2.369939	0.755453
2.373866	0.735001
2.377793	0.717494
2.381720	0.702847
2.385647	0.690842
2.389574	0.681155
2.393501	0.673384
2.397428	0.667074
2.401355	0.661762
2.405282	0.657011
2.409209	0.652447
2.413136	0.647789
2.417063	0.642863
2.420990	0.637589
2.424917	0.631958
2.428844	0.625996
2.432771	0.619729
2.436698	0.613169
2.440625	0.606304
2.444552	0.599114
2.448479	0.591576
2.452406	0.583681
2.456333	0.575433
2.460260	0.566847
2.464187	0.557944
2.468114	0.548754
2.472041	0.539319
2.475968	0.529703
2.479895	0.520001
2.483822	0.510337
2.487749	0.500862
2.491676	0.491738
2.495603	0.483124
2.499530	0.475165
2.503457	0.467981
2.507384	0.461666
2.511311	0.456286
2.515238	0.451882
2.519165	0.448465
2.523092	0.446012
2.527019	0.444457
2.530946	0.443681
2.534873	0.443511
2.538800	0.443715
2.542727	0.444020
2.546654	0.444124
2.550581	0.443727
2.554508	0.442561
2.558435	0.440412
2.562362	0.437143
2.566288	0.432710
2.570215	0.427157
2.574142	0.420617
2.578069	0.413293
2.581996	0.405443
2.585923	0.397355
2.589850	0.389331
2.593777	0.381662
2.597704	0.374621
2.601631	0.368444
2.605558	0.363329
2.609485	0.359431
2.613412	0.356863
2.617339	0.355699
2.621266	0.355971
2.625193	0.357673
2.629120	0.360760
2.633047	0.365137
2.636974	0.370658
2.640901	0.377117
2.644828	0.384237
2.648755	0.391678
2.652682	0.399043
2.656609	0.405905
2.660536	0.411850
2.664463	0.416515
2.668390	0.419640
2.672317	0.421089
2.676244	0.420871
2.680171	0.419119
2.684098	0.416076
2.688025	0.412054
2.691952	0.407405
2.695879	0.402492
2.699806	0.397666
2.703733	0.393247
2.707660	0.389513
2.711587	0.386680
2.715514	0.384893
2.719441	0.384217
2.723368	0.384631
2.727295	0.386032
2.731222	0.388243
2.735149	0.391029
2.739076	0.394108
2.743003	0.397171
2.746930	0.399892
2.750857	0.401947
2.754784	0.403032
2.758711	0.402881
2.762638	0.401292
2.766565	0.398152
2.770492	0.393453
2.774419	0.387299
2.778346	0.379897
2.782273	0.371541
2.786200	0.362576
2.790127	0.353373
2.794054	0.344288
2.797981	0.335646
2.801908	0.327720
2.805835	0.320722
2.809762	0.314802
2.813689	0.310050
2.817616	0.306498
2.821543	0.304119
2.825470	0.302836
2.829397	0.302517
2.833324	0.302984
2.837251	0.304018
2.841178	0.305361
2.845105	0.306736
2.849032	0.307857
2.852959	0.308448
2.856886	0.308274
2.860813	0.307159
2.864740	0.305009
2.868667	0.301826
2.872594	0.297705
2.876521	0.292828
2.880448	0.287432
2.884375	0.281792
2.888302	0.276189
2.892229	0.270885
2.896156	0.266114
2.900083	0.262070
2.904010	0.258904
2.907937	0.256730
2.911864	0.255625
2.915791	0.255638
2.919718	0.256794
2.923645	0.259095
2.927572	0.262524
2.931499	0.267041
2.935426	0.272576
2.939353	0.279032
2.943280	0.286271
2.947207	0.294117
2.951134	0.302353
2.955061	0.310723
2.958988	0.318947
2.962915	0.326734
2.966842	0.333801
2.970769	0.339895
2.974696	0.344816
2.978623	0.348436
2.982550	0.350712
2.986477	0.351697
2.990404	0.351541
2.994330	0.350477
2.998257	0.348802
3.002184	0.346845
3.006111	0.344934
3.010038	0.343361
3.013965	0.342353
3.017892	0.342055
3.021819	0.342522
3.025746	0.343715
3.029673	0.345511
3.033600	0.347715
3.037527	0.350077
3.041454	0.352314
3.045381	0.354131
3.049308	0.355236
3.053235	0.355364
3.057162	0.354287
3.061089	0.351830
3.065016	0.347896
3.068943	0.342473
3.072870	0.335653
3.076797	0.327625
3.080724	0.318659
3.084651	0.309081
3.088578	0.299239
3.092505	0.289467
3.096432	0.280060
3.100359	0.271265
3.104286	0.263268
3.108213	0.256207
3.112140	0.250172
3.116067	0.245220
3.119994	0.241383
3.123921	0.238678
3.127848	0.237108
3.131775	0.236675
3.135702	0.237372
3.139629	0.239192
3.143556	0.242119
3.147483	0.246132
3.151410	0.251192
3.155337	0.257239
3.159264	0.264183
3.163191	0.271898
3.167118	0.280208
3.171045	0.288889
3.174972	0.297668
3.178899	0.306232
3.182826	0.314253
3.186753	0.321411
3.190680	0.327436
3.194607	0.332138
3.198534	0.335442
3.202461	0.337403
3.206388	0.338201
3.210315	0.338130
3.214242	0.337559
3.218169	0.336892
3.222096	0.336534
3.226023	0.336845
3.229950	0.338122
3.233877	0.340578
3.237804	0.344331
3.241731	0.349398
3.245658	0.355700
3.249585	0.363057
3.253512	0.371192
3.257439	0.379742
3.261366	0.388266
3.265293	0.396266
3.269220	0.403214
3.273147	0.408587
3.277074	0.411909
3.281001	0.412800
3.284928	0.411013
3.288855	0.406474
3.292782	0.399293
3.296709	0.389758
3.300636	0.378303
3.304563	0.365453
3.308490	0.351767
3.312417	0.337784
3.316344	0.323980
3.320271	0.310747
3.324198	0.298385
3.328125	0.287111
3.332052	0.277069
3.335979	0.268340
3.339906	0.260963
3.343833	0.254937
3.347760	0.250236
3.351687	0.246803
3.355614	0.244561
3.359541	0.243400
3.363468	0.243178
3.367395	0.243713
3.371322	0.244781
3.375249	0.246112
3.379176	0.247400
3.383103	0.248319
3.387030	0.248550
3.390957	0.247818
3.394884	0.245920
3.398811	0.242762
3.402738	0.238366
3.406665	0.232862
3.410592	0.226470
3.414519	0.219460
3.418446	0.212118
3.422372	0.204712
3.426299	0.197477
3.430226	0.190600
3.434153	0.184219
3.438080	0.178433
3.442007	0.173305
3.445934	0.168870
3.449861	0.165146
3.453788	0.162136
3.457715	0.159832
3.461642	0.158223
3.465569	0.157288
3.469496	0.157001
3.473423	0.157327
3.477350	0.158218
3.481277	0.159614
3.485204	0.161433
3.489131	0.163572
3.493058	0.165902
3.496985	0.168273
3.500912	0.170515
3.504839	0.172452
3.508766	0.173911
3.512693	0.174743
3.516620	0.174841
3.520547	0.174149
3.524474	0.172677
3.528401	0.170498
3.532328	0.167734
3.536255	0.164548
3.540182	0.161117
3.544109	0.157621
3.548036	0.154221
3.551963	0.151055
3.555890	0.148235
3.559817	0.145844
3.563744	0.143944
3.567671	0.142578
3.571598	0.141775
3.575525	0.141556
3.579452	0.141937
3.583379	0.142932
3.587306	0.144551
3.591233	0.146804
3.595160	0.149700
3.599087	0.153244
3.603014	0.157436
3.606941	0.162265
3.610868	0.167711
3.614795	0.173733
3.618722	0.180270
3.622649	0.187234
3.626576	0.194508
3.630503	0.201946
3.634430	0.209373
3.638357	0.216591
3.642284	0.223392
3.646211	0.229565
3.650138	0.234916
3.654065	0.239289
3.657992	0.242584
3.661919	0.244773
3.665846	0.245913
3.669773	0.246144
3.673700	0.245677
3.677627	0.244772
3.681554	0.243708
3.685481	0.242757
3.689408	0.242160
3.693335	0.242110
3.697262	0.242741
3.701189	0.244126
3.705116	0.246278
3.709043	0.249147
3.712970	0.252623
3.716897	0.256531
3.720824	0.260633
3.724751	0.264630
3.728678	0.268180
3.732605	0.270924
3.736532	0.272524
3.740459	0.272705
3.744386	0.271283
3.748313	0.268188
3.752240	0.263462
3.756167	0.257243
3.760094	0.249751
3.764021	0.241255
3.767948	0.232052
3.771875	0.222441
3.775802	0.212702
3.779729	0.203084
3.783656	0.193791
3.787583	0.184980
3.791510	0.176766
3.795437	0.169222
3.799364	0.162389
3.803291	0.156282
3.807218	0.150900
3.811145	0.146226
3.815072	0.142235
3.818999	0.138895
3.822926	0.136171
3.826853	0.134022
3.830780	0.132405
3.834707	0.131276
3.838634	0.130586
3.842561	0.130288
3.846488	0.130333
3.850414	0.130674
3.854341	0.131267
3.858268	0.132063
3.862195	0.133011
3.866122	0.134052
3.870049	0.135113
3.873976	0.136106
3.877903	0.136937
3.881830	0.137506
3.885757	0.137723
3.889684	0.137521
3.893611	0.136867
3.897538	0.135769
3.901465	0.134277
3.905392	0.132475
3.909319	0.130472
3.913246	0.128391
3.917173	0.126349
3.921100	0.124457
3.925027	0.122807
3.928954	0.121477
3.932881	0.120525
3.936808	0.120000
3.940735	0.119935
3.944662	0.120359
3.948589	0.121298
3.952516	0.122773
3.956443	0.124805
3.960370	0.127417
3.964297	0.130632
3.968224	0.134471
3.972151	0.138953
3.976078	0.144095
3.980005	0.149900
3.983932	0.156357
3.987859	0.163432
3.991786	0.171060
3.995713	0.179132
3.999640	0.187493
4.003567	0.195931
4.007494	0.204182
4.011421	0.211939
4.015348	0.218870
4.019275	0.224652
4.023202	0.229008
4.027129	0.231742
4.031056	0.232781
4.034983	0.232178
4.038910	0.230116
4.042837	0.226876
4.046764	0.222800
4.050691	0.218246
4.054618	0.213554
4.058545	0.209022
4.062472	0.204889
4.066399	0.201334
4.070326	0.198476
4.074253	0.196379
4.078180	0.195058
4.082107	0.194484
4.086034	0.194591
4.089961	0.195281
4.093888	0.196429
4.097815	0.197888
4.101742	0.199497
4.105669	0.201083
4.109596	0.202468
4.113523	0.203474
4.117450	0.203936
4.121377	0.203705
4.125304	0.202667
4.129231	0.200751
4.133158	0.197943
4.137085	0.194283
4.141012	0.189869
4.144939	0.184844
4.148866	0.179384
4.152793	0.173680
4.156720	0.167919
4.160647	0.162277
4.164574	0.156902
4.168501	0.151914
4.172428	0.147403
4.176355	0.143435
4.180282	0.140052
4.184209	0.137282
4.188136	0.135140
4.192063	0.133635
4.195990	0.132773
4.199917	0.132559
4.203844	0.132998
4.207771	0.134099
4.211698	0.135871
4.215625	0.138328
4.219552	0.141481
4.223479	0.145343
4.227406	0.149922
4.231333	0.155218
4.235260	0.161220
4.239187	0.167894
4.243114	0.175181
4.247041	0.182990
4.250968	0.191187
4.254895	0.199588
4.258822	0.207966
4.262749	0.216042
4.266676	0.223506
4.270603	0.230031
4.274530	0.235297
4.278456	0.239030
4.282383	0.241033
4.286310	0.241210
4.290237	0.239587
4.294164	0.236309
4.298091	0.231624
4.302018	0.225852
4.305945	0.219347
4.309872	0.212467
4.313799	0.205541
4.317726	0.198850
4.321653	0.192621
4.325580	0.187020
4.329507	0.182161
4.333434	0.178110
4.337361	0.174889
4.341288	0.172486
4.345215	0.170855
4.349142	0.169921
4.353069	0.169582
4.356996	0.169712
4.360923	0.170162
4.364850	0.170767
4.368777	0.171350
4.372704	0.171732
4.376631	0.171743
4.380558	0.171231
4.384485	0.170080
4.388412	0.168214
4.392339	0.165606
4.396266	0.162283
4.400193	0.158317
4.404120	0.153821
4.408047	0.148937
4.411974	0.143820
4.415901	0.138626
4.419828	0.133500
4.423755	0.128565
4.427682	0.123925
4.431609	0.119656
4.435536	0.115815
4.439463	0.112438
4.443390	0.109549
4.447317	0.107159
4.451244	0.105272
4.455171	0.103889
4.459098	0.103005
4.463025	0.102616
4.466952	0.102711
4.470879	0.103280
4.474806	0.104307
4.478733	0.105770
4.482660	0.107636
4.486587	0.109862
4.490514	0.112392
4.494441	0.115153
4.498368	0.118060
4.502295	0.121012
4.506222	0.123897
4.510149	0.126595
4.514076	0.128981
4.518003	0.130926
4.521930	0.132305
4.525857	0.133006
4.529784	0.132934
4.533711	0.132032
4.537638	0.130290
4.541565	0.127750
4.545492	0.124506
4.549419	0.120691
4.553346	0.116465
4.557273	0.111994
4.561200	0.107434
4.565127	0.102921
4.569054	0.098564
4.572981	0.094448
4.576908	0.090629
4.580835	0.087145
4.584762	0.084017
4.588689	0.081254
4.592616	0.078855
4.596543	0.076818
4.600470	0.075133
4.604397	0.073792
4.608324	0.072787
4.612251	0.072108
4.616178	0.071747
4.620105	0.071692
4.624032	0.071933
4.627959	0.072456
4.631886	0.073243
4.635813	0.074267
4.639740	0.075494
4.643667	0.076882
4.647594	0.078374
4.651521	0.079905
4.655448	0.081397
4.659375	0.082769
4.663302	0.083935
4.667229	0.084817
4.671156	0.085344
4.675083	0.085468
4.679010	0.085163
4.682937	0.084433
4.686864	0.083312
4.690791	0.081858
4.694718	0.080154
4.698645	0.078288
4.702572	0.076353
4.706498	0.074435
4.710425	0.072610
4.714352	0.070938
4.718279	0.069468
4.722206	0.068236
4.726133	0.067267
4.730060	0.066580
4.733987	0.066187
4.737914	0.066098
4.741841	0.066319
4.745768	0.066857
4.749695	0.067714
4.753622	0.068894
4.757549	0.070395
4.761476	0.072213
4.765403	0.074334
4.769330	0.076738
4.773257	0.079389
4.777184	0.082233
4.781111	0.085199
4.785038	0.088193
4.788965	0.091100
4.792892	0.093791
4.796819	0.096127
4.800746	0.097974
4.804673	0.099216
4.808600	0.099765
4.812527	0.099573
4.816454	0.098638
4.820381	0.097003
4.824308	0.094750
4.828235	0.091990
4.832162	0.088852
4.836089	0.085471
4.840016	0.081975
4.843943	0.078477
4.847870	0.075069
4.851797	0.071824
4.855724	0.068794
4.859651	0.066013
4.863578	0.063501
4.867505	0.061270
4.871432	0.059320
4.875359	0.057651
4.879286	0.056256
4.883213	0.055130
4.887140	0.054263
4.891067	0.053650
4.894994	0.053283
4.898921	0.053152
4.902848	0.053248
4.906775	0.053559
4.910702	0.054070
4.914629	0.054759
4.918556	0.055599
4.922483	0.056554
4.926410	0.057577
4.930337	0.058615
4.934264	0.059605
4.938191	0.060480
4.942118	0.061173
4.946045	0.061622
4.949972	0.061777
4.953899	0.061603
4.957826	0.061087
4.961753	0.060239
4.965680	0.059091
4.969607	0.057692
4.973534	0.056105
4.977461	0.054396
4.981388	0.052631
4.985315	0.050869
4.989242	0.049161
4.993169	0.047544
4.997096	0.046048
5.001023	0.044692
5.004950	0.043487
5.008877	0.042442
5.012804	0.041558
5.016731	0.040836
5.020658	0.040276
5.024585	0.039877
5.028512	0.039637
5.032439	0.039556
5.036366	0.039634
5.040293	0.039873
5.044220	0.040273
5.048147	0.040837
5.052074	0.041566
5.056001	0.042461
5.059928	0.043523
5.063855	0.044746
5.067782	0.046125
5.071709	0.047646
5.075636	0.049288
5.079563	0.051023
5.083490	0.052812
5.087417	0.054608
5.091344	0.056354
5.095271	0.057987
5.099198	0.059441
5.103125	0.060650
5.107052	0.061557
5.110979	0.062116
5.114906	0.062296
5.118833	0.062086
5.122760	0.061499
5.126687	0.060567
5.130614	0.059341
5.134540	0.057886
5.138467	0.056275
5.142394	0.054582
5.146321	0.052875
5.150248	0.051214
5.154175	0.049651
5.158102	0.048223
5.162029	0.046959
5.165956	0.045879
5.169883	0.044995
5.173810	0.044313
5.177737	0.043835
5.181664	0.043560
5.185591	0.043485
5.189518	0.043600
5.193445	0.043895
5.197372	0.044354
5.201299	0.044956
5.205226	0.045674
5.209153	0.046476
5.213080	0.047323
5.217007	0.048171
5.220934	0.048978
5.224861	0.049698
5.228788	0.050290
5.232715	0.050719
5.236642	0.050955
5.240569	0.050977
5.244496	0.050769
5.248423	0.050328
5.252350	0.049658
5.256277	0.048773
5.260204	0.047698
5.264131	0.046466
5.268058	0.045116
5.271985	0.043691
5.275912	0.042234
5.279839	0.040784
5.283766	0.039377
5.287693	0.038042
5.291620	0.036800
5.295547	0.035669
5.299474	0.034658
5.303401	0.033774
5.307328	0.033020
5.311255	0.032399
5.315182	0.031908
5.319109	0.031549
5.323036	0.031320
5.326963	0.031221
5.330890	0.031251
5.334817	0.031411
5.338744	0.031701
5.342671	0.032122
5.346598	0.032673
5.350525	0.033354
5.354452	0.034160
5.358379	0.035087
5.362306	0.036123
5.366233	0.037253
5.370160	0.038454
5.374087	0.039698
5.378014	0.040949
5.381941	0.042165
5.385868	0.043303
5.389795	0.044316
5.393722	0.045162
5.397649	0.045805
5.401576	0.046216
5.405503	0.046377
5.409430	0.046277
5.413357	0.045921
5.417284	0.045322
5.421211	0.044504
5.425138	0.043502
5.429065	0.042358
5.432992	0.041120
5.436919	0.039835
5.440846	0.038548
5.444773	0.037300
5.448700	0.036125
5.452627	0.035047
5.456554	0.034087
5.460481	0.033257
5.464408	0.032566
5.468335	0.032017
5.472262	0.031612
5.476189	0.031350
5.480116	0.031226
5.484043	0.031236
5.487970	0.031371
5.491897	0.031619
5.495824	0.031967
5.499751	0.032395
5.503678	0.032880
5.507605	0.033395
5.511532	0.033911
5.515459	0.034397
5.519386	0.034826
5.523313	0.035170
5.527240	0.035408
5.531167	0.035526
5.535094	0.035510
5.539021	0.035354
5.542948	0.035053
5.546875	0.034607
5.550802	0.034018
5.554729	0.033296
5.558656	0.032456
5.562582	0.031520
5.566509	0.030515
5.570436	0.029467
5.574363	0.028407
5.578290	0.027359
5.582217	0.026346
5.586144	0.025386
5.590071	0.024491
5.593998	0.023669
5.597925	0.022927
5.601852	0.022265
5.605779	0.021685
5.609706	0.021186
5.613633	0.020766
5.617560	0.020423
5.621487	0.020155
5.625414	0.019958
5.629341	0.019831
5.633268	0.019769
5.637195	0.019770
5.641122	0.019828
5.645049	0.019937
5.648976	0.020092
5.652903	0.020282
5.656830	0.020499
5.660757	0.020733
5.664684	0.020972
5.668611	0.021207
5.672538	0.021432
5.676465	0.021639
5.680392	0.021827
5.684319	0.021993
5.688246	0.022136
5.692173	0.022253
5.696100	0.022344
5.700027	0.022402
5.703954	0.022425
5.707881	0.022406
5.711808	0.022342
5.715735	0.022229
5.719662	0.022065
5.723589	0.021849
5.727516	0.021586
5.731443	0.021281
5.735370	0.020943
5.739297	0.020583
5.743224	0.020212
5.747151	0.019845
5.751078	0.019495
5.755005	0.019171
5.758932	0.018885
5.762859	0.018643
5.766786	0.018450
5.770713	0.018307
5.774640	0.018214
5.778567	0.018169
5.782494	0.018164
5.786421	0.018194
5.790348	0.018249
5.794275	0.018321
5.798202	0.018401
5.802129	0.018482
5.806056	0.018561
5.809983	0.018636
5.813910	0.018710
5.817837	0.018785
5.821764	0.018867
5.825691	0.018956
5.829618	0.019053
5.833545	0.019156
5.837472	0.019258
5.841399	0.019349
5.845326	0.019417
5.849253	0.019450
5.853180	0.019435
5.857107	0.019364
5.861034	0.019228
5.864961	0.019023
5.868888	0.018751
5.872815	0.018415
5.876742	0.018023
5.880669	0.017585
5.884596	0.017113
5.888523	0.016621
5.892450	0.016123
5.896377	0.015630
5.900304	0.015155
5.904231	0.014704
5.908158	0.014285
5.912085	0.013902
5.916012	0.013558
5.919939	0.013254
5.923866	0.012990
5.927793	0.012766
5.931720	0.012580
5.935647	0.012431
5.939574	0.012317
5.943501	0.012235
5.947428	0.012181
5.951355	0.012153
5.955282	0.012145
5.959209	0.012155
5.963136	0.012176
5.967063	0.012206
5.970990	0.012242
5.974917	0.012281
5.978844	0.012323
5.982771	0.012369
5.986698	0.012421
5.990624	0.012481
5.994551	0.012548
5.998478	0.012624
6.002405	0.012707
6.006332	0.012792
6.010259	0.012874
6.014186	0.012947
6.018113	0.013004
6.022040	0.013036
6.025967	0.013037
6.029894	0.013004
6.033821	0.012931
6.037748	0.012818
6.041675	0.012667
6.045602	0.012480
6.049529	0.012263
6.053456	0.012022
6.057383	0.011765
6.061310	0.011500
6.065237	0.011236
6.069164	0.010978
6.073091	0.010732
6.077018	0.010504
6.080945	0.010295
6.084872	0.010110
6.088799	0.009947
6.092726	0.009809
6.096653	0.009695
6.100580	0.009603
6.104507	0.009534
6.108434	0.009485
6.112361	0.009454
6.116288	0.009440
6.120215	0.009440
6.124142	0.009451
6.128069	0.009472
6.131996	0.009502
6.135923	0.009538
6.139850	0.009583
6.143777	0.009637
6.147704	0.009702
6.151631	0.009780
6.155558	0.009874
6.159485	0.009986
6.163412	0.010117
6.167339	0.010267
6.171266	0.010435
6.175193	0.010616
6.179120	0.010806
6.183047	0.010996
6.186974	0.011178
6.190901	0.011341
6.194828	0.011472
6.198755	0.011561
6.202682	0.011599
6.206609	0.011581
6.210536	0.011504
6.214463	0.011374
6.218390	0.011195
6.222317	0.010980
6.226244	0.010738
6.230171	0.010482
6.234098	0.010221
6.238025	0.009965
6.241952	0.009721
6.245879	0.009494
6.249806	0.009287
6.253733	0.009103
6.257660	0.008942
6.261587	0.008805
6.265514	0.008692
6.269441	0.008601
6.273368	0.008531
6.277295	0.008481
6.281222	0.008449
6.285149	0.008434
6.289076	0.008433
6.293003	0.008446
6.296930	0.008471
6.300857	0.008509
6.304784	0.008558
6.308711	0.008620
6.312638	0.008695
6.316565	0.008785
6.320492	0.008889
6.324419	0.009008
6.328346	0.009140
6.332273	0.009281
6.336200	0.009428
6.340127	0.009574
6.344054	0.009711
6.347981	0.009831
6.351908	0.009925
6.355835	0.009986
6.359762	0.010006
6.363689	0.009983
6.367616	0.009916
6.371543	0.009806
6.375470	0.009659
6.379397	0.009483
6.383324	0.009284
6.387251	0.009073
6.391178	0.008856
6.395105	0.008642
6.399032	0.008434
6.402959	0.008239
6.406886	0.008060
6.410813	0.007898
6.414739	0.007754
6.418666	0.007630
6.422593	0.007525
6.426520	0.007438
6.430447	0.007370
6.434374	0.007318
6.438301	0.007282
6.442228	0.007261
6.446155	0.007252
6.450082	0.007254
6.454009	0.007266
6.457936	0.007286
6.461863	0.007314
6.465790	0.007351
6.469717	0.007395
6.473644	0.007449
6.477571	0.007513
6.481498	0.007589
6.485425	0.007676
6.489352	0.007777
6.493279	0.007889
6.497206	0.008010
6.501133	0.008138
6.505060	0.008267
6.508987	0.008392
6.512914	0.008506
6.516841	0.008601
6.520768	0.008672
6.524695	0.008712
6.528622	0.008719
6.532549	0.008690
6.536476	0.008628
6.540403	0.008535
6.544330	0.008416
6.548257	0.008275
6.552184	0.008119
6.556111	0.007951
6.560038	0.007778
6.563965	0.007604
6.567892	0.007433
6.571819	0.007268
6.575746	0.007111
6.579673	0.006966
6.583600	0.006834
6.587527	0.006716
6.591454	0.006612
6.595381	0.006524
6.599308	0.006451
6.603235	0.006393
6.607162	0.006350
6.611089	0.006320
6.615016	0.006304
6.618943	0.006300
6.622870	0.006307
6.626797	0.006324
6.630724	0.006351
6.634651	0.006386
6.638578	0.006429
6.642505	0.006477
6.646432	0.006530
6.650359	0.006586
6.654286	0.006642
6.658213	0.006697
6.662140	0.006747
6.666067	0.006791
6.669994	0.006826
6.673921	0.006852
6.677848	0.006869
6.681775	0.006875
6.685702	0.006873
6.689629	0.006863
6.693556	0.006844
6.697483	0.006817
6.701410	0.006781
6.705337	0.006736
6.709264	0.006681
6.713191	0.006615
6.717118	0.006538
6.721045	0.006451
6.724972	0.006355
6.728899	0.006252
6.732826	0.006145
6.736753	0.006036
6.740680	0.005928
6.744607	0.005825
6.748534	0.005727
6.752461	0.005637
6.756388	0.005557
6.760315	0.005486
6.764242	0.005425
6.768169	0.005375
6.772096	0.005336
6.776023	0.005306
6.779950	0.005285
6.783877	0.005274
6.787804	0.005270
6.791731	0.005273
6.795658	0.005283
6.799585	0.005298
6.803512	0.005317
6.807439	0.005340
6.811366	0.005366
6.815293	0.005394
6.819220	0.005423
6.823147	0.005453
6.827074	0.005483
6.831001	0.005511
6.834928	0.005537
6.838855	0.005561
6.842781	0.005583
6.846708	0.005603
6.850635	0.005621
6.854562	0.005639
6.858489	0.005656
6.862416	0.005671
6.866343	0.005683
6.870270	0.005690
6.874197	0.005691
6.878124	0.005683
6.882051	0.005663
6.885978	0.005632
6.889905	0.005587
6.893832	0.005531
6.897759	0.005464
6.901686	0.005390
6.905613	0.005309
6.909540	0.005226
6.913467	0.005144
6.917394	0.005064
6.921321	0.004988
6.925248	0.004919
6.929175	0.004858
6.933102	0.004804
6.937029	0.004759
6.940956	0.004723
6.944883	0.004694
6.948810	0.004675
6.952737	0.004662
6.956664	0.004657
6.960591	0.004659
6.964518	0.004666
6.968445	0.004677
6.972372	0.004693
6.976299	0.004713
6.980226	0.004735
6.984153	0.004759
6.988080	0.004784
6.992007	0.004810
6.995934	0.004836
6.999861	0.004860
7.003788	0.004884
7.007715	0.004906
7.011642	0.004927
7.015569	0.004947
7.019496	0.004965
7.023423	0.004982
7.027350	0.004996
7.031277	0.005007
7.035204	0.005012
7.039131	0.005010
7.043058	0.004998
7.046985	0.004977
7.050912	0.004945
7.054839	0.004903
7.058766	0.004851
7.062693	0.004790
7.066620	0.004722
7.070547	0.004649
7.074474	0.004574
7.078401	0.004498
7.082328	0.004423
7.086255	0.004351
7.090182	0.004283
7.094109	0.004220
7.098036	0.004163
7.101963	0.004111
7.105890	0.004066
7.109817	0.004027
7.113744	0.003995
7.117671	0.003968
7.121598	0.003946
7.125525	0.003930
7.129452	0.003918
7.133379	0.003910
7.137306	0.003905
7.141233	0.003904
7.145160	0.003906
7.149087	0.003910
7.153014	0.003917
7.156941	0.003925
7.160868	0.003934
7.164795	0.003945
7.168722	0.003956
7.172649	0.003968
7.176576	0.003979
7.180503	0.003991
7.184430	0.004003
7.188357	0.004016
7.192284	0.004030
7.196211	0.004045
7.200138	0.004061
7.204065	0.004076
7.207992	0.004091
7.211919	0.004104
7.215846	0.004113
7.219773	0.004116
7.223700	0.004112
7.227627	0.004100
7.231554	0.004080
7.235481	0.004051
7.239408	0.004015
7.243335	0.003972
7.247262	0.003924
7.251189	0.003874
7.255116	0.003822
7.259043	0.003771
7.262970	0.003722
7.266897	0.003676
7.270823	0.003633
7.274750	0.003594
7.278677	0.003559
7.282604	0.003529
7.286531	0.003502
7.290458	0.003479
7.294385	0.003460
7.298312	0.003444
7.302239	0.003431
7.306166	0.003420
7.310093	0.003411
7.314020	0.003404
7.317947	0.003399
7.321874	0.003396
7.325801	0.003394
7.329728	0.003393
7.333655	0.003393
7.337582	0.003393
7.341509	0.003394
7.345436	0.003394
7.349363	0.003395
7.353290	0.003397
7.357217	0.003399
7.361144	0.003403
7.365071	0.003409
7.368998	0.003417
7.372925	0.003427
7.376852	0.003439
7.380779	0.003454
7.384706	0.003469
7.388633	0.003484
7.392560	0.003498
7.396487	0.003509
7.400414	0.003516
7.404341	0.003517
7.408268	0.003513
7.412195	0.003502
7.416122	0.003484
7.420049	0.003460
7.423976	0.003430
7.427903	0.003396
7.431830	0.003360
7.435757	0.003322
7.439684	0.003283
7.443611	0.003246
7.447538	0.003210
7.451465	0.003177
7.455392	0.003146
7.459319	0.003118
7.463246	0.003094
7.467173	0.003073
7.471100	0.003054
7.475027	0.003039
7.478954	0.003026
7.482881	0.003015
7.486808	0.003007
7.490735	0.003000
7.494662	0.002996
7.498589	0.002994
7.502516	0.002993
7.506443	0.002994
7.510370	0.002997
7.514297	0.003002
7.518224	0.003008
7.522151	0.003015
7.526078	0.003024
7.530005	0.003033
7.533932	0.003044
7.537859	0.003057
7.541786	0.003070
7.545713	0.003085
7.549640	0.003100
7.553567	0.003116
7.557494	0.003132
7.561421	0.003146
7.565348	0.003158
7.569275	0.003167
7.573202	0.003172
7.577129	0.003172
7.581056	0.003166
7.584983	0.003154
7.588910	0.003136
7.592837	0.003113
7.596764	0.003085
7.600691	0.003054
7.604618	0.003021
7.608545	0.002986
7.612472	0.002951
7.616399	0.002917
7.620326	0.002884
7.624253	0.002853
7.628180	0.002825
7.632107	0.002799
7.636034	0.002775
7.639961	0.002754
7.643888	0.002735
7.647815	0.002719
7.651742	0.002705
7.655669	0.002692
7.659596	0.002682
7.663523	0.002673
7.667450	0.002666
7.671377	0.002660
7.675304	0.002656
7.679231	0.002654
7.683158	0.002653
7.687085	0.002655
7.691012	0.002657
7.694939	0.002662
7.698865	0.002667
7.702792	0.002674
7.706719	0.002683
7.710646	0.002692
7.714573	0.002702
7.718500	0.002714
7.722427	0.002726
7.726354	0.002738
7.730281	0.002751
7.734208	0.002764
7.738135	0.002775
7.742062	0.002786
7.745989	0.002794
7.749916	0.002799
7.753843	0.002800
7.757770	0.002798
7.761697	0.002791
7.765624	0.002780
7.769551	0.002764
7.773478	0.002746
7.777405	0.002723
7.781332	0.002699
7.785259	0.002673
7.789186	0.002647
7.793113	0.002620
7.797040	0.002594
7.800967	0.002569
7.804894	0.002545
7.808821	0.002524
7.812748	0.002503
7.816675	0.002485
7.820602	0.002469
7.824529	0.002454
7.828456	0.002441
7.832383	0.002429
7.836310	0.002419
7.840237	0.002410
7.844164	0.002403
7.848091	0.002397
7.852018	0.002392
7.855945	0.002389
7.859872	0.002387
7.863799	0.002386
7.867726	0.002387
7.871653	0.002389
7.875580	0.002392
7.879507	0.002397
7.883434	0.002403
7.887361	0.002409
7.891288	0.002417
7.895215	0.002426
7.899142	0.002436
7.903069	0.002446
7.906996	0.002457
7.910923	0.002468
7.914850	0.002479
7.918777	0.002489
7.922704	0.002498
7.926631	0.002505
7.930558	0.002510
7.934485	0.002511
7.938412	0.002509
7.942339	0.002502
7.946266	0.002492
7.950193	0.002479
7.954120	0.002462
7.958047	0.002443
7.961974	0.002423
7.965901	0.002401
7.969828	0.002379
7.973755	0.002357
7.977682	0.002335
7.981609	0.002315
7.985536	0.002296
7.989463	0.002278
7.993390	0.002262
7.997317	0.002247
8.001244	0.002233
8.005171	0.002220
8.009098	0.002209
8.013025	0.002199
8.016952	0.002190
8.020879	0.002181
8.024806	0.002174
8.028733	0.002168
8.032660	0.002162
8.036587	0.002158
8.040514	0.002155
8.044441	0.002152
8.048368	0.002150
8.052295	0.002149
8.056222	0.002149
8.060149	0.002150
8.064076	0.002151
8.068003	0.002153
8.071930	0.002156
8.075857	0.002159
8.079784	0.002163
8.083711	0.002167
8.087638	0.002172
8.091565	0.002177
8.095492	0.002183
8.099419	0.002189
8.103346	0.002195
8.107273	0.002201
8.111200	0.002206
8.115127	0.002210
8.119054	0.002213
8.122981	0.002213
8.126907	0.002211
8.130834	0.002207
8.134761	0.002200
8.138688	0.002191
8.142615	0.002180
8.146542	0.002167
8.150469	0.002153
8.154396	0.002138
8.158323	0.002123
8.162250	0.002108
8.166177	0.002094
8.170104	0.002080
8.174031	0.002067
8.177958	0.002054
8.181885	0.002043
8.185812	0.002033
8.189739	0.002023
8.193666	0.002014
8.197593	0.002007
8.201520	0.001999
8.205447	0.001993
8.209374	0.001987
8.213301	0.001982
8.217228	0.001978
8.221155	0.001974
8.225082	0.001971
8.229009	0.001969
8.232936	0.001967
8.236863	0.001967
8.240790	0.001967
8.244717	0.001967
8.248644	0.001969
8.252571	0.001971
8.256498	0.001973
8.260425	0.001976
8.264352	0.001979
8.268279	0.001983
8.272206	0.001987
8.276133	0.001990
8.280060	0.001994
8.283987	0.001997
8.287914	0.002000
8.291841	0.002002
8.295768	0.002004
8.299695	0.002005
8.303622	0.002004
8.307549	0.002003
8.311476	0.002000
8.315403	0.001996
8.319330	0.001990
8.323257	0.001983
8.327184	0.001974
8.331111	0.001964
8.335038	0.001954
8.338965	0.001943
8.342892	0.001932
8.346819	0.001921
8.350746	0.001910
8.354673	0.001900
8.358600	0.001890
8.362527	0.001881
8.366454	0.001872
8.370381	0.001864
8.374308	0.001857
8.378235	0.001850
8.382162	0.001844
8.386089	0.001838
8.390016	0.001833
8.393943	0.001828
8.397870	0.001824
8.401797	0.001820
8.405724	0.001817
8.409651	0.001814
8.413578	0.001812
8.417505	0.001810
8.421432	0.001809
8.425359	0.001808
8.429286	0.001808
8.433213	0.001808
8.437140	0.001809
8.441067	0.001810
8.444994	0.001811
8.448921	0.001813
8.452848	0.001815
8.456775	0.001818
8.460702	0.001821
8.464629	0.001824
8.468556	0.001827
8.472483	0.001830
8.476410	0.001833
8.480337	0.001836
8.484264	0.001838
8.488191	0.001840
8.492118	0.001842
8.496045	0.001842
8.499972	0.001842
8.503899	0.001840
8.507826	0.001837
8.511753	0.001833
8.515680	0.001827
8.519607	0.001821
8.523534	0.001813
8.527461	0.001805
8.531388	0.001796
8.535315	0.001788
8.539242	0.001779
8.543169	0.001770
8.547096	0.001762
8.551023	0.001754
8.554949	0.001746
8.558876	0.001739
8.562803	0.001733
8.566730	0.001727
8.570657	0.001721
8.574584	0.001716
8.578511	0.001711
8.582438	0.001707
8.586365	0.001703
8.590292	0.001700
8.594219	0.001697
8.598146	0.001695
8.602073	0.001693
8.606000	0.001691
8.609927	0.001690
8.613854	0.001689
8.617781	0.001689
8.621708	0.001688
8.625635	0.001689
8.629562	0.001689
8.633489	0.001690
8.637416	0.001691
8.641343	0.001692
8.645270	0.001694
8.649197	0.001695
8.653124	0.001697
8.657051	0.001698
8.660978	0.001699
8.664905	0.001700
8.668832	0.001701
8.672759	0.001700
8.676686	0.001700
8.680613	0.001698
8.684540	0.001696
8.688467	0.001692
8.692394	0.001688
8.696321	0.001683
8.700248	0.001677
8.704175	0.001670
8.708102	0.001664
8.712029	0.001657
8.715956	0.001650
8.719883	0.001644
8.723810	0.001637
8.727737	0.001631
8.731664	0.001625
8.735591	0.001620
8.739518	0.001614
8.743445	0.001610
8.747372	0.001605
8.751299	0.001601
8.755226	0.001597
8.759153	0.001594
8.763080	0.001590
8.767007	0.001587
8.770934	0.001585
8.774861	0.001582
8.778788	0.001580
8.782715	0.001578
8.786642	0.001576
8.790569	0.001575
8.794496	0.001573
8.798423	0.001572
8.802350	0.001572
8.806277	0.001571
8.810204	0.001571
8.814131	0.001570
8.818058	0.001570
8.821985	0.001571
8.825912	0.001571
8.829839	0.001571
8.833766	0.001572
8.837693	0.001572
8.841620	0.001573
8.845547	0.001573
8.849474	0.001574
8.853401	0.001574
8.857328	0.001574
8.861255	0.001574
8.865182	0.001573
8.869109	0.001572
8.873036	0.001571
8.876963	0.001568
8.880890	0.001566
8.884817	0.001563
8.888744	0.001559
8.892671	0.001555
8.896598	0.001550
8.900525	0.001545
8.904452	0.001540
8.908379	0.001535
8.912306	0.001530
8.916233	0.001526
8.920160	0.001521
8.924087	0.001517
8.928014	0.001512
8.931941	0.001508
8.935868	0.001505
8.939795	0.001501
8.943722	0.001498
8.947649	0.001494
8.951576	0.001492
8.955503	0.001489
8.959430	0.001486
8.963357	0.001484
8.967284	0.001482
8.971211	0.001480
8.975138	0.001478
8.979065	0.001476
8.982991	0.001474
8.986918	0.001473
8.990845	0.001472
8.994772	0.001471
8.998699	0.001470
9.002626	0.001469
9.006553	0.001468
9.010480	0.001467
9.014407	0.001467
9.018334	0.001466
9.022261	0.001466
9.026188	0.001466
9.030115	0.001466
9.034042	0.001465
9.037969	0.001465
9.041896	0.001465
9.045823	0.001464
9.049750	0.001464
9.053677	0.001463
9.057604	0.001462
9.061531	0.001460
9.065458	0.001459
9.069385	0.001457
9.073312	0.001455
9.077239	0.001452
9.081166	0.001449
9.085093	0.001446
9.089020	0.001443
9.092947	0.001440
9.096874	0.001437
9.100801	0.001433
9.104728	0.001430
9.108655	0.001427
9.112582	0.001423
9.116509	0.001420
9.120436	0.001417
9.124363	0.001414
9.128290	0.001412
9.132217	0.001409
9.136144	0.001406
9.140071	0.001404
9.143998	0.001402
9.147925	0.001400
9.151852	0.001398
9.155779	0.001396
9.159706	0.001394
9.163633	0.001392
9.167560	0.001391
9.171487	0.001389
9.175414	0.001388
9.179341	0.001387
9.183268	0.001385
9.187195	0.001384
9.191122	0.001383
9.195049	0.001382
9.198976	0.001381
9.202903	0.001381
9.206830	0.001380
9.210757	0.001379
9.214684	0.001379
9.218611	0.001378
9.222538	0.001377
9.226465	0.001377
9.230392	0.001376
9.234319	0.001376
9.238246	0.001375
9.242173	0.001375
9.246100	0.001374
9.250027	0.001373
9.253954	0.001372
9.257881	0.001370
9.261808	0.001369
9.265735	0.001367
9.269662	0.001365
9.273589	0.001362
9.277516	0.001360
9.281443	0.001358
9.285370	0.001355
9.289297	0.001352
9.293224	0.001349
9.297151	0.001347
9.301078	0.001344
9.305005	0.001341
9.308932	0.001339
9.312859	0.001336
9.316786	0.001334
9.320713	0.001332
9.324640	0.001330
9.328567	0.001328
9.332494	0.001326
9.336421	0.001324
9.340348	0.001322
9.344275	0.001320
9.348202	0.001318
9.352129	0.001317
9.356056	0.001315
9.359983	0.001314
9.363910	0.001312
9.367837	0.001311
9.371764	0.001310
9.375691	0.001309
9.379618	0.001307
9.383545	0.001306
9.387472	0.001305
9.391399	0.001304
9.395326	0.001303
9.399253	0.001302
9.403180	0.001301
9.407107	0.001301
9.411033	0.001300
9.414960	0.001299
9.418887	0.001298
9.422814	0.001297
9.426741	0.001297
9.430668	0.001296
9.434595	0.001295
9.438522	0.001294
9.442449	0.001293
9.446376	0.001292
9.450303	0.001291
9.454230	0.001290
9.458157	0.001288
9.462084	0.001287
9.466011	0.001285
9.469938	0.001284
9.473865	0.001282
9.477792	0.001280
9.481719	0.001278
9.485646	0.001276
9.489573	0.001274
9.493500	0.001272
9.497427	0.001270
9.501354	0.001268
9.505281	0.001266
9.509208	0.001264
9.513135	0.001262
9.517062	0.001260
9.520989	0.001258
9.524916	0.001257
9.528843	0.001255
9.532770	0.001253
9.536697	0.001252
9.540624	0.001250
9.544551	0.001249
9.548478	0.001247
9.552405	0.001246
9.556332	0.001245
9.560259	0.001243
9.564186	0.001242
9.568113	0.001241
9.572040	0.001240
9.575967	0.001239
9.579894	0.001238
9.583821	0.001237
9.587748	0.001236
9.591675	0.001235
9.595602	0.001234
9.599529	0.001233
9.603456	0.001232
9.607383	0.001231
9.611310	0.001230
9.615237	0.001229
9.619164	0.001228
9.623091	0.001227
9.627018	0.001226
9.630945	0.001226
9.634872	0.001225
9.638799	0.001224
9.642726	0.001223
9.646653	0.001221
9.650580	0.001220
9.654507	0.001219
9.658434	0.001217
9.662361	0.001216
9.666288	0.001214
9.670215	0.001213
9.674142	0.001211
9.678069	0.001209
9.681996	0.001208
9.685923	0.001206
9.689850	0.001204
9.693777	0.001203
9.697704	0.001201
9.701631	0.001200
9.705558	0.001198
9.709485	0.001197
9.713412	0.001195
9.717339	0.001194
9.721266	0.001192
9.725193	0.001191
9.729120	0.001189
9.733047	0.001188
9.736974	0.001187
9.740901	0.001186
9.744828	0.001184
9.748755	0.001183
9.752682	0.001182
9.756609	0.001181
9.760536	0.001180
9.764463	0.001178
9.768390	0.001177
9.772317	0.001176
9.776244	0.001175
9.780171	0.001174
9.784098	0.001173
9.788025	0.001172
9.791952	0.001171
9.795879	0.001170
9.799806	0.001169
9.803733	0.001168
9.807660	0.001168
9.811587	0.001167
9.815514	0.001166
9.819441	0.001165
