-9.819441	0.003069
-9.815514	0.003076
-9.811587	0.003083
-9.807660	0.003089
-9.803733	0.003096
-9.799806	0.003103
-9.795879	0.003110
-9.791952	0.003116
-9.788025	0.003123
-9.784098	0.003130
-9.780171	0.003137
-9.776244	0.003144
-9.772317	0.003151
-9.768390	0.003158
-9.764463	0.003165
-9.760536	0.003172
-9.756609	0.003179
-9.752682	0.003186
-9.748755	0.003193
-9.744828	0.003200
-9.740901	0.003207
-9.736974	0.003214
-9.733047	0.003222
-9.729120	0.003229
-9.725193	0.003236
-9.721266	0.003243
-9.717339	0.003251
-9.713412	0.003258
-9.709485	0.003266
-9.705558	0.003273
-9.701631	0.003280
-9.697704	0.003288
-9.693777	0.003295
-9.689850	0.003303
-9.685923	0.003310
-9.681996	0.003318
-9.678069	0.003326
-9.674142	0.003333
-9.670215	0.003341
-9.666288	0.003349
-9.662361	0.003356
-9.658434	0.003364
-9.654507	0.003372
-9.650580	0.003380
-9.646653	0.003388
-9.642726	0.003396
-9.638799	0.003404
-9.634872	0.003412
-9.630945	0.003420
-9.627018	0.003428
-9.623091	0.003436
-9.619164	0.003444
-9.615237	0.003452
-9.611310	0.003460
-9.607383	0.003468
-9.603456	0.003477
-9.599529	0.003485
-9.595602	0.003493
-9.591675	0.003501
-9.587748	0.003510
-9.583821	0.003518
-9.579894	0.003527
-9.575967	0.003535
-9.572040	0.003544
-9.568113	0.003552
-9.564186	0.003561
-9.560259	0.003569
-9.556332	0.003578
-9.552405	0.003587
-9.548478	0.003596
-9.544551	0.003604
-9.540624	0.003613
-9.536697	0.003622
-9.532770	0.003631
-9.528843	0.003640
-9.524916	0.003649
-9.520989	0.003658
-9.517062	0.003667
-9.513135	0.003676
-9.509208	0.003685
-9.505281	0.003694
-9.501354	0.003703
-9.497427	0.003713
-9.493500	0.003722
-9.489573	0.003731
-9.485646	0.003741
-9.481719	0.003750
-9.477792	0.003760
-9.473865	0.003769
-9.469938	0.003779
-9.466011	0.003788
-9.462084	0.003798
-9.458157	0.003807
-9.454230	0.003817
-9.450303	0.003827
-9.446376	0.003837
-9.442449	0.003846
-9.438522	0.003856
-9.434595	0.003866
-9.430668	0.003876
-9.426741	0.003886
-9.422814	0.003896
-9.418887	0.003906
-9.414960	0.003917
-9.411033	0.003927
-9.407107	0.003937
-9.403180	0.003947
-9.399253	0.003958
-9.395326	0.003968
-9.391399	0.003979
-9.387472	0.003989
-9.383545	0.004000
-9.379618	0.004010
-9.375691	0.004021
-9.371764	0.004031
-9.367837	0.004042
-9.363910	0.004053
-9.359983	0.004064
-9.356056	0.004075
-9.352129	0.004086
-9.348202	0.004097
-9.344275	0.004108
-9.340348	0.004119
-9.336421	0.004130
-9.332494	0.004141
-9.328567	0.004152
-9.324640	0.004164
-9.320713	0.004175
-9.316786	0.004187
-9.312859	0.004198
-9.308932	0.004210
-9.305005	0.004221
-9.301078	0.004233
-9.297151	0.004245
-9.293224	0.004256
-9.289297	0.004268
-9.285370	0.004280
-9.281443	0.004292
-9.277516	0.004304
-9.273589	0.004316
-9.269662	0.004328
-9.265735	0.004340
-9.261808	0.004352
-9.257881	0.004365
-9.253954	0.004377
-9.250027	0.004390
-9.246100	0.004402
-9.242173	0.004415
-9.238246	0.004427
-9.234319	0.004440
-9.230392	0.004453
-9.226465	0.004465
-9.222538	0.004478
-9.218611	0.004491
-9.214684	0.004504
-9.210757	0.004517
-9.206830	0.004530
-9.202903	0.004544
-9.198976	0.004557
-9.195049	0.004570
-9.191122	0.004584
-9.187195	0.004597
-9.183268	0.004611
-9.179341	0.004624
-9.175414	0.004638
-9.171487	0.004652
-9.167560	0.004666
-9.163633	0.004680
-9.159706	0.004694
-9.155779	0.004708
-9.151852	0.004722
-9.147925	0.004736
-9.143998	0.004750
-9.140071	0.004765
-9.136144	0.004779
-9.132217	0.004794
-9.128290	0.004808
-9.124363	0.004823
-9.120436	0.004838
-9.116509	0.004853
-9.112582	0.004868
-9.108655	0.004883
-9.104728	0.004898
-9.100801	0.004913
-9.096874	0.004928
-9.092947	0.004944
-9.089020	0.004959
-9.085093	0.004975
-9.081166	0.004990
-9.077239	0.005006
-9.073312	0.005022
-9.069385	0.005037
-9.065458	0.005053
-9.061531	0.005070
-9.057604	0.005086
-9.053677	0.005102
-9.049750	0.005118
-9.045823	0.005135
-9.041896	0.005151
-9.037969	0.005168
-9.034042	0.005185
-9.030115	0.005201
-9.026188	0.005218
-9.022261	0.005235
-9.018334	0.005252
-9.014407	0.005270
-9.010480	0.005287
-9.006553	0.005304
-9.002626	0.005322
-8.998699	0.005340
-8.994772	0.005357
-8.990845	0.005375
-8.986918	0.005393
-8.982991	0.005411
-8.979065	0.005429
-8.975138	0.005448
-8.971211	0.005466
-8.967284	0.005484
-8.963357	0.005503
-8.959430	0.005522
-8.955503	0.005541
-8.951576	0.005560
-8.947649	0.005579
-8.943722	0.005598
-8.939795	0.005617
-8.935868	0.005637
-8.931941	0.005656
-8.928014	0.005676
-8.924087	0.005696
-8.920160	0.005716
-8.916233	0.005736
-8.912306	0.005756
-8.908379	0.005776
-8.904452	0.005796
-8.900525	0.005817
-8.896598	0.005838
-8.892671	0.005859
-8.888744	0.005880
-8.884817	0.005901
-8.880890	0.005922
-8.876963	0.005943
-8.873036	0.005965
-8.869109	0.005987
-8.865182	0.006008
-8.861255	0.006030
-8.857328	0.006052
-8.853401	0.006075
-8.849474	0.006097
-8.845547	0.006120
-8.841620	0.006142
-8.837693	0.006165
-8.833766	0.006188
-8.829839	0.006211
-8.825912	0.006235
-8.821985	0.006258
-8.818058	0.006282
-8.814131	0.006306
-8.810204	0.006330
-8.806277	0.006354
-8.802350	0.006378
-8.798423	0.006402
-8.794496	0.006427
-8.790569	0.006452
-8.786642	0.006477
-8.782715	0.006502
-8.778788	0.006527
-8.774861	0.006553
-8.770934	0.006579
-8.767007	0.006605
-8.763080	0.006631
-8.759153	0.006657
-8.755226	0.006684
-8.751299	0.006710
-8.747372	0.006737
-8.743445	0.006764
-8.739518	0.006791
-8.735591	0.006819
-8.731664	0.006846
-8.727737	0.006874
-8.723810	0.006902
-8.719883	0.006931
-8.715956	0.006959
-8.712029	0.006988
-8.708102	0.007017
-8.704175	0.007046
-8.700248	0.007075
-8.696321	0.007105
-8.692394	0.007135
-8.688467	0.007165
-8.684540	0.007195
-8.680613	0.007226
-8.676686	0.007257
-8.672759	0.007288
-8.668832	0.007319
-8.664905	0.007350
-8.660978	0.007382
-8.657051	0.007414
-8.653124	0.007447
-8.649197	0.007479
-8.645270	0.007512
-8.641343	0.007545
-8.637416	0.007578
-8.633489	0.007612
-8.629562	0.007646
-8.625635	0.007680
-8.621708	0.007714
-8.617781	0.007749
-8.613854	0.007784
-8.609927	0.007820
-8.606000	0.007855
-8.602073	0.007891
-8.598146	0.007927
-8.594219	0.007964
-8.590292	0.008001
-8.586365	0.008038
-8.582438	0.008075
-8.578511	0.008113
-8.574584	0.008151
-8.570657	0.008190
-8.566730	0.008229
-8.562803	0.008268
-8.558876	0.008308
-8.554949	0.008347
-8.551023	0.008388
-8.547096	0.008428
-8.543169	0.008469
-8.539242	0.008511
-8.535315	0.008552
-8.531388	0.008595
-8.527461	0.008637
-8.523534	0.008680
-8.519607	0.008723
-8.515680	0.008767
-8.511753	0.008811
-8.507826	0.008856
-8.503899	0.008901
-8.499972	0.008946
-8.496045	0.008992
-8.492118	0.009038
-8.488191	0.009085
-8.484264	0.009132
-8.480337	0.009180
-8.476410	0.009228
-8.472483	0.009277
-8.468556	0.009326
-8.464629	0.009375
-8.460702	0.009425
-8.456775	0.009476
-8.452848	0.009527
-8.448921	0.009579
-8.444994	0.009631
-8.441067	0.009684
-8.437140	0.009737
-8.433213	0.009791
-8.429286	0.009845
-8.425359	0.009900
-8.421432	0.009956
-8.417505	0.010012
-8.413578	0.010069
-8.409651	0.010126
-8.405724	0.010184
-8.401797	0.010243
-8.397870	0.010302
-8.393943	0.010362
-8.390016	0.010423
-8.386089	0.010484
-8.382162	0.010546
-8.378235	0.010609
-8.374308	0.010673
-8.370381	0.010737
-8.366454	0.010802
-8.362527	0.010868
-8.358600	0.010934
-8.354673	0.011001
-8.350746	0.011070
-8.346819	0.011139
-8.342892	0.011208
-8.338965	0.011279
-8.335038	0.011351
-8.331111	0.011423
-8.327184	0.011497
-8.323257	0.011571
-8.319330	0.011646
-8.315403	0.011723
-8.311476	0.011800
-8.307549	0.011878
-8.303622	0.011957
-8.299695	0.012038
-8.295768	0.012119
-8.291841	0.012202
-8.287914	0.012286
-8.283987	0.012371
-8.280060	0.012457
-8.276133	0.012545
-8.272206	0.012634
-8.268279	0.012724
-8.264352	0.012815
-8.260425	0.012908
-8.256498	0.013002
-8.252571	0.013098
-8.248644	0.013196
-8.244717	0.013294
-8.240790	0.013395
-8.236863	0.013497
-8.232936	0.013601
-8.229009	0.013707
-8.225082	0.013815
-8.221155	0.013925
-8.217228	0.014036
-8.213301	0.014150
-8.209374	0.014265
-8.205447	0.014383
-8.201520	0.014502
-8.197593	0.014624
-8.193666	0.014747
-8.189739	0.014872
-8.185812	0.014999
-8.181885	0.015128
-8.177958	0.015257
-8.174031	0.015389
-8.170104	0.015521
-8.166177	0.015656
-8.162250	0.015792
-8.158323	0.015930
-8.154396	0.016071
-8.150469	0.016214
-8.146542	0.016360
-8.142615	0.016510
-8.138688	0.016663
-8.134761	0.016820
-8.130834	0.016980
-8.126907	0.017146
-8.122981	0.017315
-8.119054	0.017489
-8.115127	0.017669
-8.111200	0.017853
-8.107273	0.018043
-8.103346	0.018239
-8.099419	0.018441
-8.095492	0.018650
-8.091565	0.018865
-8.087638	0.019087
-8.083711	0.019318
-8.079784	0.019556
-8.075857	0.019802
-8.071930	0.020056
-8.068003	0.020319
-8.064076	0.020589
-8.060149	0.020867
-8.056222	0.021152
-8.052295	0.021442
-8.048368	0.021735
-8.044441	0.022029
-8.040514	0.022322
-8.036587	0.022611
-8.032660	0.022893
-8.028733	0.023168
-8.024806	0.023433
-8.020879	0.023689
-8.016952	0.023939
-8.013025	0.024183
-8.009098	0.024426
-8.005171	0.024670
-8.001244	0.024918
-7.997317	0.025174
-7.993390	0.025439
-7.989463	0.025715
-7.985536	0.026005
-7.981609	0.026308
-7.977682	0.026626
-7.973755	0.026959
-7.969828	0.027308
-7.965901	0.027674
-7.961974	0.028057
-7.958047	0.028456
-7.954120	0.028874
-7.950193	0.029310
-7.946266	0.029764
-7.942339	0.030238
-7.938412	0.030732
-7.934485	0.031248
-7.930558	0.031785
-7.926631	0.032346
-7.922704	0.032930
-7.918777	0.033540
-7.914850	0.034177
-7.910923	0.034841
-7.906996	0.035536
-7.903069	0.036262
-7.899142	0.037021
-7.895215	0.037815
-7.891288	0.038647
-7.887361	0.039519
-7.883434	0.040433
-7.879507	0.041393
-7.875580	0.042401
-7.871653	0.043463
-7.867726	0.044581
-7.863799	0.045762
-7.859872	0.047009
-7.855945	0.048328
-7.852018	0.049727
-7.848091	0.051211
-7.844164	0.052789
-7.840237	0.054468
-7.836310	0.056259
-7.832383	0.058172
-7.828456	0.060218
-7.824529	0.062411
-7.820602	0.064764
-7.816675	0.067293
-7.812748	0.070017
-7.808821	0.072955
-7.804894	0.076130
-7.800967	0.079567
-7.797040	0.083292
-7.793113	0.087337
-7.789186	0.091734
-7.785259	0.096521
-7.781332	0.101736
-7.777405	0.107422
-7.773478	0.113622
-7.769551	0.120381
-7.765624	0.127742
-7.761697	0.135742
-7.757770	0.144411
-7.753843	0.153763
-7.749916	0.163786
-7.745989	0.174438
-7.742062	0.185628
-7.738135	0.197206
-7.734208	0.208951
-7.730281	0.220561
-7.726354	0.231657
-7.722427	0.241793
-7.718500	0.250496
-7.714573	0.257306
-7.710646	0.261844
-7.706719	0.263866
-7.702792	0.263306
-7.698865	0.260287
-7.694939	0.255103
-7.691012	0.248167
-7.687085	0.239954
-7.683158	0.230941
-7.679231	0.221563
-7.675304	0.212185
-7.671377	0.203094
-7.667450	0.194497
-7.663523	0.186535
-7.659596	0.179292
-7.655669	0.172810
-7.651742	0.167102
-7.647815	0.162160
-7.643888	0.157962
-7.639961	0.154483
-7.636034	0.151692
-7.632107	0.149560
-7.628180	0.148059
-7.624253	0.147168
-7.620326	0.146867
-7.616399	0.147141
-7.612472	0.147984
-7.608545	0.149391
-7.604618	0.151365
-7.600691	0.153914
-7.596764	0.157050
-7.592837	0.160794
-7.588910	0.165170
-7.584983	0.170210
-7.581056	0.175951
-7.577129	0.182440
-7.573202	0.189726
-7.569275	0.197869
-7.565348	0.206930
-7.561421	0.216975
-7.557494	0.228065
-7.553567	0.240257
-7.549640	0.253589
-7.545713	0.268075
-7.541786	0.283689
-7.537859	0.300350
-7.533932	0.317903
-7.530005	0.336099
-7.526078	0.354583
-7.522151	0.372883
-7.518224	0.390421
-7.514297	0.406544
-7.510370	0.420572
-7.506443	0.431881
-7.502516	0.439983
-7.498589	0.444607
-7.494662	0.445746
-7.490735	0.443660
-7.486808	0.438840
-7.482881	0.431932
-7.478954	0.423646
-7.475027	0.414678
-7.471100	0.405641
-7.467173	0.397019
-7.463246	0.389153
-7.459319	0.382228
-7.455392	0.376287
-7.451465	0.371245
-7.447538	0.366914
-7.443611	0.363038
-7.439684	0.359326
-7.435757	0.355503
-7.431830	0.351342
-7.427903	0.346707
-7.423976	0.341564
-7.420049	0.335987
-7.416122	0.330132
-7.412195	0.324217
-7.408268	0.318477
-7.404341	0.313146
-7.400414	0.308426
-7.396487	0.304486
-7.392560	0.301452
-7.388633	0.299417
-7.384706	0.298443
-7.380779	0.298575
-7.376852	0.299848
-7.372925	0.302293
-7.368998	0.305943
-7.365071	0.310841
-7.361144	0.317039
-7.357217	0.324599
-7.353290	0.333597
-7.349363	0.344119
-7.345436	0.356264
-7.341509	0.370142
-7.337582	0.385877
-7.333655	0.403599
-7.329728	0.423447
-7.325801	0.445566
-7.321874	0.470095
-7.317947	0.497159
-7.314020	0.526860
-7.310093	0.559251
-7.306166	0.594322
-7.302239	0.631965
-7.298312	0.671953
-7.294385	0.713912
-7.290458	0.757307
-7.286531	0.801437
-7.282604	0.845467
-7.278677	0.888465
-7.274750	0.929481
-7.270823	0.967614
-7.266897	1.002088
-7.262970	1.032287
-7.259043	1.057767
-7.255116	1.078232
-7.251189	1.093489
-7.247262	1.103413
-7.243335	1.107924
-7.239408	1.106991
-7.235481	1.100665
-7.231554	1.089112
-7.227627	1.072631
-7.223700	1.051650
-7.219773	1.026689
-7.215846	0.998310
-7.211919	0.967078
-7.207992	0.933540
-7.204065	0.898219
-7.200138	0.861630
-7.196211	0.824295
-7.192284	0.786746
-7.188357	0.749522
-7.184430	0.713149
-7.180503	0.678110
-7.176576	0.644823
-7.172649	0.613623
-7.168722	0.584754
-7.164795	0.558373
-7.160868	0.534563
-7.156941	0.513344
-7.153014	0.494695
-7.149087	0.478565
-7.145160	0.464886
-7.141233	0.453586
-7.137306	0.444595
-7.133379	0.437849
-7.129452	0.433298
-7.125525	0.430902
-7.121598	0.430639
-7.117671	0.432499
-7.113744	0.436487
-7.109817	0.442616
-7.105890	0.450903
-7.101963	0.461366
-7.098036	0.474009
-7.094109	0.488812
-7.090182	0.505718
-7.086255	0.524616
-7.082328	0.545323
-7.078401	0.567572
-7.074474	0.591004
-7.070547	0.615173
-7.066620	0.639561
-7.062693	0.663607
-7.058766	0.686748
-7.054839	0.708461
-7.050912	0.728289
-7.046985	0.745865
-7.043058	0.760907
-7.039131	0.773200
-7.035204	0.782569
-7.031277	0.788858
-7.027350	0.791919
-7.023423	0.791627
-7.019496	0.787932
-7.015569	0.780919
-7.011642	0.770876
-7.007715	0.758313
-7.003788	0.743921
-6.999861	0.728481
-6.995934	0.712742
-6.992007	0.697332
-6.988080	0.682723
-6.984153	0.669237
-6.980226	0.657071
-6.976299	0.646317
-6.972372	0.636962
-6.968445	0.628906
-6.964518	0.621977
-6.960591	0.615957
-6.956664	0.610611
-6.952737	0.605700
-6.948810	0.600994
-6.944883	0.596275
-6.940956	0.591348
-6.937029	0.586045
-6.933102	0.580238
-6.929175	0.573841
-6.925248	0.566818
-6.921321	0.559187
-6.917394	0.551020
-6.913467	0.542448
-6.909540	0.533650
-6.905613	0.524850
-6.901686	0.516284
-6.897759	0.508183
-6.893832	0.500739
-6.889905	0.494080
-6.885978	0.488257
-6.882051	0.483246
-6.878124	0.478957
-6.874197	0.475251
-6.870270	0.471964
-6.866343	0.468922
-6.862416	0.465955
-6.858489	0.462905
-6.854562	0.459639
-6.850635	0.456046
-6.846708	0.452043
-6.842781	0.447564
-6.838855	0.442558
-6.834928	0.436976
-6.831001	0.430771
-6.827074	0.423897
-6.823147	0.416320
-6.819220	0.408024
-6.815293	0.399023
-6.811366	0.389372
-6.807439	0.379175
-6.803512	0.368582
-6.799585	0.357791
-6.795658	0.347024
-6.791731	0.336521
-6.787804	0.326506
-6.783877	0.317184
-6.779950	0.308717
-6.776023	0.301228
-6.772096	0.294798
-6.768169	0.289471
-6.764242	0.285262
-6.760315	0.282160
-6.756388	0.280132
-6.752461	0.279128
-6.748534	0.279083
-6.744607	0.279916
-6.740680	0.281533
-6.736753	0.283827
-6.732826	0.286691
-6.728899	0.290016
-6.724972	0.293711
-6.721045	0.297708
-6.717118	0.301975
-6.713191	0.306522
-6.709264	0.311406
-6.705337	0.316729
-6.701410	0.322629
-6.697483	0.329272
-6.693556	0.336834
-6.689629	0.345489
-6.685702	0.355383
-6.681775	0.366621
-6.677848	0.379245
-6.673921	0.393208
-6.669994	0.408358
-6.666067	0.424417
-6.662140	0.440989
-6.658213	0.457588
-6.654286	0.473696
-6.650359	0.488843
-6.646432	0.502685
-6.642505	0.515046
-6.638578	0.525916
-6.634651	0.535394
-6.630724	0.543623
-6.626797	0.550717
-6.622870	0.556741
-6.618943	0.561729
-6.615016	0.565731
-6.611089	0.568853
-6.607162	0.571263
-6.603235	0.573151
-6.599308	0.574658
-6.595381	0.575805
-6.591454	0.576458
-6.587527	0.576328
-6.583600	0.575021
-6.579673	0.572126
-6.575746	0.567316
-6.571819	0.560441
-6.567892	0.551584
-6.563965	0.541060
-6.560038	0.529367
-6.556111	0.517112
-6.552184	0.504923
-6.548257	0.493382
-6.544330	0.482982
-6.540403	0.474107
-6.536476	0.467027
-6.532549	0.461909
-6.528622	0.458832
-6.524695	0.457802
-6.520768	0.458774
-6.516841	0.461659
-6.512914	0.466337
-6.508987	0.472665
-6.505060	0.480477
-6.501133	0.489585
-6.497206	0.499761
-6.493279	0.510707
-6.489352	0.522018
-6.485425	0.533159
-6.481498	0.543492
-6.477571	0.552341
-6.473644	0.559088
-6.469717	0.563253
-6.465790	0.564539
-6.461863	0.562823
-6.457936	0.558136
-6.454009	0.550622
-6.450082	0.540516
-6.446155	0.528125
-6.442228	0.513823
-6.438301	0.498037
-6.434374	0.481232
-6.430447	0.463890
-6.426520	0.446478
-6.422593	0.429432
-6.418666	0.413126
-6.414739	0.397862
-6.410813	0.383865
-6.406886	0.371288
-6.402959	0.360216
-6.399032	0.350676
-6.395105	0.342649
-6.391178	0.336074
-6.387251	0.330862
-6.383324	0.326893
-6.379397	0.324034
-6.375470	0.322142
-6.371543	0.321084
-6.367616	0.320749
-6.363689	0.321062
-6.359762	0.321999
-6.355835	0.323586
-6.351908	0.325896
-6.347981	0.329033
-6.344054	0.333120
-6.340127	0.338277
-6.336200	0.344611
-6.332273	0.352196
-6.328346	0.361066
-6.324419	0.371192
-6.320492	0.382465
-6.316565	0.394677
-6.312638	0.407507
-6.308711	0.420525
-6.304784	0.433211
-6.300857	0.444988
-6.296930	0.455280
-6.293003	0.463561
-6.289076	0.469402
-6.285149	0.472498
-6.281222	0.472674
-6.277295	0.469877
-6.273368	0.464179
-6.269441	0.455774
-6.265514	0.444983
-6.261587	0.432242
-6.257660	0.418076
-6.253733	0.403051
-6.249806	0.387727
-6.245879	0.372613
-6.241952	0.358133
-6.238025	0.344616
-6.234098	0.332293
-6.230171	0.321307
-6.226244	0.311734
-6.222317	0.303595
-6.218390	0.296881
-6.214463	0.291560
-6.210536	0.287595
-6.206609	0.284948
-6.202682	0.283589
-6.198755	0.283492
-6.194828	0.284641
-6.190901	0.287025
-6.186974	0.290640
-6.183047	0.295481
-6.179120	0.301545
-6.175193	0.308826
-6.171266	0.317323
-6.167339	0.327043
-6.163412	0.338016
-6.159485	0.350305
-6.155558	0.364012
-6.151631	0.379270
-6.147704	0.396224
-6.143777	0.414995
-6.139850	0.435638
-6.135923	0.458115
-6.131996	0.482296
-6.128069	0.507987
-6.124142	0.534976
-6.120215	0.563054
-6.116288	0.591962
-6.112361	0.621258
-6.108434	0.650140
-6.104507	0.677368
-6.100580	0.701384
-6.096653	0.720672
-6.092726	0.734213
-6.088799	0.741792
-6.084872	0.743967
-6.080945	0.741703
-6.077018	0.735878
-6.073091	0.726927
-6.069164	0.714832
-6.065237	0.699470
-6.061310	0.681205
-6.057383	0.661329
-6.053456	0.641978
-6.049529	0.625441
-6.045602	0.613234
-6.041675	0.605552
-6.037748	0.601343
-6.033821	0.598856
-6.029894	0.596229
-6.025967	0.591891
-6.022040	0.584751
-6.018113	0.574251
-6.014186	0.560347
-6.010259	0.543413
-6.006332	0.524105
-6.002405	0.503210
-5.998478	0.481512
-5.994551	0.459705
-5.990624	0.438345
-5.986698	0.417832
-5.982771	0.398425
-5.978844	0.380264
-5.974917	0.363400
-5.970990	0.347823
-5.967063	0.333492
-5.963136	0.320349
-5.959209	0.308337
-5.955282	0.297408
-5.951355	0.287520
-5.947428	0.278646
-5.943501	0.270762
-5.939574	0.263848
-5.935647	0.257886
-5.931720	0.252859
-5.927793	0.248746
-5.923866	0.245527
-5.919939	0.243181
-5.916012	0.241687
-5.912085	0.241025
-5.908158	0.241178
-5.904231	0.242134
-5.900304	0.243886
-5.896377	0.246439
-5.892450	0.249808
-5.888523	0.254020
-5.884596	0.259112
-5.880669	0.265129
-5.876742	0.272112
-5.872815	0.280095
-5.868888	0.289086
-5.864961	0.299059
-5.861034	0.309934
-5.857107	0.321565
-5.853180	0.333721
-5.849253	0.346084
-5.845326	0.358242
-5.841399	0.369712
-5.837472	0.379970
-5.833545	0.388500
-5.829618	0.394855
-5.825691	0.398704
-5.821764	0.399874
-5.817837	0.398369
-5.813910	0.394366
-5.809983	0.388194
-5.806056	0.380294
-5.802129	0.371168
-5.798202	0.361324
-5.794275	0.351239
-5.790348	0.341321
-5.786421	0.331903
-5.782494	0.323233
-5.778567	0.315490
-5.774640	0.308786
-5.770713	0.303188
-5.766786	0.298724
-5.762859	0.295396
-5.758932	0.293198
-5.755005	0.292121
-5.751078	0.292162
-5.747151	0.293330
-5.743224	0.295651
-5.739297	0.299161
-5.735370	0.303908
-5.731443	0.309945
-5.727516	0.317323
-5.723589	0.326087
-5.719662	0.336268
-5.715735	0.347872
-5.711808	0.360875
-5.707881	0.375206
-5.703954	0.390738
-5.700027	0.407273
-5.696100	0.424533
-5.692173	0.442144
-5.688246	0.459644
-5.684319	0.476487
-5.680392	0.492075
-5.676465	0.505806
-5.672538	0.517139
-5.668611	0.525656
-5.664684	0.531127
-5.660757	0.533523
-5.656830	0.533016
-5.652903	0.529934
-5.648976	0.524714
-5.645049	0.517852
-5.641122	0.509873
-5.637195	0.501306
-5.633268	0.492672
-5.629341	0.484463
-5.625414	0.477129
-5.621487	0.471065
-5.617560	0.466601
-5.613633	0.464004
-5.609706	0.463479
-5.605779	0.465174
-5.601852	0.469185
-5.597925	0.475561
-5.593998	0.484306
-5.590071	0.495368
-5.586144	0.508636
-5.582217	0.523931
-5.578290	0.540988
-5.574363	0.559452
-5.570436	0.578875
-5.566509	0.598726
-5.562582	0.618420
-5.558656	0.637355
-5.554729	0.654970
-5.550802	0.670792
-5.546875	0.684479
-5.542948	0.695841
-5.539021	0.704840
-5.535094	0.711563
-5.531167	0.716189
-5.527240	0.718949
-5.523313	0.720093
-5.519386	0.719865
-5.515459	0.718482
-5.511532	0.716137
-5.507605	0.712995
-5.503678	0.709203
-5.499751	0.704895
-5.495824	0.700199
-5.491897	0.695244
-5.487970	0.690160
-5.484043	0.685075
-5.480116	0.680112
-5.476189	0.675381
-5.472262	0.670971
-5.468335	0.666938
-5.464408	0.663306
-5.460481	0.660064
-5.456554	0.657183
-5.452627	0.654638
-5.448700	0.652419
-5.444773	0.650542
-5.440846	0.649030
-5.436919	0.647896
-5.432992	0.647122
-5.429065	0.646656
-5.425138	0.646420
-5.421211	0.646322
-5.417284	0.646271
-5.413357	0.646181
-5.409430	0.645977
-5.405503	0.645590
-5.401576	0.644954
-5.397649	0.643999
-5.393722	0.642645
-5.389795	0.640791
-5.385868	0.638313
-5.381941	0.635060
-5.378014	0.630855
-5.374087	0.625499
-5.370160	0.618783
-5.366233	0.610502
-5.362306	0.600479
-5.358379	0.588593
-5.354452	0.574805
-5.350525	0.559181
-5.346598	0.541904
-5.342671	0.523268
-5.338744	0.503657
-5.334817	0.483506
-5.330890	0.463263
-5.326963	0.443348
-5.323036	0.424124
-5.319109	0.405881
-5.315182	0.388831
-5.311255	0.373114
-5.307328	0.358806
-5.303401	0.345934
-5.299474	0.334484
-5.295547	0.324417
-5.291620	0.315671
-5.287693	0.308173
-5.283766	0.301839
-5.279839	0.296580
-5.275912	0.292305
-5.271985	0.288925
-5.268058	0.286357
-5.264131	0.284530
-5.260204	0.283386
-5.256277	0.282886
-5.252350	0.283005
-5.248423	0.283731
-5.244496	0.285056
-5.240569	0.286970
-5.236642	0.289457
-5.232715	0.292494
-5.228788	0.296053
-5.224861	0.300109
-5.220934	0.304652
-5.217007	0.309693
-5.213080	0.315269
-5.209153	0.321447
-5.205226	0.328321
-5.201299	0.336000
-5.197372	0.344607
-5.193445	0.354262
-5.189518	0.365079
-5.185591	0.377153
-5.181664	0.390551
-5.177737	0.405295
-5.173810	0.421347
-5.169883	0.438588
-5.165956	0.456796
-5.162029	0.475630
-5.158102	0.494614
-5.154175	0.513146
-5.150248	0.530516
-5.146321	0.545963
-5.142394	0.558748
-5.138467	0.568249
-5.134540	0.574060
-5.130614	0.576056
-5.126687	0.574423
-5.122760	0.569616
-5.118833	0.562281
-5.114906	0.553142
-5.110979	0.542909
-5.107052	0.532207
-5.103125	0.521545
-5.099198	0.511314
-5.095271	0.501794
-5.091344	0.493180
-5.087417	0.485596
-5.083490	0.479115
-5.079563	0.473779
-5.075636	0.469607
-5.071709	0.466608
-5.067782	0.464793
-5.063855	0.464181
-5.059928	0.464809
-5.056001	0.466743
-5.052074	0.470079
-5.048147	0.474944
-5.044220	0.481491
-5.040293	0.489889
-5.036366	0.500315
-5.032439	0.512939
-5.028512	0.527914
-5.024585	0.545351
-5.020658	0.565308
-5.016731	0.587749
-5.012804	0.612522
-5.008877	0.639312
-5.004950	0.667607
-5.001023	0.696659
-4.997096	0.725472
-4.993169	0.752813
-4.989242	0.777278
-4.985315	0.797408
-4.981388	0.811850
-4.977461	0.819545
-4.973534	0.819888
-4.969607	0.812822
-4.965680	0.798837
-4.961753	0.778886
-4.957826	0.754226
-4.953899	0.726246
-4.949972	0.696310
-4.946045	0.665645
-4.942118	0.635269
-4.938191	0.605974
-4.934264	0.578332
-4.930337	0.552727
-4.926410	0.529389
-4.922483	0.508430
-4.918556	0.489881
-4.914629	0.473716
-4.910702	0.459878
-4.906775	0.448289
-4.902848	0.438871
-4.898921	0.431543
-4.894994	0.426240
-4.891067	0.422907
-4.887140	0.421504
-4.883213	0.422014
-4.879286	0.424435
-4.875359	0.428790
-4.871432	0.435119
-4.867505	0.443487
-4.863578	0.453980
-4.859651	0.466705
-4.855724	0.481790
-4.851797	0.499381
-4.847870	0.519644
-4.843943	0.542754
-4.840016	0.568897
-4.836089	0.598254
-4.832162	0.630995
-4.828235	0.667256
-4.824308	0.707111
-4.820381	0.750543
-4.816454	0.797391
-4.812527	0.847299
-4.808600	0.899652
-4.804673	0.953519
-4.800746	1.007601
-4.796819	1.060225
-4.792892	1.109374
-4.788965	1.152808
-4.785038	1.188251
-4.781111	1.213654
-4.777184	1.227475
-4.773257	1.228923
-4.769330	1.218091
-4.765403	1.195928
-4.761476	1.164065
-4.757549	1.124534
-4.753622	1.079469
-4.749695	1.030855
-4.745768	0.980376
-4.741841	0.929364
-4.737914	0.878824
-4.733987	0.829493
-4.730060	0.781906
-4.726133	0.736451
-4.722206	0.693405
-4.718279	0.652963
-4.714352	0.615268
-4.710425	0.580431
-4.706498	0.548551
-4.702572	0.519714
-4.698645	0.493967
-4.694718	0.471294
-4.690791	0.451584
-4.686864	0.434624
-4.682937	0.420113
-4.679010	0.407701
-4.675083	0.397032
-4.671156	0.387793
-4.667229	0.379727
-4.663302	0.372649
-4.659375	0.366438
-4.655448	0.361025
-4.651521	0.356379
-4.647594	0.352498
-4.643667	0.349397
-4.639740	0.347101
-4.635813	0.345636
-4.631886	0.345026
-4.627959	0.345291
-4.624032	0.346445
-4.620105	0.348501
-4.616178	0.351481
-4.612251	0.355421
-4.608324	0.360382
-4.604397	0.366451
-4.600470	0.373733
-4.596543	0.382335
-4.592616	0.392347
-4.588689	0.403848
-4.584762	0.416951
-4.580835	0.431871
-4.576908	0.448968
-4.572981	0.468667
-4.569054	0.491187
-4.565127	0.516155
-4.561200	0.542364
-4.557273	0.567955
-4.553346	0.591084
-4.549419	0.610656
-4.545492	0.626614
-4.541565	0.639553
-4.537638	0.649999
-4.533711	0.657962
-4.529784	0.663056
-4.525857	0.665028
-4.521930	0.664223
-4.518003	0.661626
-4.514076	0.658486
-4.510149	0.655776
-4.506222	0.653814
-4.502295	0.652224
-4.498368	0.650194
-4.494441	0.646867
-4.490514	0.641658
-4.486587	0.634397
-4.482660	0.625286
-4.478733	0.614768
-4.474806	0.603381
-4.470879	0.591648
-4.466952	0.580038
-4.463025	0.568957
-4.459098	0.558772
-4.455171	0.549831
-4.451244	0.542461
-4.447317	0.536961
-4.443390	0.533586
-4.439463	0.532542
-4.435536	0.533989
-4.431609	0.538040
-4.427682	0.544773
-4.423755	0.554230
-4.419828	0.566415
-4.415901	0.581285
-4.411974	0.598732
-4.408047	0.618560
-4.404120	0.640454
-4.400193	0.663953
-4.396266	0.688422
-4.392339	0.713044
-4.388412	0.736832
-4.384485	0.758691
-4.380558	0.777523
-4.376631	0.792377
-4.372704	0.802613
-4.368777	0.808042
-4.364850	0.808985
-4.360923	0.806219
-4.356996	0.800830
-4.353069	0.794006
-4.349142	0.786827
-4.345215	0.780118
-4.341288	0.774369
-4.337361	0.769729
-4.333434	0.766057
-4.329507	0.763017
-4.325580	0.760186
-4.321653	0.757171
-4.317726	0.753712
-4.313799	0.749751
-4.309872	0.745453
-4.305945	0.741190
-4.302018	0.737479
-4.298091	0.734911
-4.294164	0.734081
-4.290237	0.735533
-4.286310	0.739731
-4.282383	0.747036
-4.278456	0.757706
-4.274530	0.771890
-4.270603	0.789624
-4.266676	0.810825
-4.262749	0.835276
-4.258822	0.862614
-4.254895	0.892315
-4.250968	0.923698
-4.247041	0.955936
-4.243114	0.988096
-4.239187	1.019195
-4.235260	1.048274
-4.231333	1.074471
-4.227406	1.097092
-4.223479	1.115655
-4.219552	1.129918
-4.215625	1.139879
-4.211698	1.145759
-4.207771	1.147958
-4.203844	1.147012
-4.199917	1.143527
-4.195990	1.138124
-4.192063	1.131388
-4.188136	1.123833
-4.184209	1.115880
-4.180282	1.107855
-4.176355	1.099987
-4.172428	1.092425
-4.168501	1.085247
-4.164574	1.078468
-4.160647	1.072057
-4.156720	1.065939
-4.152793	1.060003
-4.148866	1.054110
-4.144939	1.048098
-4.141012	1.041793
-4.137085	1.035022
-4.133158	1.027631
-4.129231	1.019509
-4.125304	1.010613
-4.121377	1.000988
-4.117450	0.990782
-4.113523	0.980247
-4.109596	0.969719
-4.105669	0.959582
-4.101742	0.950229
-4.097815	0.942017
-4.093888	0.935234
-4.089961	0.930073
-4.086034	0.926626
-4.082107	0.924866
-4.078180	0.924641
-4.074253	0.925647
-4.070326	0.927416
-4.066399	0.929307
-4.062472	0.930537
-4.058545	0.930235
-4.054618	0.927543
-4.050691	0.921736
-4.046764	0.912333
-4.042837	0.899185
-4.038910	0.882501
-4.034983	0.862813
-4.031056	0.840894
-4.027129	0.817647
-4.023202	0.793991
-4.019275	0.770782
-4.015348	0.748748
-4.011421	0.728470
-4.007494	0.710386
-4.003567	0.694803
-3.999640	0.681925
-3.995713	0.671879
-3.991786	0.664741
-3.987859	0.660556
-3.983932	0.659357
-3.980005	0.661172
-3.976078	0.666040
-3.972151	0.674013
-3.968224	0.685161
-3.964297	0.699571
-3.960370	0.717350
-3.956443	0.738615
-3.952516	0.763493
-3.948589	0.792103
-3.944662	0.824545
-3.940735	0.860875
-3.936808	0.901082
-3.932881	0.945049
-3.928954	0.992521
-3.925027	1.043062
-3.921100	1.096035
-3.917173	1.150578
-3.913246	1.205626
-3.909319	1.259958
-3.905392	1.312277
-3.901465	1.361323
-3.897538	1.405986
-3.893611	1.445407
-3.889684	1.479035
-3.885757	1.506652
-3.881830	1.528342
-3.877903	1.544445
-3.873976	1.555495
-3.870049	1.562157
-3.866122	1.565172
-3.862195	1.565306
-3.858268	1.563298
-3.854341	1.559812
-3.850414	1.555385
-3.846488	1.550385
-3.842561	1.544991
-3.838634	1.539186
-3.834707	1.532785
-3.830780	1.525473
-3.826853	1.516876
-3.822926	1.506628
-3.818999	1.494454
-3.815072	1.480220
-3.811145	1.463979
-3.807218	1.445956
-3.803291	1.426513
-3.799364	1.406085
-3.795437	1.385108
-3.791510	1.363969
-3.787583	1.342979
-3.783656	1.322369
-3.779729	1.302310
-3.775802	1.282932
-3.771875	1.264338
-3.767948	1.246620
-3.764021	1.229856
-3.760094	1.214114
-3.756167	1.199447
-3.752240	1.185893
-3.748313	1.173473
-3.744386	1.162195
-3.740459	1.152051
-3.736532	1.143028
-3.732605	1.135101
-3.728678	1.128242
-3.724751	1.122417
-3.720824	1.117593
-3.716897	1.113731
-3.712970	1.110796
-3.709043	1.108746
-3.705116	1.107541
-3.701189	1.107135
-3.697262	1.107479
-3.693335	1.108516
-3.689408	1.110181
-3.685481	1.112399
-3.681554	1.115078
-3.677627	1.118117
-3.673700	1.121396
-3.669773	1.124785
-3.665846	1.128149
-3.661919	1.131354
-3.657992	1.134292
-3.654065	1.136898
-3.650138	1.139179
-3.646211	1.141242
-3.642284	1.143315
-3.638357	1.145752
-3.634430	1.149012
-3.630503	1.153618
-3.626576	1.160087
-3.622649	1.168841
-3.618722	1.180120
-3.614795	1.193893
-3.610868	1.209801
-3.606941	1.227114
-3.603014	1.244743
-3.599087	1.261293
-3.595160	1.275171
-3.591233	1.284744
-3.587306	1.288519
-3.583379	1.285332
-3.579452	1.274487
-3.575525	1.255839
-3.571598	1.229797
-3.567671	1.197251
-3.563744	1.159457
-3.559817	1.117884
-3.555890	1.074061
-3.551963	1.029454
-3.548036	0.985358
-3.544109	0.942853
-3.540182	0.902774
-3.536255	0.865728
-3.532328	0.832121
-3.528401	0.802197
-3.524474	0.776074
-3.520547	0.753785
-3.516620	0.735302
-3.512693	0.720562
-3.508766	0.709480
-3.504839	0.701958
-3.500912	0.697890
-3.496985	0.697154
-3.493058	0.699612
-3.489131	0.705094
-3.485204	0.713388
-3.481277	0.724227
-3.477350	0.737282
-3.473423	0.752154
-3.469496	0.768389
-3.465569	0.785491
-3.461642	0.802959
-3.457715	0.820322
-3.453788	0.837175
-3.449861	0.853210
-3.445934	0.868227
-3.442007	0.882135
-3.438080	0.894935
-3.434153	0.906700
-3.430226	0.917549
-3.426299	0.927629
-3.422372	0.937093
-3.418446	0.946091
-3.414519	0.954762
-3.410592	0.963232
-3.406665	0.971608
-3.402738	0.979984
-3.398811	0.988436
-3.394884	0.997032
-3.390957	1.005827
-3.387030	1.014865
-3.383103	1.024187
-3.379176	1.033823
-3.375249	1.043799
-3.371322	1.054139
-3.367395	1.064859
-3.363468	1.075972
-3.359541	1.087487
-3.355614	1.099407
-3.351687	1.111732
-3.347760	1.124453
-3.343833	1.137554
-3.339906	1.151010
-3.335979	1.164783
-3.332052	1.178818
-3.328125	1.193045
-3.324198	1.207365
-3.320271	1.221653
-3.316344	1.235746
-3.312417	1.249437
-3.308490	1.262467
-3.304563	1.274512
-3.300636	1.285181
-3.296709	1.294002
-3.292782	1.300422
-3.288855	1.303811
-3.284928	1.303477
-3.281001	1.298694
-3.277074	1.288750
-3.273147	1.273017
-3.269220	1.251025
-3.265293	1.222554
-3.261366	1.187696
-3.257439	1.146902
-3.253512	1.100963
-3.249585	1.050951
-3.245658	0.998114
-3.241731	0.943750
-3.237804	0.889091
-3.233877	0.835214
-3.229950	0.782986
-3.226023	0.733050
-3.222096	0.685833
-3.218169	0.641579
-3.214242	0.600381
-3.210315	0.562223
-3.206388	0.527010
-3.202461	0.494594
-3.198534	0.464800
-3.194607	0.437437
-3.190680	0.412310
-3.186753	0.389231
-3.182826	0.368019
-3.178899	0.348505
-3.174972	0.330532
-3.171045	0.313957
-3.167118	0.298649
-3.163191	0.284492
-3.159264	0.271378
-3.155337	0.259212
-3.151410	0.247908
-3.147483	0.237387
-3.143556	0.227582
-3.139629	0.218428
-3.135702	0.209870
-3.131775	0.201858
-3.127848	0.194346
-3.123921	0.187293
-3.119994	0.180661
-3.116067	0.174418
-3.112140	0.168533
-3.108213	0.162979
-3.104286	0.157730
-3.100359	0.152765
-3.096432	0.148062
-3.092505	0.143604
-3.088578	0.139372
-3.084651	0.135351
-3.080724	0.131526
-3.076797	0.127886
-3.072870	0.124416
-3.068943	0.121108
-3.065016	0.117950
-3.061089	0.114932
-3.057162	0.112047
-3.053235	0.109287
-3.049308	0.106643
-3.045381	0.104109
-3.041454	0.101679
-3.037527	0.099347
-3.033600	0.097108
-3.029673	0.094955
-3.025746	0.092885
-3.021819	0.090894
-3.017892	0.088976
-3.013965	0.087129
-3.010038	0.085348
-3.006111	0.083631
-3.002184	0.081973
-2.998257	0.080373
-2.994330	0.078827
-2.990404	0.077333
-2.986477	0.075889
-2.982550	0.074491
-2.978623	0.073139
-2.974696	0.071829
-2.970769	0.070560
-2.966842	0.069331
-2.962915	0.068139
-2.958988	0.066983
-2.955061	0.065861
-2.951134	0.064772
-2.947207	0.063715
-2.943280	0.062688
-2.939353	0.061690
-2.935426	0.060720
-2.931499	0.059776
-2.927572	0.058859
-2.923645	0.057966
-2.919718	0.057097
-2.915791	0.056250
-2.911864	0.055426
-2.907937	0.054623
-2.904010	0.053841
-2.900083	0.053078
-2.896156	0.052334
-2.892229	0.051608
-2.888302	0.050901
-2.884375	0.050210
-2.880448	0.049536
-2.876521	0.048877
-2.872594	0.048234
-2.868667	0.047606
-2.864740	0.046993
-2.860813	0.046393
-2.856886	0.045807
-2.852959	0.045234
-2.849032	0.044673
-2.845105	0.044125
-2.841178	0.043589
-2.837251	0.043064
-2.833324	0.042550
-2.829397	0.042047
-2.825470	0.041554
-2.821543	0.041072
-2.817616	0.040599
-2.813689	0.040137
-2.809762	0.039683
-2.805835	0.039239
-2.801908	0.038803
-2.797981	0.038376
-2.794054	0.037957
-2.790127	0.037546
-2.786200	0.037143
-2.782273	0.036747
-2.778346	0.036360
-2.774419	0.035979
-2.770492	0.035605
-2.766565	0.035238
-2.762638	0.034878
-2.758711	0.034525
-2.754784	0.034177
-2.750857	0.033836
-2.746930	0.033501
-2.743003	0.033172
-2.739076	0.032848
-2.735149	0.032530
-2.731222	0.032218
-2.727295	0.031911
-2.723368	0.031609
-2.719441	0.031312
-2.715514	0.031020
-2.711587	0.030732
-2.707660	0.030450
-2.703733	0.030172
-2.699806	0.029898
-2.695879	0.029629
-2.691952	0.029365
-2.688025	0.029104
-2.684098	0.028848
-2.680171	0.028595
-2.676244	0.028347
-2.672317	0.028102
-2.668390	0.027861
-2.664463	0.027623
-2.660536	0.027390
-2.656609	0.027159
-2.652682	0.026933
-2.648755	0.026709
-2.644828	0.026489
-2.640901	0.026272
-2.636974	0.026058
-2.633047	0.025848
-2.629120	0.025640
-2.625193	0.025435
-2.621266	0.025233
-2.617339	0.025034
-2.613412	0.024838
-2.609485	0.024645
-2.605558	0.024454
-2.601631	0.024266
-2.597704	0.024080
-2.593777	0.023897
-2.589850	0.023717
-2.585923	0.023538
-2.581996	0.023363
-2.578069	0.023189
-2.574142	0.023018
-2.570215	0.022849
-2.566288	0.022682
-2.562362	0.022518
-2.558435	0.022356
-2.554508	0.022195
-2.550581	0.022037
-2.546654	0.021881
-2.542727	0.021726
-2.538800	0.021574
-2.534873	0.021424
-2.530946	0.021275
-2.527019	0.021128
-2.523092	0.020983
-2.519165	0.020840
-2.515238	0.020699
-2.511311	0.020559
-2.507384	0.020421
-2.503457	0.020285
-2.499530	0.020150
-2.495603	0.020017
-2.491676	0.019886
-2.487749	0.019756
-2.483822	0.019627
-2.479895	0.019500
-2.475968	0.019375
-2.472041	0.019251
-2.468114	0.019128
-2.464187	0.019007
-2.460260	0.018887
-2.456333	0.018769
-2.452406	0.018652
-2.448479	0.018536
-2.444552	0.018421
-2.440625	0.018308
-2.436698	0.018196
-2.432771	0.018085
-2.428844	0.017976
-2.424917	0.017867
-2.420990	0.017760
-2.417063	0.017654
-2.413136	0.017549
-2.409209	0.017446
-2.405282	0.017343
-2.401355	0.017242
-2.397428	0.017141
-2.393501	0.017042
-2.389574	0.016943
-2.385647	0.016846
-2.381720	0.016750
-2.377793	0.016654
-2.373866	0.016560
-2.369939	0.016467
-2.366012	0.016374
-2.362085	0.016283
-2.358158	0.016192
-2.354231	0.016103
-2.350304	0.016014
-2.346377	0.015926
-2.342450	0.015839
-2.338523	0.015753
-2.334596	0.015668
-2.330669	0.015583
-2.326742	0.015500
-2.322815	0.015417
-2.318888	0.015335
-2.314961	0.015254
-2.311034	0.015174
-2.307107	0.015094
-2.303180	0.015015
-2.299253	0.014937
-2.295326	0.014860
-2.291399	0.014783
-2.287472	0.014707
-2.283545	0.014632
-2.279618	0.014558
-2.275691	0.014484
-2.271764	0.014411
-2.267837	0.014339
-2.263910	0.014267
-2.259983	0.014196
-2.256056	0.014126
-2.252129	0.014056
-2.248202	0.013987
-2.244275	0.013918
-2.240348	0.013850
-2.236421	0.013783
-2.232494	0.013716
-2.228567	0.013650
-2.224640	0.013585
-2.220713	0.013520
-2.216786	0.013456
-2.212859	0.013392
-2.208932	0.013329
-2.205005	0.013266
-2.201078	0.013204
-2.197151	0.013143
-2.193224	0.013082
-2.189297	0.013021
-2.185370	0.012961
-2.181443	0.012902
-2.177516	0.012843
-2.173589	0.012785
-2.169662	0.012727
-2.165735	0.012669
-2.161808	0.012612
-2.157881	0.012556
-2.153954	0.012500
-2.150027	0.012444
-2.146100	0.012389
-2.142173	0.012335
-2.138246	0.012281
-2.134320	0.012227
-2.130393	0.012174
-2.126466	0.012121
-2.122539	0.012069
-2.118612	0.012017
-2.114685	0.011965
-2.110758	0.011914
-2.106831	0.011863
-2.102904	0.011813
-2.098977	0.011763
-2.095050	0.011714
-2.091123	0.011665
-2.087196	0.011616
-2.083269	0.011568
-2.079342	0.011520
-2.075415	0.011472
-2.071488	0.011425
-2.067561	0.011379
-2.063634	0.011332
-2.059707	0.011286
-2.055780	0.011240
-2.051853	0.011195
-2.047926	0.011150
-2.043999	0.011106
-2.040072	0.011061
-2.036145	0.011017
-2.032218	0.010974
-2.028291	0.010931
-2.024364	0.010888
-2.020437	0.010845
-2.016510	0.010803
-2.012583	0.010761
-2.008656	0.010719
-2.004729	0.010678
-2.000802	0.010637
-1.996875	0.010596
-1.992948	0.010556
-1.989021	0.010516
-1.985094	0.010476
-1.981167	0.010436
-1.977240	0.010397
-1.973313	0.010358
-1.969386	0.010319
-1.965459	0.010281
-1.961532	0.010243
-1.957605	0.010205
-1.953678	0.010168
-1.949751	0.010131
-1.945824	0.010094
-1.941897	0.010057
-1.937970	0.010020
-1.934043	0.009984
-1.930116	0.009948
-1.926189	0.009913
-1.922262	0.009877
-1.918335	0.009842
-1.914408	0.009807
-1.910481	0.009773
-1.906554	0.009738
-1.902627	0.009704
-1.898700	0.009670
-1.894773	0.009636
-1.890846	0.009603
-1.886919	0.009570
-1.882992	0.009537
-1.879065	0.009504
-1.875138	0.009472
-1.871211	0.009439
-1.867284	0.009407
-1.863357	0.009375
-1.859430	0.009344
-1.855503	0.009312
-1.851576	0.009281
-1.847649	0.009250
-1.843722	0.009219
-1.839795	0.009189
-1.835868	0.009159
-1.831941	0.009128
-1.828014	0.009098
-1.824087	0.009069
-1.820160	0.009039
-1.816233	0.009010
-1.812306	0.008981
-1.808379	0.008952
-1.804452	0.008923
-1.800525	0.008895
-1.796598	0.008866
-1.792671	0.008838
-1.788744	0.008810
-1.784817	0.008782
-1.780890	0.008755
-1.776963	0.008727
-1.773036	0.008700
-1.769109	0.008673
-1.765182	0.008646
-1.761255	0.008619
-1.757328	0.008593
-1.753401	0.008566
-1.749474	0.008540
-1.745547	0.008514
-1.741620	0.008488
-1.737693	0.008463
-1.733766	0.008437
-1.729839	0.008412
-1.725912	0.008387
-1.721985	0.008362
-1.718058	0.008337
-1.714131	0.008312
-1.710205	0.008288
-1.706278	0.008263
-1.702351	0.008239
-1.698424	0.008215
-1.694497	0.008191
-1.690570	0.008167
-1.686643	0.008144
-1.682716	0.008120
-1.678789	0.008097
-1.674862	0.008074
-1.670935	0.008051
-1.667008	0.008028
-1.663081	0.008005
-1.659154	0.007982
-1.655227	0.007960
-1.651300	0.007938
-1.647373	0.007915
-1.643446	0.007893
-1.639519	0.007872
-1.635592	0.007850
-1.631665	0.007828
-1.627738	0.007807
-1.623811	0.007785
-1.619884	0.007764
-1.615957	0.007743
-1.612030	0.007722
-1.608103	0.007701
-1.604176	0.007681
-1.600249	0.007660
-1.596322	0.007639
-1.592395	0.007619
-1.588468	0.007599
-1.584541	0.007579
-1.580614	0.007559
-1.576687	0.007539
-1.572760	0.007519
-1.568833	0.007500
-1.564906	0.007480
-1.560979	0.007461
-1.557052	0.007442
-1.553125	0.007423
-1.549198	0.007404
-1.545271	0.007385
-1.541344	0.007366
-1.537417	0.007347
-1.533490	0.007329
-1.529563	0.007310
-1.525636	0.007292
-1.521709	0.007274
-1.517782	0.007256
-1.513855	0.007238
-1.509928	0.007220
-1.506001	0.007202
-1.502074	0.007184
-1.498147	0.007167
-1.494220	0.007149
-1.490293	0.007132
-1.486366	0.007115
-1.482439	0.007098
-1.478512	0.007080
-1.474585	0.007064
-1.470658	0.007047
-1.466731	0.007030
-1.462804	0.007013
-1.458877	0.006997
-1.454950	0.006980
-1.451023	0.006964
-1.447096	0.006948
-1.443169	0.006931
-1.439242	0.006915
-1.435315	0.006899
-1.431388	0.006883
-1.427461	0.006868
-1.423534	0.006852
-1.419607	0.006836
-1.415680	0.006821
-1.411753	0.006805
-1.407826	0.006790
-1.403899	0.006775
-1.399972	0.006760
-1.396045	0.006745
-1.392118	0.006730
-1.388191	0.006715
-1.384264	0.006700
-1.380337	0.006685
-1.376410	0.006671
-1.372483	0.006656
-1.368556	0.006642
-1.364629	0.006627
-1.360702	0.006613
-1.356775	0.006599
-1.352848	0.006584
-1.348921	0.006570
-1.344994	0.006556
-1.341067	0.006543
-1.337140	0.006529
-1.333213	0.006515
-1.329286	0.006501
-1.325359	0.006488
-1.321432	0.006474
-1.317505	0.006461
-1.313578	0.006448
-1.309651	0.006434
-1.305724	0.006421
-1.301797	0.006408
-1.297870	0.006395
-1.293943	0.006382
-1.290016	0.006369
-1.286089	0.006356
-1.282163	0.006343
-1.278236	0.006331
-1.274309	0.006318
-1.270382	0.006306
-1.266455	0.006293
-1.262528	0.006281
-1.258601	0.006269
-1.254674	0.006256
-1.250747	0.006244
-1.246820	0.006232
-1.242893	0.006220
-1.238966	0.006208
-1.235039	0.006196
-1.231112	0.006184
-1.227185	0.006173
-1.223258	0.006161
-1.219331	0.006149
-1.215404	0.006138
-1.211477	0.006126
-1.207550	0.006115
-1.203623	0.006103
-1.199696	0.006092
-1.195769	0.006081
-1.191842	0.006070
-1.187915	0.006059
-1.183988	0.006048
-1.180061	0.006037
-1.176134	0.006026
-1.172207	0.006015
-1.168280	0.006004
-1.164353	0.005993
-1.160426	0.005983
-1.156499	0.005972
-1.152572	0.005962
-1.148645	0.005951
-1.144718	0.005941
-1.140791	0.005930
-1.136864	0.005920
-1.132937	0.005910
-1.129010	0.005900
-1.125083	0.005889
-1.121156	0.005879
-1.117229	0.005869
-1.113302	0.005859
-1.109375	0.005850
-1.105448	0.005840
-1.101521	0.005830
-1.097594	0.005820
-1.093667	0.005811
-1.089740	0.005801
-1.085813	0.005791
-1.081886	0.005782
-1.077959	0.005772
-1.074032	0.005763
-1.070105	0.005754
-1.066178	0.005744
-1.062251	0.005735
-1.058324	0.005726
-1.054397	0.005717
-1.050470	0.005708
-1.046543	0.005699
-1.042616	0.005690
-1.038689	0.005681
-1.034762	0.005672
-1.030835	0.005663
-1.026908	0.005654
-1.022981	0.005646
-1.019054	0.005637
-1.015127	0.005629
-1.011200	0.005620
-1.007273	0.005611
-1.003346	0.005603
-0.999419	0.005595
-0.995492	0.005586
-0.991565	0.005578
-0.987638	0.005570
-0.983711	0.005561
-0.979784	0.005553
-0.975857	0.005545
-0.971930	0.005537
-0.968003	0.005529
-0.964076	0.005521
-0.960149	0.005513
-0.956222	0.005505
-0.952295	0.005498
-0.948368	0.005490
-0.944441	0.005482
-0.940514	0.005474
-0.936587	0.005467
-0.932660	0.005459
-0.928733	0.005452
-0.924806	0.005444
-0.920879	0.005437
-0.916952	0.005429
-0.913025	0.005422
-0.909098	0.005414
-0.905171	0.005407
-0.901244	0.005400
-0.897317	0.005393
-0.893390	0.005386
-0.889463	0.005379
-0.885536	0.005371
-0.881609	0.005364
-0.877682	0.005357
-0.873755	0.005351
-0.869828	0.005344
-0.865901	0.005337
-0.861974	0.005330
-0.858047	0.005323
-0.854121	0.005317
-0.850194	0.005310
-0.846267	0.005303
-0.842340	0.005297
-0.838413	0.005290
-0.834486	0.005284
-0.830559	0.005277
-0.826632	0.005271
-0.822705	0.005264
-0.818778	0.005258
-0.814851	0.005252
-0.810924	0.005245
-0.806997	0.005239
-0.803070	0.005233
-0.799143	0.005227
-0.795216	0.005221
-0.791289	0.005215
-0.787362	0.005209
-0.783435	0.005203
-0.779508	0.005197
-0.775581	0.005191
-0.771654	0.005185
-0.767727	0.005179
-0.763800	0.005173
-0.759873	0.005167
-0.755946	0.005162
-0.752019	0.005156
-0.748092	0.005150
-0.744165	0.005145
-0.740238	0.005139
-0.736311	0.005134
-0.732384	0.005128
-0.728457	0.005123
-0.724530	0.005117
-0.720603	0.005112
-0.716676	0.005106
-0.712749	0.005101
-0.708822	0.005096
-0.704895	0.005091
-0.700968	0.005085
-0.697041	0.005080
-0.693114	0.005075
-0.689187	0.005070
-0.685260	0.005065
-0.681333	0.005060
-0.677406	0.005055
-0.673479	0.005050
-0.669552	0.005045
-0.665625	0.005040
-0.661698	0.005035
-0.657771	0.005031
-0.653844	0.005026
-0.649917	0.005021
-0.645990	0.005016
-0.642063	0.005012
-0.638136	0.005007
-0.634209	0.005002
-0.630282	0.004998
-0.626355	0.004993
-0.622428	0.004989
-0.618501	0.004984
-0.614574	0.004980
-0.610647	0.004975
-0.606720	0.004971
-0.602793	0.004967
-0.598866	0.004962
-0.594939	0.004958
-0.591012	0.004954
-0.587085	0.004950
-0.583158	0.004945
-0.579231	0.004941
-0.575304	0.004937
-0.571377	0.004933
-0.567450	0.004929
-0.563523	0.004925
-0.559596	0.004921
-0.555669	0.004917
-0.551742	0.004913
-0.547815	0.004909
-0.543888	0.004905
-0.539961	0.004902
-0.536034	0.004898
-0.532107	0.004894
-0.528180	0.004890
-0.524253	0.004887
-0.520326	0.004883
-0.516399	0.004879
-0.512472	0.004876
-0.508545	0.004872
-0.504618	0.004868
-0.500691	0.004865
-0.496764	0.004861
-0.492837	0.004858
-0.488910	0.004855
-0.484983	0.004851
-0.481056	0.004848
-0.477129	0.004845
-0.473202	0.004841
-0.469275	0.004838
-0.465348	0.004835
-0.461421	0.004831
-0.457494	0.004828
-0.453567	0.004825
-0.449640	0.004822
-0.445713	0.004819
-0.441786	0.004816
-0.437859	0.004813
-0.433932	0.004810
-0.430005	0.004807
-0.426079	0.004804
-0.422152	0.004801
-0.418225	0.004798
-0.414298	0.004795
-0.410371	0.004792
-0.406444	0.004790
-0.402517	0.004787
-0.398590	0.004784
-0.394663	0.004781
-0.390736	0.004779
-0.386809	0.004776
-0.382882	0.004773
-0.378955	0.004771
-0.375028	0.004768
-0.371101	0.004766
-0.367174	0.004763
-0.363247	0.004761
-0.359320	0.004758
-0.355393	0.004756
-0.351466	0.004753
-0.347539	0.004751
-0.343612	0.004749
-0.339685	0.004746
-0.335758	0.004744
-0.331831	0.004742
-0.327904	0.004740
-0.323977	0.004737
-0.320050	0.004735
-0.316123	0.004733
-0.312196	0.004731
-0.308269	0.004729
-0.304342	0.004727
-0.300415	0.004725
-0.296488	0.004723
-0.292561	0.004721
-0.288634	0.004719
-0.284707	0.004717
-0.280780	0.004715
-0.276853	0.004713
-0.272926	0.004711
-0.268999	0.004709
-0.265072	0.004708
-0.261145	0.004706
-0.257218	0.004704
-0.253291	0.004702
-0.249364	0.004701
-0.245437	0.004699
-0.241510	0.004697
-0.237583	0.004696
-0.233656	0.004694
-0.229729	0.004693
-0.225802	0.004691
-0.221875	0.004690
-0.217948	0.004688
-0.214021	0.004687
-0.210094	0.004685
-0.206167	0.004684
-0.202240	0.004683
-0.198313	0.004681
-0.194386	0.004680
-0.190459	0.004679
-0.186532	0.004677
-0.182605	0.004676
-0.178678	0.004675
-0.174751	0.004674
-0.170824	0.004673
-0.166897	0.004672
-0.162970	0.004671
-0.159043	0.004669
-0.155116	0.004668
-0.151189	0.004667
-0.147262	0.004666
-0.143335	0.004665
-0.139408	0.004665
-0.135481	0.004664
-0.131554	0.004663
-0.127627	0.004662
-0.123700	0.004661
-0.119773	0.004660
-0.115846	0.004659
-0.111919	0.004659
-0.107992	0.004658
-0.104065	0.004657
-0.100138	0.004657
-0.096211	0.004656
-0.092284	0.004655
-0.088357	0.004655
-0.084430	0.004654
-0.080503	0.004654
-0.076576	0.004653
-0.072649	0.004653
-0.068722	0.004652
-0.064795	0.004652
-0.060868	0.004651
-0.056941	0.004651
-0.053014	0.004651
-0.049087	0.004650
-0.045160	0.004650
-0.041233	0.004650
-0.037306	0.004649
-0.033379	0.004649
-0.029452	0.004649
-0.025525	0.004649
-0.021598	0.004649
-0.017671	0.004648
-0.013744	0.004648
-0.009817	0.004648
-0.005890	0.004648
-0.001963	0.004648
0.001963	0.004648
0.005890	0.004648
0.009817	0.004648
0.013744	0.004648
0.017671	0.004648
0.021598	0.004649
0.025525	0.004649
0.029452	0.004649
0.033379	0.004649
0.037306	0.004649
0.041233	0.004650
0.045160	0.004650
0.049087	0.004650
0.053014	0.004651
0.056941	0.004651
0.060868	0.004651
0.064795	0.004652
0.068722	0.004652
0.072649	0.004653
0.076576	0.004653
0.080503	0.004654
0.084430	0.004654
0.088357	0.004655
0.092284	0.004655
0.096211	0.004656
0.100138	0.004657
0.104065	0.004657
0.107992	0.004658
0.111919	0.004659
0.115846	0.004659
0.119773	0.004660
0.123700	0.004661
0.127627	0.004662
0.131554	0.004663
0.135481	0.004664
0.139408	0.004665
0.143335	0.004665
0.147262	0.004666
0.151189	0.004667
0.155116	0.004668
0.159043	0.004669
0.162970	0.004671
0.166897	0.004672
0.170824	0.004673
0.174751	0.004674
0.178678	0.004675
0.182605	0.004676
0.186532	0.004678
0.190459	0.004679
0.194386	0.004680
0.198313	0.004681
0.202240	0.004683
0.206167	0.004684
0.210094	0.004685
0.214021	0.004687
0.217948	0.004688
0.221875	0.004690
0.225802	0.004691
0.229729	0.004693
0.233656	0.004694
0.237583	0.004696
0.241510	0.004697
0.245437	0.004699
0.249364	0.004701
0.253291	0.004702
0.257218	0.004704
0.261145	0.004706
0.265072	0.004708
0.268999	0.004709
0.272926	0.004711
0.276853	0.004713
0.280780	0.004715
0.284707	0.004717
0.288634	0.004719
0.292561	0.004721
0.296488	0.004723
0.300415	0.004725
0.304342	0.004727
0.308269	0.004729
0.312196	0.004731
0.316123	0.004733
0.320050	0.004735
0.323977	0.004737
0.327904	0.004740
0.331831	0.004742
0.335758	0.004744
0.339685	0.004746
0.343612	0.004749
0.347539	0.004751
0.351466	0.004753
0.355393	0.004756
0.359320	0.004758
0.363247	0.004761
0.367174	0.004763
0.371101	0.004766
0.375028	0.004768
0.378955	0.004771
0.382882	0.004773
0.386809	0.004776
0.390736	0.004779
0.394663	0.004781
0.398590	0.004784
0.402517	0.004787
0.406444	0.004790
0.410371	0.004792
0.414298	0.004795
0.418225	0.004798
0.422152	0.004801
0.426079	0.004804
0.430005	0.004807
0.433932	0.004810
0.437859	0.004813
0.441786	0.004816
0.445713	0.004819
0.449640	0.004822
0.453567	0.004825
0.457494	0.004828
0.461421	0.004831
0.465348	0.004835
0.469275	0.004838
0.473202	0.004841
0.477129	0.004845
0.481056	0.004848
0.484983	0.004851
0.488910	0.004855
0.492837	0.004858
0.496764	0.004861
0.500691	0.004865
0.504618	0.004868
0.508545	0.004872
0.512472	0.004876
0.516399	0.004879
0.520326	0.004883
0.524253	0.004887
0.528180	0.004890
0.532107	0.004894
0.536034	0.004898
0.539961	0.004902
0.543888	0.004905
0.547815	0.004909
0.551742	0.004913
0.555669	0.004917
0.559596	0.004921
0.563523	0.004925
0.567450	0.004929
0.571377	0.004933
0.575304	0.004937
0.579231	0.004941
0.583158	0.004945
0.587085	0.004950
0.591012	0.004954
0.594939	0.004958
0.598866	0.004962
0.602793	0.004967
0.606720	0.004971
0.610647	0.004975
0.614574	0.004980
0.618501	0.004984
0.622428	0.004989
0.626355	0.004993
0.630282	0.004998
0.634209	0.005002
0.638136	0.005007
0.642063	0.005012
0.645990	0.005016
0.649917	0.005021
0.653844	0.005026
0.657771	0.005031
0.661698	0.005035
0.665625	0.005040
0.669552	0.005045
0.673479	0.005050
0.677406	0.005055
0.681333	0.005060
0.685260	0.005065
0.689187	0.005070
0.693114	0.005075
0.697041	0.005080
0.700968	0.005085
0.704895	0.005091
0.708822	0.005096
0.712749	0.005101
0.716676	0.005107
0.720603	0.005112
0.724530	0.005117
0.728457	0.005123
0.732384	0.005128
0.736311	0.005134
0.740238	0.005139
0.744165	0.005145
0.748092	0.005150
0.752019	0.005156
0.755946	0.005162
0.759873	0.005167
0.763800	0.005173
0.767727	0.005179
0.771654	0.005185
0.775581	0.005191
0.779508	0.005197
0.783435	0.005203
0.787362	0.005209
0.791289	0.005215
0.795216	0.005221
0.799143	0.005227
0.803070	0.005233
0.806997	0.005239
0.810924	0.005245
0.814851	0.005252
0.818778	0.005258
0.822705	0.005264
0.826632	0.005271
0.830559	0.005277
0.834486	0.005284
0.838413	0.005290
0.842340	0.005297
0.846267	0.005303
0.850194	0.005310
0.854121	0.005317
0.858047	0.005323
0.861974	0.005330
0.865901	0.005337
0.869828	0.005344
0.873755	0.005351
0.877682	0.005357
0.881609	0.005364
0.885536	0.005371
0.889463	0.005379
0.893390	0.005386
0.897317	0.005393
0.901244	0.005400
0.905171	0.005407
0.909098	0.005415
0.913025	0.005422
0.916952	0.005429
0.920879	0.005437
0.924806	0.005444
0.928733	0.005452
0.932660	0.005459
0.936587	0.005467
0.940514	0.005474
0.944441	0.005482
0.948368	0.005490
0.952295	0.005498
0.956222	0.005505
0.960149	0.005513
0.964076	0.005521
0.968003	0.005529
0.971930	0.005537
0.975857	0.005545
0.979784	0.005553
0.983711	0.005562
0.987638	0.005570
0.991565	0.005578
0.995492	0.005586
0.999419	0.005595
1.003346	0.005603
1.007273	0.005611
1.011200	0.005620
1.015127	0.005629
1.019054	0.005637
1.022981	0.005646
1.026908	0.005655
1.030835	0.005663
1.034762	0.005672
1.038689	0.005681
1.042616	0.005690
1.046543	0.005699
1.050470	0.005708
1.054397	0.005717
1.058324	0.005726
1.062251	0.005735
1.066178	0.005744
1.070105	0.005754
1.074032	0.005763
1.077959	0.005772
1.081886	0.005782
1.085813	0.005791
1.089740	0.005801
1.093667	0.005811
1.097594	0.005820
1.101521	0.005830
1.105448	0.005840
1.109375	0.005850
1.113302	0.005859
1.117229	0.005869
1.121156	0.005879
1.125083	0.005889
1.129010	0.005900
1.132937	0.005910
1.136864	0.005920
1.140791	0.005930
1.144718	0.005941
1.148645	0.005951
1.152572	0.005962
1.156499	0.005972
1.160426	0.005983
1.164353	0.005993
1.168280	0.006004
1.172207	0.006015
1.176134	0.006026
1.180061	0.006037
1.183988	0.006048
1.187915	0.006059
1.191842	0.006070
1.195769	0.006081
1.199696	0.006092
1.203623	0.006103
1.207550	0.006115
1.211477	0.006126
1.215404	0.006138
1.219331	0.006149
1.223258	0.006161
1.227185	0.006173
1.231112	0.006184
1.235039	0.006196
1.238966	0.006208
1.242893	0.006220
1.246820	0.006232
1.250747	0.006244
1.254674	0.006256
1.258601	0.006269
1.262528	0.006281
1.266455	0.006293
1.270382	0.006306
1.274309	0.006318
1.278236	0.006331
1.282163	0.006344
1.286089	0.006356
1.290016	0.006369
1.293943	0.006382
1.297870	0.006395
1.301797	0.006408
1.305724	0.006421
1.309651	0.006434
1.313578	0.006448
1.317505	0.006461
1.321432	0.006474
1.325359	0.006488
1.329286	0.006501
1.333213	0.006515
1.337140	0.006529
1.341067	0.006543
1.344994	0.006556
1.348921	0.006570
1.352848	0.006585
1.356775	0.006599
1.360702	0.006613
1.364629	0.006627
1.368556	0.006642
1.372483	0.006656
1.376410	0.006671
1.380337	0.006685
1.384264	0.006700
1.388191	0.006715
1.392118	0.006730
1.396045	0.006745
1.399972	0.006760
1.403899	0.006775
1.407826	0.006790
1.411753	0.006805
1.415680	0.006821
1.419607	0.006836
1.423534	0.006852
1.427461	0.006868
1.431388	0.006884
1.435315	0.006899
1.439242	0.006915
1.443169	0.006931
1.447096	0.006948
1.451023	0.006964
1.454950	0.006980
1.458877	0.006997
1.462804	0.007013
1.466731	0.007030
1.470658	0.007047
1.474585	0.007064
1.478512	0.007081
1.482439	0.007098
1.486366	0.007115
1.490293	0.007132
1.494220	0.007149
1.498147	0.007167
1.502074	0.007184
1.506001	0.007202
1.509928	0.007220
1.513855	0.007238
1.517782	0.007256
1.521709	0.007274
1.525636	0.007292
1.529563	0.007310
1.533490	0.007329
1.537417	0.007347
1.541344	0.007366
1.545271	0.007385
1.549198	0.007404
1.553125	0.007423
1.557052	0.007442
1.560979	0.007461
1.564906	0.007480
1.568833	0.007500
1.572760	0.007519
1.576687	0.007539
1.580614	0.007559
1.584541	0.007579
1.588468	0.007599
1.592395	0.007619
1.596322	0.007640
1.600249	0.007660
1.604176	0.007681
1.608103	0.007701
1.612030	0.007722
1.615957	0.007743
1.619884	0.007764
1.623811	0.007785
1.627738	0.007807
1.631665	0.007828
1.635592	0.007850
1.639519	0.007872
1.643446	0.007894
1.647373	0.007916
1.651300	0.007938
1.655227	0.007960
1.659154	0.007982
1.663081	0.008005
1.667008	0.008028
1.670935	0.008051
1.674862	0.008074
1.678789	0.008097
1.682716	0.008120
1.686643	0.008144
1.690570	0.008167
1.694497	0.008191
1.698424	0.008215
1.702351	0.008239
1.706278	0.008263
1.710205	0.008288
1.714131	0.008312
1.718058	0.008337
1.721985	0.008362
1.725912	0.008387
1.729839	0.008412
1.733766	0.008437
1.737693	0.008463
1.741620	0.008489
1.745547	0.008514
1.749474	0.008540
1.753401	0.008567
1.757328	0.008593
1.761255	0.008619
1.765182	0.008646
1.769109	0.008673
1.773036	0.008700
1.776963	0.008727
1.780890	0.008755
1.784817	0.008782
1.788744	0.008810
1.792671	0.008838
1.796598	0.008866
1.800525	0.008895
1.804452	0.008923
1.808379	0.008952
1.812306	0.008981
1.816233	0.009010
1.820160	0.009039
1.824087	0.009069
1.828014	0.009099
1.831941	0.009129
1.835868	0.009159
1.839795	0.009189
1.843722	0.009220
1.847649	0.009250
1.851576	0.009281
1.855503	0.009313
1.859430	0.009344
1.863357	0.009376
1.867284	0.009407
1.871211	0.009439
1.875138	0.009472
1.879065	0.009504
1.882992	0.009537
1.886919	0.009570
1.890846	0.009603
1.894773	0.009637
1.898700	0.009670
1.902627	0.009704
1.906554	0.009738
1.910481	0.009773
1.914408	0.009807
1.918335	0.009842
1.922262	0.009878
1.926189	0.009913
1.930116	0.009949
1.934043	0.009985
1.937970	0.010021
1.941897	0.010057
1.945824	0.010094
1.949751	0.010131
1.953678	0.010168
1.957605	0.010206
1.961532	0.010243
1.965459	0.010281
1.969386	0.010320
1.973313	0.010358
1.977240	0.010397
1.981167	0.010437
1.985094	0.010476
1.989021	0.010516
1.992948	0.010556
1.996875	0.010596
2.000802	0.010637
2.004729	0.010678
2.008656	0.010719
2.012583	0.010761
2.016510	0.010803
2.020437	0.010845
2.024364	0.010888
2.028291	0.010931
2.032218	0.010974
2.036145	0.011018
2.040072	0.011062
2.043999	0.011106
2.047926	0.011151
2.051853	0.011196
2.055780	0.011241
2.059707	0.011287
2.063634	0.011333
2.067561	0.011379
2.071488	0.011426
2.075415	0.011473
2.079342	0.011520
2.083269	0.011568
2.087196	0.011617
2.091123	0.011665
2.095050	0.011714
2.098977	0.011764
2.102904	0.011814
2.106831	0.011864
2.110758	0.011915
2.114685	0.011966
2.118612	0.012017
2.122539	0.012069
2.126466	0.012122
2.130393	0.012174
2.134320	0.012228
2.138246	0.012281
2.142173	0.012335
2.146100	0.012390
2.150027	0.012445
2.153954	0.012501
2.157881	0.012556
2.161808	0.012613
2.165735	0.012670
2.169662	0.012727
2.173589	0.012785
2.177516	0.012844
2.181443	0.012903
2.185370	0.012962
2.189297	0.013022
2.193224	0.013082
2.197151	0.013143
2.201078	0.013205
2.205005	0.013267
2.208932	0.013330
2.212859	0.013393
2.216786	0.013457
2.220713	0.013521
2.224640	0.013586
2.228567	0.013651
2.232494	0.013717
2.236421	0.013784
2.240348	0.013851
2.244275	0.013919
2.248202	0.013988
2.252129	0.014057
2.256056	0.014126
2.259983	0.014197
2.263910	0.014268
2.267837	0.014340
2.271764	0.014412
2.275691	0.014485
2.279618	0.014559
2.283545	0.014633
2.287472	0.014708
2.291399	0.014784
2.295326	0.014861
2.299253	0.014938
2.303180	0.015016
2.307107	0.015095
2.311034	0.015175
2.314961	0.015255
2.318888	0.015336
2.322815	0.015418
2.326742	0.015501
2.330669	0.015585
2.334596	0.015669
2.338523	0.015754
2.342450	0.015840
2.346377	0.015927
2.350304	0.016015
2.354231	0.016104
2.358158	0.016194
2.362085	0.016284
2.366012	0.016376
2.369939	0.016468
2.373866	0.016561
2.377793	0.016656
2.381720	0.016751
2.385647	0.016847
2.389574	0.016945
2.393501	0.017043
2.397428	0.017143
2.401355	0.017243
2.405282	0.017345
2.409209	0.017447
2.413136	0.017551
2.417063	0.017656
2.420990	0.017762
2.424917	0.017869
2.428844	0.017978
2.432771	0.018087
2.436698	0.018198
2.440625	0.018310
2.444552	0.018423
2.448479	0.018538
2.452406	0.018654
2.456333	0.018771
2.460260	0.018889
2.464187	0.019009
2.468114	0.019131
2.472041	0.019253
2.475968	0.019377
2.479895	0.019503
2.483822	0.019630
2.487749	0.019758
2.491676	0.019888
2.495603	0.020020
2.499530	0.020153
2.503457	0.020288
2.507384	0.020424
2.511311	0.020562
2.515238	0.020702
2.519165	0.020843
2.523092	0.020987
2.527019	0.021132
2.530946	0.021278
2.534873	0.021427
2.538800	0.021577
2.542727	0.021730
2.546654	0.021884
2.550581	0.022041
2.554508	0.022199
2.558435	0.022359
2.562362	0.022522
2.566288	0.022686
2.570215	0.022853
2.574142	0.023022
2.578069	0.023193
2.581996	0.023367
2.585923	0.023543
2.589850	0.023721
2.593777	0.023902
2.597704	0.024085
2.601631	0.024271
2.605558	0.024459
2.609485	0.024650
2.613412	0.024843
2.617339	0.025040
2.621266	0.025239
2.625193	0.025441
2.629120	0.025646
2.633047	0.025853
2.636974	0.026064
2.640901	0.026278
2.644828	0.026495
2.648755	0.026716
2.652682	0.026939
2.656609	0.027166
2.660536	0.027397
2.664463	0.027631
2.668390	0.027868
2.672317	0.028109
2.676244	0.028354
2.680171	0.028603
2.684098	0.028856
2.688025	0.029112
2.691952	0.029373
2.695879	0.029638
2.699806	0.029907
2.703733	0.030181
2.707660	0.030459
2.711587	0.030742
2.715514	0.031029
2.719441	0.031322
2.723368	0.031619
2.727295	0.031921
2.731222	0.032229
2.735149	0.032542
2.739076	0.032860
2.743003	0.033184
2.746930	0.033513
2.750857	0.033849
2.754784	0.034190
2.758711	0.034538
2.762638	0.034892
2.766565	0.035253
2.770492	0.035620
2.774419	0.035994
2.778346	0.036375
2.782273	0.036763
2.786200	0.037159
2.790127	0.037563
2.794054	0.037974
2.797981	0.038394
2.801908	0.038821
2.805835	0.039258
2.809762	0.039703
2.813689	0.040157
2.817616	0.040621
2.821543	0.041094
2.825470	0.041577
2.829397	0.042070
2.833324	0.042574
2.837251	0.043088
2.841178	0.043614
2.845105	0.044151
2.849032	0.044700
2.852959	0.045262
2.856886	0.045836
2.860813	0.046423
2.864740	0.047024
2.868667	0.047639
2.872594	0.048268
2.876521	0.048912
2.880448	0.049571
2.884375	0.050247
2.888302	0.050939
2.892229	0.051648
2.896156	0.052375
2.900083	0.053121
2.904010	0.053885
2.907937	0.054669
2.911864	0.055474
2.915791	0.056300
2.919718	0.057148
2.923645	0.058020
2.927572	0.058915
2.931499	0.059835
2.935426	0.060780
2.939353	0.061753
2.943280	0.062754
2.947207	0.063783
2.951134	0.064844
2.955061	0.065935
2.958988	0.067060
2.962915	0.068220
2.966842	0.069415
2.970769	0.070648
2.974696	0.071921
2.978623	0.073235
2.982550	0.074592
2.986477	0.075994
2.990404	0.077443
2.994330	0.078942
2.998257	0.080494
3.002184	0.082100
3.006111	0.083763
3.010038	0.085487
3.013965	0.087275
3.017892	0.089130
3.021819	0.091055
3.025746	0.093055
3.029673	0.095134
3.033600	0.097296
3.037527	0.099545
3.041454	0.101888
3.045381	0.104330
3.049308	0.106876
3.053235	0.109533
3.057162	0.112308
3.061089	0.115208
3.065016	0.118242
3.068943	0.121417
3.072870	0.124745
3.076797	0.128234
3.080724	0.131897
3.084651	0.135745
3.088578	0.139792
3.092505	0.144052
3.096432	0.148540
3.100359	0.153276
3.104286	0.158276
3.108213	0.163563
3.112140	0.169160
3.116067	0.175091
3.119994	0.181384
3.123921	0.188070
3.127848	0.195183
3.131775	0.202761
3.135702	0.210846
3.139629	0.219483
3.143556	0.228724
3.147483	0.238626
3.151410	0.249253
3.155337	0.260675
3.159264	0.272971
3.163191	0.286229
3.167118	0.300546
3.171045	0.316030
3.174972	0.332801
3.178899	0.350991
3.182826	0.370745
3.186753	0.392222
3.190680	0.415592
3.194607	0.441038
3.198534	0.468749
3.202461	0.498918
3.206388	0.531735
3.210315	0.567370
3.214242	0.605961
3.218169	0.647592
3.222096	0.692260
3.226023	0.739848
3.229950	0.790080
3.233877	0.842492
3.237804	0.896401
3.241731	0.950902
3.245658	1.004888
3.249585	1.057110
3.253512	1.106274
3.257439	1.151160
3.261366	1.190746
3.265293	1.224304
3.269220	1.251454
3.273147	1.272165
3.277074	1.286710
3.281001	1.295593
3.284928	1.299463
3.288855	1.299036
3.292782	1.295031
3.296709	1.288130
3.300636	1.278945
3.304563	1.268014
3.308490	1.255789
3.312417	1.242649
3.316344	1.228904
3.320271	1.214800
3.324198	1.200536
3.328125	1.186266
3.332052	1.172110
3.335979	1.158159
3.339906	1.144482
3.343833	1.131129
3.347760	1.118135
3.351687	1.105525
3.355614	1.093313
3.359541	1.081506
3.363468	1.070104
3.367395	1.059104
3.371322	1.048497
3.375249	1.038269
3.379176	1.028404
3.383103	1.018881
3.387030	1.009674
3.390957	1.000752
3.394884	0.992079
3.398811	0.983611
3.402738	0.975294
3.406665	0.967066
3.410592	0.958851
3.414519	0.950561
3.418446	0.942092
3.422372	0.933323
3.426299	0.924120
3.430226	0.914336
3.434153	0.903819
3.438080	0.892424
3.442007	0.880026
3.445934	0.866546
3.449861	0.851970
3.453788	0.836373
3.457715	0.819936
3.461642	0.802947
3.465569	0.785796
3.469496	0.768942
3.473423	0.752882
3.477350	0.738112
3.481277	0.725094
3.485204	0.714235
3.489131	0.705878
3.493058	0.700299
3.496985	0.697719
3.500912	0.698315
3.504839	0.702230
3.508766	0.709589
3.512693	0.720498
3.516620	0.735054
3.520547	0.753338
3.524474	0.775409
3.528401	0.801287
3.532328	0.830932
3.536255	0.864215
3.540182	0.900885
3.544109	0.940531
3.548036	0.982548
3.551963	1.026109
3.555890	1.070165
3.559817	1.113462
3.563744	1.154596
3.567671	1.192107
3.571598	1.224593
3.575525	1.250846
3.579452	1.269985
3.583379	1.281567
3.587306	1.285660
3.591233	1.282853
3.595160	1.274198
3.599087	1.261089
3.603014	1.245096
3.606941	1.227789
3.610868	1.210574
3.614795	1.194583
3.618722	1.180603
3.622649	1.169056
3.626576	1.160031
3.630503	1.153334
3.634430	1.148571
3.638357	1.145240
3.642284	1.142814
3.646211	1.140815
3.650138	1.138870
3.654065	1.136728
3.657992	1.134263
3.661919	1.131452
3.665846	1.128352
3.669773	1.125071
3.673700	1.121741
3.677627	1.118503
3.681554	1.115492
3.685481	1.112831
3.689408	1.110631
3.693335	1.108986
3.697262	1.107975
3.701189	1.107668
3.705116	1.108125
3.709043	1.109397
3.712970	1.111530
3.716897	1.114568
3.720824	1.118551
3.724751	1.123516
3.728678	1.129499
3.732605	1.136533
3.736532	1.144649
3.740459	1.153871
3.744386	1.164219
3.748313	1.175702
3.752240	1.188319
3.756167	1.202052
3.760094	1.216869
3.764021	1.232720
3.767948	1.249541
3.771875	1.267251
3.775802	1.285760
3.779729	1.304971
3.783656	1.324775
3.787583	1.345044
3.791510	1.365615
3.795437	1.386265
3.799364	1.406699
3.803291	1.426546
3.807218	1.445389
3.811145	1.462813
3.815072	1.478477
3.818999	1.492173
3.822926	1.503869
3.826853	1.513711
3.830780	1.521987
3.834707	1.529068
3.838634	1.535334
3.842561	1.541098
3.846488	1.546550
3.850414	1.551703
3.854341	1.556379
3.858268	1.560202
3.862195	1.562628
3.866122	1.562983
3.870049	1.560509
3.873976	1.554425
3.877903	1.543967
3.881830	1.528450
3.885757	1.507322
3.889684	1.480221
3.893611	1.447047
3.897538	1.408005
3.901465	1.363633
3.905392	1.314787
3.909319	1.262576
3.913246	1.208265
3.917173	1.153160
3.921100	1.098493
3.925027	1.045345
3.928954	0.994585
3.932881	0.946866
3.936808	0.902630
3.940735	0.862138
3.944662	0.825511
3.948589	0.792764
3.952516	0.763840
3.956443	0.738638
3.960370	0.717037
3.964297	0.698910
3.968224	0.684135
3.972151	0.672604
3.976078	0.664227
3.980005	0.658932
3.983932	0.656668
3.987859	0.657399
3.991786	0.661101
3.995713	0.667752
3.999640	0.677324
4.003567	0.689764
4.007494	0.704982
4.011421	0.722820
4.015348	0.743030
4.019275	0.765249
4.023202	0.788973
4.027129	0.813553
4.031056	0.838202
4.034983	0.862035
4.038910	0.884148
4.042837	0.903709
4.046764	0.920073
4.050691	0.932878
4.054618	0.942097
4.058545	0.948039
4.062472	0.951280
4.066399	0.952569
4.070326	0.952703
4.074253	0.952432
4.078180	0.952390
4.082107	0.953062
4.086034	0.954782
4.089961	0.957752
4.093888	0.962049
4.097815	0.967644
4.101742	0.974403
4.105669	0.982103
4.109596	0.990447
4.113523	0.999105
4.117450	1.007746
4.121377	1.016090
4.125304	1.023930
4.129231	1.031154
4.133158	1.037738
4.137085	1.043736
4.141012	1.049255
4.144939	1.054435
4.148866	1.059428
4.152793	1.064380
4.156720	1.069425
4.160647	1.074672
4.164574	1.080207
4.168501	1.086078
4.172428	1.092302
4.176355	1.098851
4.180282	1.105651
4.184209	1.112569
4.188136	1.119401
4.192063	1.125866
4.195990	1.131593
4.199917	1.136129
4.203844	1.138942
4.207771	1.139459
4.211698	1.137103
4.215625	1.131345
4.219552	1.121760
4.223479	1.108078
4.227406	1.090236
4.231333	1.068406
4.235260	1.043017
4.239187	1.014737
4.243114	0.984424
4.247041	0.953061
4.250968	0.921657
4.254895	0.891173
4.258822	0.862450
4.262749	0.836171
4.266676	0.812845
4.270603	0.792813
4.274530	0.776252
4.278456	0.763198
4.282383	0.753554
4.286310	0.747100
4.290237	0.743498
4.294164	0.742301
4.298091	0.742963
4.302018	0.744871
4.305945	0.747395
4.309872	0.749946
4.313799	0.752062
4.317726	0.753471
4.321653	0.754133
4.325580	0.754243
4.329507	0.754184
4.333434	0.754449
4.337361	0.755543
4.341288	0.757887
4.345215	0.761735
4.349142	0.767099
4.353069	0.773701
4.356996	0.780950
4.360923	0.787952
4.364850	0.793579
4.368777	0.796587
4.372704	0.795795
4.376631	0.790289
4.380558	0.779607
4.384485	0.763866
4.388412	0.743760
4.392339	0.720458
4.396266	0.695389
4.400193	0.670017
4.404120	0.645636
4.408047	0.623255
4.411974	0.603554
4.415901	0.586924
4.419828	0.573525
4.423755	0.563358
4.427682	0.556326
4.431609	0.552264
4.435536	0.550957
4.439463	0.552137
4.443390	0.555471
4.447317	0.560544
4.451244	0.566856
4.455171	0.573837
4.459098	0.580899
4.463025	0.587525
4.466952	0.593375
4.470879	0.598394
4.474806	0.602857
4.478733	0.607312
4.482660	0.612392
4.486587	0.618542
4.490514	0.625803
4.494441	0.633764
4.498368	0.641758
4.502295	0.649160
4.506222	0.655587
4.510149	0.660839
4.514076	0.664650
4.518003	0.666448
4.521930	0.665373
4.525857	0.660634
4.529784	0.652040
4.533711	0.640331
4.537638	0.626966
4.541565	0.613351
4.545492	0.599970
4.549419	0.586087
4.553346	0.570317
4.557273	0.551691
4.561200	0.530401
4.565127	0.507741
4.569054	0.485370
4.572981	0.464547
4.576908	0.445818
4.580835	0.429162
4.584762	0.414341
4.588689	0.401143
4.592616	0.389458
4.596543	0.379235
4.600470	0.370416
4.604397	0.362913
4.608324	0.356612
4.612251	0.351399
4.616178	0.347184
4.620105	0.343901
4.624032	0.341517
4.627959	0.340013
4.631886	0.339379
4.635813	0.339604
4.639740	0.340676
4.643667	0.342576
4.647594	0.345284
4.651521	0.348783
4.655448	0.353064
4.659375	0.358128
4.663302	0.363994
4.667229	0.370704
4.671156	0.378329
4.675083	0.386988
4.679010	0.396852
4.682937	0.408162
4.686864	0.421215
4.690791	0.436349
4.694718	0.453897
4.698645	0.474144
4.702572	0.497286
4.706498	0.523412
4.710425	0.552523
4.714352	0.584561
4.718279	0.619457
4.722206	0.657155
4.726133	0.697625
4.730060	0.740832
4.733987	0.786695
4.737914	0.835024
4.741841	0.885442
4.745768	0.937319
4.749695	0.989709
4.753622	1.041315
4.757549	1.090486
4.761476	1.135271
4.765403	1.173535
4.769330	1.203141
4.773257	1.222209
4.777184	1.229376
4.781111	1.224029
4.785038	1.206418
4.788965	1.177627
4.792892	1.139407
4.796819	1.093921
4.800746	1.043464
4.804673	0.990225
4.808600	0.936121
4.812527	0.882710
4.816454	0.831167
4.820381	0.782315
4.824308	0.736675
4.828235	0.694531
4.832162	0.655987
4.836089	0.621022
4.840016	0.589534
4.843943	0.561370
4.847870	0.536352
4.851797	0.514295
4.855724	0.495016
4.859651	0.478342
4.863578	0.464118
4.867505	0.452207
4.871432	0.442490
4.875359	0.434871
4.879286	0.429276
4.883213	0.425651
4.887140	0.423964
4.891067	0.424203
4.894994	0.426376
4.898921	0.430508
4.902848	0.436644
4.906775	0.444840
4.910702	0.455167
4.914629	0.467700
4.918556	0.482516
4.922483	0.499679
4.926410	0.519232
4.930337	0.541172
4.934264	0.565428
4.938191	0.591828
4.942118	0.620062
4.946045	0.649647
4.949972	0.679893
4.953899	0.709881
4.957826	0.738477
4.961753	0.764375
4.965680	0.786197
4.969607	0.802632
4.973534	0.812608
4.977461	0.815449
4.981388	0.810995
4.985315	0.799632
4.989242	0.782232
4.993169	0.760019
4.997096	0.734394
5.001023	0.706764
5.004950	0.678407
5.008877	0.650391
5.012804	0.623535
5.016731	0.598418
5.020658	0.575402
5.024585	0.554677
5.028512	0.536297
5.032439	0.520228
5.036366	0.506374
5.040293	0.494607
5.044220	0.484787
5.048147	0.476775
5.052074	0.470439
5.056001	0.465664
5.059928	0.462354
5.063855	0.460435
5.067782	0.459860
5.071709	0.460603
5.075636	0.462658
5.079563	0.466029
5.083490	0.470722
5.087417	0.476736
5.091344	0.484051
5.095271	0.492610
5.099198	0.502302
5.103125	0.512939
5.107052	0.524234
5.110979	0.535780
5.114906	0.547042
5.118833	0.557362
5.122760	0.566002
5.126687	0.572213
5.130614	0.575330
5.134540	0.574878
5.138467	0.570646
5.142394	0.562725
5.146321	0.551484
5.150248	0.537511
5.154175	0.521514
5.158102	0.504234
5.162029	0.486366
5.165956	0.468502
5.169883	0.451110
5.173810	0.434522
5.177737	0.418946
5.181664	0.404488
5.185591	0.391170
5.189518	0.378958
5.193445	0.367775
5.197372	0.357525
5.201299	0.348103
5.205226	0.339416
5.209153	0.331388
5.213080	0.323974
5.217007	0.317158
5.220934	0.310957
5.224861	0.305406
5.228788	0.300552
5.232715	0.296433
5.236642	0.293079
5.240569	0.290493
5.244496	0.288664
5.248423	0.287564
5.252350	0.287160
5.256277	0.287425
5.260204	0.288349
5.264131	0.289943
5.268058	0.292243
5.271985	0.295310
5.275912	0.299221
5.279839	0.304066
5.283766	0.309942
5.287693	0.316945
5.291620	0.325166
5.295547	0.334688
5.299474	0.345581
5.303401	0.357895
5.307328	0.371654
5.311255	0.386846
5.315182	0.403413
5.319109	0.421236
5.323036	0.440124
5.326963	0.459811
5.330890	0.479953
5.334817	0.500143
5.338744	0.519935
5.342671	0.538882
5.346598	0.556577
5.350525	0.572692
5.354452	0.587003
5.358379	0.599406
5.362306	0.609907
5.366233	0.618603
5.370160	0.625656
5.374087	0.631267
5.378014	0.635648
5.381941	0.639007
5.385868	0.641538
5.389795	0.643408
5.393722	0.644758
5.397649	0.645706
5.401576	0.646347
5.405503	0.646761
5.409430	0.647018
5.413357	0.647188
5.417284	0.647343
5.421211	0.647556
5.425138	0.647901
5.429065	0.648442
5.432992	0.649226
5.436919	0.650280
5.440846	0.651606
5.444773	0.653188
5.448700	0.655010
5.452627	0.657065
5.456554	0.659375
5.460481	0.661985
5.464408	0.664952
5.468335	0.668323
5.472262	0.672119
5.476189	0.676320
5.480116	0.680873
5.484043	0.685695
5.487970	0.690684
5.491897	0.695730
5.495824	0.700715
5.499751	0.705517
5.503678	0.710007
5.507605	0.714040
5.511532	0.717450
5.515459	0.720044
5.519386	0.721594
5.523313	0.721839
5.527240	0.720489
5.531167	0.717241
5.535094	0.711801
5.539021	0.703921
5.542948	0.693442
5.546875	0.680341
5.550802	0.664763
5.554729	0.647034
5.558656	0.627650
5.562582	0.607223
5.566509	0.586423
5.570436	0.565908
5.574363	0.546267
5.578290	0.527992
5.582217	0.511459
5.586144	0.496938
5.590071	0.484602
5.593998	0.474555
5.597925	0.466841
5.601852	0.461467
5.605779	0.458408
5.609706	0.457612
5.613633	0.458997
5.617560	0.462440
5.621487	0.467771
5.625414	0.474751
5.629341	0.483068
5.633268	0.492320
5.637195	0.502017
5.641122	0.511590
5.645049	0.520412
5.648976	0.527832
5.652903	0.533222
5.656830	0.536034
5.660757	0.535848
5.664684	0.532424
5.668611	0.525720
5.672538	0.515903
5.676465	0.503327
5.680392	0.488495
5.684319	0.472005
5.688246	0.454491
5.692173	0.436563
5.696100	0.418769
5.700027	0.401561
5.703954	0.385291
5.707881	0.370213
5.711808	0.356495
5.715735	0.344234
5.719662	0.333472
5.723589	0.324213
5.727516	0.316432
5.731443	0.310086
5.735370	0.305120
5.739297	0.301472
5.743224	0.299075
5.747151	0.297869
5.751078	0.297793
5.755005	0.298801
5.758932	0.300856
5.762859	0.303935
5.766786	0.308025
5.770713	0.313112
5.774640	0.319171
5.778567	0.326152
5.782494	0.333962
5.786421	0.342449
5.790348	0.351396
5.794275	0.360513
5.798202	0.369440
5.802129	0.377762
5.806056	0.385031
5.809983	0.390799
5.813910	0.394655
5.817837	0.396266
5.821764	0.395416
5.825691	0.392034
5.829618	0.386214
5.833545	0.378215
5.837472	0.368432
5.841399	0.357352
5.845326	0.345493
5.849253	0.333350
5.853180	0.321351
5.857107	0.309833
5.861034	0.299036
5.864961	0.289107
5.868888	0.280120
5.872815	0.272094
5.876742	0.265010
5.880669	0.258834
5.884596	0.253523
5.888523	0.249037
5.892450	0.245346
5.896377	0.242430
5.900304	0.240278
5.904231	0.238888
5.908158	0.238261
5.912085	0.238403
5.916012	0.239319
5.919939	0.241013
5.923866	0.243488
5.927793	0.246745
5.931720	0.250784
5.935647	0.255608
5.939574	0.261224
5.943501	0.267641
5.947428	0.274875
5.951355	0.282944
5.955282	0.291862
5.959209	0.301633
5.963136	0.312246
5.967063	0.323666
5.970990	0.335836
5.974917	0.348676
5.978844	0.362101
5.982771	0.376029
5.986698	0.390409
5.990624	0.405233
5.994551	0.420553
5.998478	0.436487
6.002405	0.453213
6.006332	0.470949
6.010259	0.489908
6.014186	0.510233
6.018113	0.531923
6.022040	0.554745
6.025967	0.578197
6.029894	0.601532
6.033821	0.623904
6.037748	0.644599
6.041675	0.663269
6.045602	0.679988
6.049529	0.694963
6.053456	0.708000
6.057383	0.718100
6.061310	0.723652
6.065237	0.723345
6.069164	0.717292
6.073091	0.707500
6.077018	0.697151
6.080945	0.689059
6.084872	0.684360
6.088799	0.682222
6.092726	0.680515
6.096653	0.676840
6.100580	0.669373
6.104507	0.657294
6.108434	0.640791
6.112361	0.620783
6.116288	0.598523
6.120215	0.575233
6.124142	0.551876
6.128069	0.529083
6.131996	0.507203
6.135923	0.486387
6.139850	0.466658
6.143777	0.447955
6.147704	0.430151
6.151631	0.413085
6.155558	0.396602
6.159485	0.380604
6.163412	0.365097
6.167339	0.350207
6.171266	0.336163
6.175193	0.323250
6.179120	0.311746
6.183047	0.301872
6.186974	0.293764
6.190901	0.287468
6.194828	0.282962
6.198755	0.280178
6.202682	0.279032
6.206609	0.279441
6.210536	0.281338
6.214463	0.284675
6.218390	0.289423
6.222317	0.295570
6.226244	0.303112
6.230171	0.312047
6.234098	0.322357
6.238025	0.334000
6.241952	0.346895
6.245879	0.360903
6.249806	0.375819
6.253733	0.391363
6.257660	0.407179
6.261587	0.422840
6.265514	0.437871
6.269441	0.451767
6.273368	0.464014
6.277295	0.474111
6.281222	0.481575
6.285149	0.485960
6.289076	0.486899
6.293003	0.484155
6.296930	0.477695
6.300857	0.467741
6.304784	0.454789
6.308711	0.439567
6.312638	0.422956
6.316565	0.405877
6.320492	0.389178
6.324419	0.373550
6.328346	0.359479
6.332273	0.347241
6.336200	0.336935
6.340127	0.328531
6.344054	0.321913
6.347981	0.316930
6.351908	0.313427
6.355835	0.311269
6.359762	0.310358
6.363689	0.310636
6.367616	0.312084
6.371543	0.314710
6.375470	0.318541
6.379397	0.323602
6.383324	0.329911
6.387251	0.337462
6.391178	0.346224
6.395105	0.356135
6.399032	0.367100
6.402959	0.378992
6.406886	0.391663
6.410813	0.404946
6.414739	0.418662
6.418666	0.432621
6.422593	0.446621
6.426520	0.460445
6.430447	0.473863
6.434374	0.486641
6.438301	0.498565
6.442228	0.509466
6.446155	0.519244
6.450082	0.527888
6.454009	0.535461
6.457936	0.542060
6.461863	0.547735
6.465790	0.552400
6.469717	0.555764
6.473644	0.557363
6.477571	0.556689
6.481498	0.553393
6.485425	0.547451
6.489352	0.539200
6.493279	0.529269
6.497206	0.518426
6.501133	0.507422
6.505060	0.496889
6.508987	0.487282
6.512914	0.478882
6.516841	0.471840
6.520768	0.466237
6.524695	0.462146
6.528622	0.459672
6.532549	0.458968
6.536476	0.460201
6.540403	0.463497
6.544330	0.468871
6.548257	0.476169
6.552184	0.485054
6.556111	0.495030
6.560038	0.505494
6.563965	0.515824
6.567892	0.525445
6.571819	0.533912
6.575746	0.540967
6.579673	0.546606
6.583600	0.551133
6.587527	0.555202
6.591454	0.559773
6.595381	0.565867
6.599308	0.574019
6.603235	0.583624
6.607162	0.592811
6.611089	0.599329
6.615016	0.601732
6.618943	0.599785
6.622870	0.594026
6.626797	0.585172
6.630724	0.573785
6.634651	0.560224
6.638578	0.544743
6.642505	0.527615
6.646432	0.509197
6.650359	0.489940
6.654286	0.470347
6.658213	0.450916
6.662140	0.432094
6.666067	0.414243
6.669994	0.397628
6.673921	0.382417
6.677848	0.368696
6.681775	0.356474
6.685702	0.345708
6.689629	0.336312
6.693556	0.328172
6.697483	0.321160
6.701410	0.315146
6.705337	0.309999
6.709264	0.305600
6.713191	0.301834
6.717118	0.298594
6.721045	0.295780
6.724972	0.293301
6.728899	0.291085
6.732826	0.289090
6.736753	0.287314
6.740680	0.285807
6.744607	0.284662
6.748534	0.284011
6.752461	0.284002
6.756388	0.284782
6.760315	0.286479
6.764242	0.289191
6.768169	0.292979
6.772096	0.297868
6.776023	0.303840
6.779950	0.310841
6.783877	0.318779
6.787804	0.327523
6.791731	0.336912
6.795658	0.346759
6.799585	0.356865
6.803512	0.367033
6.807439	0.377078
6.811366	0.386838
6.815293	0.396184
6.819220	0.405026
6.823147	0.413312
6.827074	0.421031
6.831001	0.428211
6.834928	0.434899
6.838855	0.441153
6.842781	0.447021
6.846708	0.452524
6.850635	0.457659
6.854562	0.462402
6.858489	0.466723
6.862416	0.470608
6.866343	0.474083
6.870270	0.477223
6.874197	0.480159
6.878124	0.483067
6.882051	0.486142
6.885978	0.489574
6.889905	0.493524
6.893832	0.498101
6.897759	0.503353
6.901686	0.509258
6.905613	0.515739
6.909540	0.522677
6.913467	0.529933
6.917394	0.537371
6.921321	0.544879
6.925248	0.552378
6.929175	0.559825
6.933102	0.567213
6.937029	0.574563
6.940956	0.581920
6.944883	0.589346
6.948810	0.596914
6.952737	0.604708
6.956664	0.612817
6.960591	0.621339
6.964518	0.630367
6.968445	0.639984
6.972372	0.650235
6.976299	0.661112
6.980226	0.672527
6.984153	0.684327
6.988080	0.696317
6.992007	0.708315
6.995934	0.720188
6.999861	0.731840
7.003788	0.743155
7.007715	0.753926
7.011642	0.763813
7.015569	0.772356
7.019496	0.779042
7.023423	0.783385
7.027350	0.784988
7.031277	0.783575
7.035204	0.778989
7.039131	0.771180
7.043058	0.760188
7.046985	0.746137
7.050912	0.729245
7.054839	0.709825
7.058766	0.688298
7.062693	0.665176
7.066620	0.641043
7.070547	0.616511
7.074474	0.592179
7.078401	0.568593
7.082328	0.546214
7.086255	0.525408
7.090182	0.506444
7.094109	0.489500
7.098036	0.474685
7.101963	0.462052
7.105890	0.451616
7.109817	0.443369
7.113744	0.437290
7.117671	0.433358
7.121598	0.431557
7.125525	0.431881
7.129452	0.434334
7.133379	0.438939
7.137306	0.445731
7.141233	0.454761
7.145160	0.466091
7.149087	0.479792
7.153014	0.495936
7.156941	0.514592
7.160868	0.535810
7.164795	0.559611
7.168722	0.585969
7.172649	0.614798
7.176576	0.645928
7.180503	0.679104
7.184430	0.713973
7.188357	0.750098
7.192284	0.786978
7.196211	0.824076
7.200138	0.860854
7.204065	0.896799
7.207992	0.931434
7.211919	0.964313
7.215846	0.995000
7.219773	1.023043
7.223700	1.047952
7.227627	1.069199
7.231554	1.086245
7.235481	1.098580
7.239408	1.105774
7.243335	1.107514
7.247262	1.103629
7.251189	1.094076
7.255116	1.078926
7.259043	1.058352
7.262970	1.032620
7.266897	1.002113
7.270823	0.967345
7.274750	0.928978
7.278677	0.887814
7.282604	0.844751
7.286531	0.800732
7.290458	0.756668
7.294385	0.713379
7.298312	0.671548
7.302239	0.631699
7.306166	0.594196
7.310093	0.559262
7.314020	0.526998
7.317947	0.497415
7.321874	0.470456
7.325801	0.446019
7.329728	0.423977
7.333655	0.404188
7.337582	0.386504
7.341509	0.370783
7.345436	0.356888
7.349363	0.344692
7.353290	0.334082
7.357217	0.324958
7.361144	0.317238
7.365071	0.310853
7.368998	0.305752
7.372925	0.301895
7.376852	0.299254
7.380779	0.297805
7.384706	0.297524
7.388633	0.298380
7.392560	0.300329
7.396487	0.303303
7.400414	0.307208
7.404341	0.311913
7.408268	0.317248
7.412195	0.323010
7.416122	0.328969
7.420049	0.334892
7.423976	0.340568
7.427903	0.345841
7.431830	0.350639
7.435757	0.354989
7.439684	0.359022
7.443611	0.362952
7.447538	0.367044
7.451465	0.371574
7.455392	0.376789
7.459319	0.382869
7.463246	0.389897
7.467173	0.397831
7.471100	0.406493
7.475027	0.415552
7.478954	0.424531
7.482881	0.432828
7.486808	0.439754
7.490735	0.444598
7.494662	0.446713
7.498589	0.445603
7.502516	0.440997
7.506443	0.432896
7.510370	0.421563
7.514297	0.407485
7.518224	0.391285
7.522151	0.373647
7.526078	0.355230
7.530005	0.336618
7.533932	0.318289
7.537859	0.300602
7.541786	0.283810
7.545713	0.268070
7.549640	0.253467
7.553567	0.240030
7.557494	0.227746
7.561421	0.216580
7.565348	0.206479
7.569275	0.197383
7.573202	0.189229
7.577129	0.181954
7.581056	0.175501
7.584983	0.169814
7.588910	0.164847
7.592837	0.160556
7.596764	0.156906
7.600691	0.153866
7.604618	0.151414
7.608545	0.149531
7.612472	0.148208
7.616399	0.147440
7.620326	0.147229
7.624253	0.147584
7.628180	0.148519
7.632107	0.150055
7.636034	0.152217
7.639961	0.155034
7.643888	0.158536
7.647815	0.162756
7.651742	0.167721
7.655669	0.173452
7.659596	0.179957
7.663523	0.187223
7.667450	0.195206
7.671377	0.203819
7.675304	0.212920
7.679231	0.222296
7.683158	0.231657
7.687085	0.240633
7.691012	0.248787
7.694939	0.255640
7.698865	0.260718
7.702792	0.263612
7.706719	0.264037
7.710646	0.261878
7.714573	0.257210
7.718500	0.250287
7.722427	0.241492
7.726354	0.231287
7.730281	0.220146
7.734208	0.208512
7.738135	0.196760
7.742062	0.185189
7.745989	0.174015
7.749916	0.163385
7.753843	0.153388
7.757770	0.144064
7.761697	0.135423
7.765624	0.127450
7.769551	0.120116
7.773478	0.113381
7.777405	0.107203
7.781332	0.101538
7.785259	0.096342
7.789186	0.091572
7.793113	0.087190
7.797040	0.083160
7.800967	0.079447
7.804894	0.076022
7.808821	0.072857
7.812748	0.069928
7.816675	0.067213
7.820602	0.064691
7.824529	0.062345
7.828456	0.060159
7.832383	0.058118
7.836310	0.056211
7.840237	0.054424
7.844164	0.052749
7.848091	0.051175
7.852018	0.049694
7.855945	0.048298
7.859872	0.046981
7.863799	0.045736
7.867726	0.044558
7.871653	0.043440
7.875580	0.042380
7.879507	0.041372
7.883434	0.040412
7.887361	0.039498
7.891288	0.038627
7.895215	0.037796
7.899142	0.037002
7.903069	0.036244
7.906996	0.035519
7.910923	0.034825
7.914850	0.034161
7.918777	0.033525
7.922704	0.032916
7.926631	0.032332
7.930558	0.031772
7.934485	0.031236
7.938412	0.030721
7.942339	0.030227
7.946266	0.029753
7.950193	0.029299
7.954120	0.028864
7.958047	0.028446
7.961974	0.028047
7.965901	0.027664
7.969828	0.027299
7.973755	0.026949
7.977682	0.026616
7.981609	0.026298
7.985536	0.025995
7.989463	0.025706
7.993390	0.025429
7.997317	0.025164
8.001244	0.024909
8.005171	0.024661
8.009098	0.024417
8.013025	0.024175
8.016952	0.023932
8.020879	0.023684
8.024806	0.023428
8.028733	0.023165
8.032660	0.022892
8.036587	0.022611
8.040514	0.022323
8.044441	0.022031
8.048368	0.021737
8.052295	0.021444
8.056222	0.021154
8.060149	0.020870
8.064076	0.020592
8.068003	0.020321
8.071930	0.020058
8.075857	0.019803
8.079784	0.019557
8.083711	0.019319
8.087638	0.019089
8.091565	0.018866
8.095492	0.018650
8.099419	0.018442
8.103346	0.018239
8.107273	0.018043
8.111200	0.017853
8.115127	0.017669
8.119054	0.017489
8.122981	0.017315
8.126907	0.017145
8.130834	0.016980
8.134761	0.016819
8.138688	0.016662
8.142615	0.016509
8.146542	0.016359
8.150469	0.016213
8.154396	0.016070
8.158323	0.015929
8.162250	0.015791
8.166177	0.015655
8.170104	0.015520
8.174031	0.015387
8.177958	0.015256
8.181885	0.015127
8.185812	0.014998
8.189739	0.014872
8.193666	0.014746
8.197593	0.014623
8.201520	0.014502
8.205447	0.014382
8.209374	0.014265
8.213301	0.014149
8.217228	0.014036
8.221155	0.013924
8.225082	0.013814
8.229009	0.013707
8.232936	0.013601
8.236863	0.013497
8.240790	0.013395
8.244717	0.013294
8.248644	0.013195
8.252571	0.013098
8.256498	0.013002
8.260425	0.012908
8.264352	0.012815
8.268279	0.012723
8.272206	0.012633
8.276133	0.012544
8.280060	0.012457
8.283987	0.012371
8.287914	0.012286
8.291841	0.012202
8.295768	0.012119
8.299695	0.012038
8.303622	0.011957
8.307549	0.011878
8.311476	0.011800
8.315403	0.011722
8.319330	0.011646
8.323257	0.011571
8.327184	0.011496
8.331111	0.011423
8.335038	0.011350
8.338965	0.011279
8.342892	0.011208
8.346819	0.011138
8.350746	0.011069
8.354673	0.011001
8.358600	0.010934
8.362527	0.010867
8.366454	0.010802
8.370381	0.010737
8.374308	0.010672
8.378235	0.010609
8.382162	0.010546
8.386089	0.010484
8.390016	0.010423
8.393943	0.010362
8.397870	0.010302
8.401797	0.010243
8.405724	0.010184
8.409651	0.010126
8.413578	0.010069
8.417505	0.010012
8.421432	0.009956
8.425359	0.009900
8.429286	0.009845
8.433213	0.009791
8.437140	0.009737
8.441067	0.009684
8.444994	0.009631
8.448921	0.009579
8.452848	0.009527
8.456775	0.009476
8.460702	0.009425
8.464629	0.009375
8.468556	0.009326
8.472483	0.009276
8.476410	0.009228
8.480337	0.009180
8.484264	0.009132
8.488191	0.009085
8.492118	0.009038
8.496045	0.008992
8.499972	0.008946
8.503899	0.008901
8.507826	0.008856
8.511753	0.008811
8.515680	0.008767
8.519607	0.008723
8.523534	0.008680
8.527461	0.008637
8.531388	0.008594
8.535315	0.008552
8.539242	0.008511
8.543169	0.008469
8.547096	0.008428
8.551023	0.008388
8.554949	0.008347
8.558876	0.008308
8.562803	0.008268
8.566730	0.008229
8.570657	0.008190
8.574584	0.008151
8.578511	0.008113
8.582438	0.008075
8.586365	0.008038
8.590292	0.008001
8.594219	0.007964
8.598146	0.007927
8.602073	0.007891
8.606000	0.007855
8.609927	0.007820
8.613854	0.007784
8.617781	0.007749
8.621708	0.007714
8.625635	0.007680
8.629562	0.007646
8.633489	0.007612
8.637416	0.007578
8.641343	0.007545
8.645270	0.007512
8.649197	0.007479
8.653124	0.007446
8.657051	0.007414
8.660978	0.007382
8.664905	0.007350
8.668832	0.007319
8.672759	0.007288
8.676686	0.007257
8.680613	0.007226
8.684540	0.007195
8.688467	0.007165
8.692394	0.007135
8.696321	0.007105
8.700248	0.007075
8.704175	0.007046
8.708102	0.007017
8.712029	0.006988
8.715956	0.006959
8.719883	0.006931
8.723810	0.006902
8.727737	0.006874
8.731664	0.006846
8.735591	0.006819
8.739518	0.006791
8.743445	0.006764
8.747372	0.006737
8.751299	0.006710
8.755226	0.006683
8.759153	0.006657
8.763080	0.006631
8.767007	0.006605
8.770934	0.006579
8.774861	0.006553
8.778788	0.006527
8.782715	0.006502
8.786642	0.006477
8.790569	0.006452
8.794496	0.006427
8.798423	0.006402
8.802350	0.006378
8.806277	0.006354
8.810204	0.006330
8.814131	0.006306
8.818058	0.006282
8.821985	0.006258
8.825912	0.006235
8.829839	0.006211
8.833766	0.006188
8.837693	0.006165
8.841620	0.006142
8.845547	0.006120
8.849474	0.006097
8.853401	0.006075
8.857328	0.006052
8.861255	0.006030
8.865182	0.006008
8.869109	0.005986
8.873036	0.005965
8.876963	0.005943
8.880890	0.005922
8.884817	0.005901
8.888744	0.005880
8.892671	0.005859
8.896598	0.005838
8.900525	0.005817
8.904452	0.005796
8.908379	0.005776
8.912306	0.005756
8.916233	0.005736
8.920160	0.005715
8.924087	0.005696
8.928014	0.005676
8.931941	0.005656
8.935868	0.005637
8.939795	0.005617
8.943722	0.005598
8.947649	0.005579
8.951576	0.005560
8.955503	0.005541
8.959430	0.005522
8.963357	0.005503
8.967284	0.005484
8.971211	0.005466
8.975138	0.005448
8.979065	0.005429
8.982991	0.005411
8.986918	0.005393
8.990845	0.005375
8.994772	0.005357
8.998699	0.005340
9.002626	0.005322
9.006553	0.005304
9.010480	0.005287
9.014407	0.005270
9.018334	0.005252
9.022261	0.005235
9.026188	0.005218
9.030115	0.005201
9.034042	0.005185
9.037969	0.005168
9.041896	0.005151
9.045823	0.005135
9.049750	0.005118
9.053677	0.005102
9.057604	0.005086
9.061531	0.005070
9.065458	0.005053
9.069385	0.005037
9.073312	0.005022
9.077239	0.005006
9.081166	0.004990
9.085093	0.004975
9.089020	0.004959
9.092947	0.004944
9.096874	0.004928
9.100801	0.004913
9.104728	0.004898
9.108655	0.004883
9.112582	0.004868
9.116509	0.004853
9.120436	0.004838
9.124363	0.004823
9.128290	0.004808
9.132217	0.004794
9.136144	0.004779
9.140071	0.004765
9.143998	0.004750
9.147925	0.004736
9.151852	0.004722
9.155779	0.004708
9.159706	0.004694
9.163633	0.004680
9.167560	0.004666
9.171487	0.004652
9.175414	0.004638
9.179341	0.004624
9.183268	0.004611
9.187195	0.004597
9.191122	0.004584
9.195049	0.004570
9.198976	0.004557
9.202903	0.004544
9.206830	0.004530
9.210757	0.004517
9.214684	0.004504
9.218611	0.004491
9.222538	0.004478
9.226465	0.004465
9.230392	0.004453
9.234319	0.004440
9.238246	0.004427
9.242173	0.004415
9.246100	0.004402
9.250027	0.004390
9.253954	0.004377
9.257881	0.004365
9.261808	0.004352
9.265735	0.004340
9.269662	0.004328
9.273589	0.004316
9.277516	0.004304
9.281443	0.004292
9.285370	0.004280
9.289297	0.004268
9.293224	0.004256
9.297151	0.004245
9.301078	0.004233
9.305005	0.004221
9.308932	0.004210
9.312859	0.004198
9.316786	0.004187
9.320713	0.004175
9.324640	0.004164
9.328567	0.004152
9.332494	0.004141
9.336421	0.004130
9.340348	0.004119
9.344275	0.004108
9.348202	0.004097
9.352129	0.004086
9.356056	0.004075
9.359983	0.004064
9.363910	0.004053
9.367837	0.004042
9.371764	0.004031
9.375691	0.004021
9.379618	0.004010
9.383545	0.004000
9.387472	0.003989
9.391399	0.003979
9.395326	0.003968
9.399253	0.003958
9.403180	0.003947
9.407107	0.003937
9.411033	0.003927
9.414960	0.003917
9.418887	0.003906
9.422814	0.003896
9.426741	0.003886
9.430668	0.003876
9.434595	0.003866
9.438522	0.003856
9.442449	0.003846
9.446376	0.003837
9.450303	0.003827
9.454230	0.003817
9.458157	0.003807
9.462084	0.003798
9.466011	0.003788
9.469938	0.003779
9.473865	0.003769
9.477792	0.003760
9.481719	0.003750
9.485646	0.003741
9.489573	0.003731
9.493500	0.003722
9.497427	0.003713
9.501354	0.003703
9.505281	0.003694
9.509208	0.003685
9.513135	0.003676
9.517062	0.003667
9.520989	0.003658
9.524916	0.003649
9.528843	0.003640
9.532770	0.003631
9.536697	0.003622
9.540624	0.003613
9.544551	0.003604
9.548478	0.003596
9.552405	0.003587
9.556332	0.003578
9.560259	0.003569
9.564186	0.003561
9.568113	0.003552
9.572040	0.003544
9.575967	0.003535
9.579894	0.003527
9.583821	0.003518
9.587748	0.003510
9.591675	0.003501
9.595602	0.003493
9.599529	0.003485
9.603456	0.003477
9.607383	0.003468
9.611310	0.003460
9.615237	0.003452
9.619164	0.003444
9.623091	0.003436
9.627018	0.003428
9.630945	0.003420
9.634872	0.003412
9.638799	0.003404
9.642726	0.003396
9.646653	0.003388
9.650580	0.003380
9.654507	0.003372
9.658434	0.003364
9.662361	0.003356
9.666288	0.003349
9.670215	0.003341
9.674142	0.003333
9.678069	0.003326
9.681996	0.003318
9.685923	0.003310
9.689850	0.003303
9.693777	0.003295
9.697704	0.003288
9.701631	0.003280
9.705558	0.003273
9.709485	0.003266
9.713412	0.003258
9.717339	0.003251
9.721266	0.003243
9.725193	0.003236
9.729120	0.003229
9.733047	0.003222
9.736974	0.003214
9.740901	0.003207
9.744828	0.003200
9.748755	0.003193
9.752682	0.003186
9.756609	0.003179
9.760536	0.003172
9.764463	0.003165
9.768390	0.003158
9.772317	0.003151
9.776244	0.003144
9.780171	0.003137
9.784098	0.003130
9.788025	0.003123
9.791952	0.003116
9.795879	0.003110
9.799806	0.003103
9.803733	0.003096
9.807660	0.003089
9.811587	0.003083
9.815514	0.003076
9.819441	0.003069
