-9.819441	0.002739
-9.815514	0.002769
-9.811587	0.002798
-9.807660	0.002825
-9.803733	0.002850
-9.799806	0.002871
-9.795879	0.002888
-9.791952	0.002899
-9.788025	0.002904
-9.784098	0.002903
-9.780171	0.002895
-9.776244	0.002881
-9.772317	0.002862
-9.768390	0.002837
-9.764463	0.002810
-9.760536	0.002779
-9.756609	0.002746
-9.752682	0.002712
-9.748755	0.002677
-9.744828	0.002642
-9.740901	0.002607
-9.736974	0.002572
-9.733047	0.002539
-9.729120	0.002507
-9.725193	0.002477
-9.721266	0.002450
-9.717339	0.002424
-9.713412	0.002400
-9.709485	0.002379
-9.705558	0.002360
-9.701631	0.002343
-9.697704	0.002329
-9.693777	0.002316
-9.689850	0.002305
-9.685923	0.002296
-9.681996	0.002288
-9.678069	0.002282
-9.674142	0.002278
-9.670215	0.002275
-9.666288	0.002273
-9.662361	0.002273
-9.658434	0.002274
-9.654507	0.002276
-9.650580	0.002280
-9.646653	0.002285
-9.642726	0.002291
-9.638799	0.002298
-9.634872	0.002307
-9.630945	0.002317
-9.627018	0.002328
-9.623091	0.002341
-9.619164	0.002354
-9.615237	0.002369
-9.611310	0.002385
-9.607383	0.002401
-9.603456	0.002418
-9.599529	0.002436
-9.595602	0.002454
-9.591675	0.002472
-9.587748	0.002491
-9.583821	0.002510
-9.579894	0.002529
-9.575967	0.002549
-9.572040	0.002569
-9.568113	0.002590
-9.564186	0.002612
-9.560259	0.002634
-9.556332	0.002656
-9.552405	0.002679
-9.548478	0.002701
-9.544551	0.002722
-9.540624	0.002742
-9.536697	0.002760
-9.532770	0.002776
-9.528843	0.002789
-9.524916	0.002799
-9.520989	0.002806
-9.517062	0.002811
-9.513135	0.002814
-9.509208	0.002815
-9.505281	0.002815
-9.501354	0.002815
-9.497427	0.002814
-9.493500	0.002813
-9.489573	0.002811
-9.485646	0.002808
-9.481719	0.002804
-9.477792	0.002799
-9.473865	0.002790
-9.469938	0.002779
-9.466011	0.002765
-9.462084	0.002748
-9.458157	0.002729
-9.454230	0.002707
-9.450303	0.002684
-9.446376	0.002660
-9.442449	0.002636
-9.438522	0.002613
-9.434595	0.002591
-9.430668	0.002569
-9.426741	0.002550
-9.422814	0.002532
-9.418887	0.002516
-9.414960	0.002501
-9.411033	0.002488
-9.407107	0.002477
-9.403180	0.002467
-9.399253	0.002459
-9.395326	0.002452
-9.391399	0.002446
-9.387472	0.002441
-9.383545	0.002437
-9.379618	0.002434
-9.375691	0.002433
-9.371764	0.002431
-9.367837	0.002431
-9.363910	0.002432
-9.359983	0.002433
-9.356056	0.002435
-9.352129	0.002438
-9.348202	0.002441
-9.344275	0.002445
-9.340348	0.002450
-9.336421	0.002456
-9.332494	0.002462
-9.328567	0.002469
-9.324640	0.002477
-9.320713	0.002485
-9.316786	0.002494
-9.312859	0.002505
-9.308932	0.002516
-9.305005	0.002528
-9.301078	0.002542
-9.297151	0.002556
-9.293224	0.002572
-9.289297	0.002589
-9.285370	0.002608
-9.281443	0.002628
-9.277516	0.002649
-9.273589	0.002673
-9.269662	0.002698
-9.265735	0.002725
-9.261808	0.002753
-9.257881	0.002783
-9.253954	0.002815
-9.250027	0.002848
-9.246100	0.002882
-9.242173	0.002917
-9.238246	0.002953
-9.234319	0.002990
-9.230392	0.003027
-9.226465	0.003064
-9.222538	0.003100
-9.218611	0.003136
-9.214684	0.003170
-9.210757	0.003202
-9.206830	0.003231
-9.202903	0.003257
-9.198976	0.003278
-9.195049	0.003294
-9.191122	0.003306
-9.187195	0.003312
-9.183268	0.003312
-9.179341	0.003307
-9.175414	0.003296
-9.171487	0.003279
-9.167560	0.003257
-9.163633	0.003231
-9.159706	0.003202
-9.155779	0.003170
-9.151852	0.003137
-9.147925	0.003103
-9.143998	0.003070
-9.140071	0.003039
-9.136144	0.003009
-9.132217	0.002982
-9.128290	0.002957
-9.124363	0.002935
-9.120436	0.002916
-9.116509	0.002899
-9.112582	0.002884
-9.108655	0.002872
-9.104728	0.002862
-9.100801	0.002854
-9.096874	0.002848
-9.092947	0.002844
-9.089020	0.002842
-9.085093	0.002842
-9.081166	0.002843
-9.077239	0.002847
-9.073312	0.002852
-9.069385	0.002858
-9.065458	0.002867
-9.061531	0.002877
-9.057604	0.002889
-9.053677	0.002902
-9.049750	0.002918
-9.045823	0.002936
-9.041896	0.002956
-9.037969	0.002978
-9.034042	0.003002
-9.030115	0.003028
-9.026188	0.003056
-9.022261	0.003085
-9.018334	0.003117
-9.014407	0.003149
-9.010480	0.003182
-9.006553	0.003215
-9.002626	0.003248
-8.998699	0.003279
-8.994772	0.003310
-8.990845	0.003338
-8.986918	0.003365
-8.982991	0.003390
-8.979065	0.003413
-8.975138	0.003434
-8.971211	0.003453
-8.967284	0.003469
-8.963357	0.003483
-8.959430	0.003493
-8.955503	0.003499
-8.951576	0.003500
-8.947649	0.003497
-8.943722	0.003487
-8.939795	0.003472
-8.935868	0.003452
-8.931941	0.003428
-8.928014	0.003400
-8.924087	0.003370
-8.920160	0.003339
-8.916233	0.003307
-8.912306	0.003275
-8.908379	0.003245
-8.904452	0.003216
-8.900525	0.003189
-8.896598	0.003164
-8.892671	0.003142
-8.888744	0.003121
-8.884817	0.003103
-8.880890	0.003087
-8.876963	0.003072
-8.873036	0.003060
-8.869109	0.003049
-8.865182	0.003040
-8.861255	0.003032
-8.857328	0.003025
-8.853401	0.003020
-8.849474	0.003016
-8.845547	0.003013
-8.841620	0.003011
-8.837693	0.003009
-8.833766	0.003009
-8.829839	0.003009
-8.825912	0.003011
-8.821985	0.003012
-8.818058	0.003015
-8.814131	0.003018
-8.810204	0.003022
-8.806277	0.003026
-8.802350	0.003032
-8.798423	0.003037
-8.794496	0.003044
-8.790569	0.003051
-8.786642	0.003059
-8.782715	0.003067
-8.778788	0.003077
-8.774861	0.003087
-8.770934	0.003098
-8.767007	0.003109
-8.763080	0.003122
-8.759153	0.003136
-8.755226	0.003151
-8.751299	0.003167
-8.747372	0.003185
-8.743445	0.003204
-8.739518	0.003224
-8.735591	0.003246
-8.731664	0.003269
-8.727737	0.003294
-8.723810	0.003320
-8.719883	0.003347
-8.715956	0.003375
-8.712029	0.003404
-8.708102	0.003432
-8.704175	0.003461
-8.700248	0.003488
-8.696321	0.003513
-8.692394	0.003536
-8.688467	0.003556
-8.684540	0.003573
-8.680613	0.003588
-8.676686	0.003599
-8.672759	0.003606
-8.668832	0.003611
-8.664905	0.003613
-8.660978	0.003612
-8.657051	0.003609
-8.653124	0.003603
-8.649197	0.003594
-8.645270	0.003584
-8.641343	0.003573
-8.637416	0.003560
-8.633489	0.003547
-8.629562	0.003534
-8.625635	0.003521
-8.621708	0.003509
-8.617781	0.003497
-8.613854	0.003486
-8.609927	0.003475
-8.606000	0.003465
-8.602073	0.003456
-8.598146	0.003447
-8.594219	0.003439
-8.590292	0.003432
-8.586365	0.003426
-8.582438	0.003420
-8.578511	0.003416
-8.574584	0.003412
-8.570657	0.003410
-8.566730	0.003408
-8.562803	0.003407
-8.558876	0.003407
-8.554949	0.003408
-8.551023	0.003409
-8.547096	0.003412
-8.543169	0.003415
-8.539242	0.003418
-8.535315	0.003422
-8.531388	0.003427
-8.527461	0.003433
-8.523534	0.003438
-8.519607	0.003445
-8.515680	0.003452
-8.511753	0.003460
-8.507826	0.003468
-8.503899	0.003477
-8.499972	0.003486
-8.496045	0.003496
-8.492118	0.003507
-8.488191	0.003518
-8.484264	0.003530
-8.480337	0.003543
-8.476410	0.003556
-8.472483	0.003570
-8.468556	0.003586
-8.464629	0.003601
-8.460702	0.003618
-8.456775	0.003636
-8.452848	0.003654
-8.448921	0.003673
-8.444994	0.003693
-8.441067	0.003714
-8.437140	0.003735
-8.433213	0.003756
-8.429286	0.003778
-8.425359	0.003799
-8.421432	0.003821
-8.417505	0.003842
-8.413578	0.003862
-8.409651	0.003881
-8.405724	0.003899
-8.401797	0.003914
-8.397870	0.003928
-8.393943	0.003939
-8.390016	0.003947
-8.386089	0.003953
-8.382162	0.003957
-8.378235	0.003958
-8.374308	0.003959
-8.370381	0.003957
-8.366454	0.003955
-8.362527	0.003952
-8.358600	0.003949
-8.354673	0.003945
-8.350746	0.003941
-8.346819	0.003936
-8.342892	0.003932
-8.338965	0.003929
-8.335038	0.003926
-8.331111	0.003923
-8.327184	0.003922
-8.323257	0.003921
-8.319330	0.003920
-8.315403	0.003921
-8.311476	0.003922
-8.307549	0.003924
-8.303622	0.003927
-8.299695	0.003931
-8.295768	0.003936
-8.291841	0.003941
-8.287914	0.003947
-8.283987	0.003954
-8.280060	0.003962
-8.276133	0.003970
-8.272206	0.003980
-8.268279	0.003990
-8.264352	0.004001
-8.260425	0.004013
-8.256498	0.004026
-8.252571	0.004039
-8.248644	0.004054
-8.244717	0.004069
-8.240790	0.004085
-8.236863	0.004101
-8.232936	0.004118
-8.229009	0.004135
-8.225082	0.004152
-8.221155	0.004168
-8.217228	0.004184
-8.213301	0.004199
-8.209374	0.004213
-8.205447	0.004225
-8.201520	0.004236
-8.197593	0.004244
-8.193666	0.004252
-8.189739	0.004259
-8.185812	0.004264
-8.181885	0.004270
-8.177958	0.004275
-8.174031	0.004281
-8.170104	0.004287
-8.166177	0.004294
-8.162250	0.004302
-8.158323	0.004310
-8.154396	0.004319
-8.150469	0.004329
-8.146542	0.004339
-8.142615	0.004351
-8.138688	0.004362
-8.134761	0.004374
-8.130834	0.004387
-8.126907	0.004400
-8.122981	0.004414
-8.119054	0.004427
-8.115127	0.004442
-8.111200	0.004456
-8.107273	0.004471
-8.103346	0.004486
-8.099419	0.004500
-8.095492	0.004515
-8.091565	0.004529
-8.087638	0.004542
-8.083711	0.004555
-8.079784	0.004568
-8.075857	0.004580
-8.071930	0.004592
-8.068003	0.004604
-8.064076	0.004616
-8.060149	0.004628
-8.056222	0.004641
-8.052295	0.004654
-8.048368	0.004667
-8.044441	0.004681
-8.040514	0.004695
-8.036587	0.004709
-8.032660	0.004723
-8.028733	0.004736
-8.024806	0.004749
-8.020879	0.004761
-8.016952	0.004771
-8.013025	0.004781
-8.009098	0.004789
-8.005171	0.004796
-8.001244	0.004803
-7.997317	0.004809
-7.993390	0.004814
-7.989463	0.004820
-7.985536	0.004826
-7.981609	0.004833
-7.977682	0.004840
-7.973755	0.004847
-7.969828	0.004856
-7.965901	0.004864
-7.961974	0.004874
-7.958047	0.004884
-7.954120	0.004895
-7.950193	0.004907
-7.946266	0.004919
-7.942339	0.004932
-7.938412	0.004945
-7.934485	0.004959
-7.930558	0.004974
-7.926631	0.004989
-7.922704	0.005005
-7.918777	0.005021
-7.914850	0.005037
-7.910923	0.005055
-7.906996	0.005072
-7.903069	0.005091
-7.899142	0.005109
-7.895215	0.005128
-7.891288	0.005148
-7.887361	0.005168
-7.883434	0.005188
-7.879507	0.005209
-7.875580	0.005230
-7.871653	0.005251
-7.867726	0.005272
-7.863799	0.005294
-7.859872	0.005316
-7.855945	0.005339
-7.852018	0.005362
-7.848091	0.005387
-7.844164	0.005412
-7.840237	0.005438
-7.836310	0.005466
-7.832383	0.005494
-7.828456	0.005524
-7.824529	0.005556
-7.820602	0.005589
-7.816675	0.005623
-7.812748	0.005660
-7.808821	0.005697
-7.804894	0.005735
-7.800967	0.005775
-7.797040	0.005814
-7.793113	0.005853
-7.789186	0.005891
-7.785259	0.005926
-7.781332	0.005959
-7.777405	0.005988
-7.773478	0.006013
-7.769551	0.006033
-7.765624	0.006048
-7.761697	0.006060
-7.757770	0.006068
-7.753843	0.006073
-7.749916	0.006076
-7.745989	0.006078
-7.742062	0.006080
-7.738135	0.006082
-7.734208	0.006084
-7.730281	0.006086
-7.726354	0.006090
-7.722427	0.006096
-7.718500	0.006102
-7.714573	0.006111
-7.710646	0.006120
-7.706719	0.006132
-7.702792	0.006145
-7.698865	0.006159
-7.694939	0.006175
-7.691012	0.006192
-7.687085	0.006211
-7.683158	0.006231
-7.679231	0.006252
-7.675304	0.006274
-7.671377	0.006297
-7.667450	0.006321
-7.663523	0.006345
-7.659596	0.006371
-7.655669	0.006396
-7.651742	0.006423
-7.647815	0.006449
-7.643888	0.006477
-7.639961	0.006504
-7.636034	0.006533
-7.632107	0.006563
-7.628180	0.006593
-7.624253	0.006625
-7.620326	0.006659
-7.616399	0.006694
-7.612472	0.006730
-7.608545	0.006769
-7.604618	0.006810
-7.600691	0.006853
-7.596764	0.006899
-7.592837	0.006947
-7.588910	0.006997
-7.584983	0.007049
-7.581056	0.007104
-7.577129	0.007160
-7.573202	0.007217
-7.569275	0.007275
-7.565348	0.007332
-7.561421	0.007387
-7.557494	0.007439
-7.553567	0.007487
-7.549640	0.007530
-7.545713	0.007566
-7.541786	0.007594
-7.537859	0.007616
-7.533932	0.007632
-7.530005	0.007642
-7.526078	0.007647
-7.522151	0.007650
-7.518224	0.007651
-7.514297	0.007652
-7.510370	0.007653
-7.506443	0.007656
-7.502516	0.007660
-7.498589	0.007666
-7.494662	0.007675
-7.490735	0.007686
-7.486808	0.007699
-7.482881	0.007715
-7.478954	0.007733
-7.475027	0.007754
-7.471100	0.007776
-7.467173	0.007800
-7.463246	0.007826
-7.459319	0.007854
-7.455392	0.007883
-7.451465	0.007913
-7.447538	0.007945
-7.443611	0.007978
-7.439684	0.008012
-7.435757	0.008047
-7.431830	0.008083
-7.427903	0.008121
-7.423976	0.008159
-7.420049	0.008199
-7.416122	0.008239
-7.412195	0.008281
-7.408268	0.008323
-7.404341	0.008367
-7.400414	0.008412
-7.396487	0.008458
-7.392560	0.008506
-7.388633	0.008555
-7.384706	0.008607
-7.380779	0.008660
-7.376852	0.008715
-7.372925	0.008773
-7.368998	0.008832
-7.365071	0.008894
-7.361144	0.008958
-7.357217	0.009023
-7.353290	0.009089
-7.349363	0.009156
-7.345436	0.009223
-7.341509	0.009289
-7.337582	0.009354
-7.333655	0.009415
-7.329728	0.009472
-7.325801	0.009525
-7.321874	0.009573
-7.317947	0.009617
-7.314020	0.009656
-7.310093	0.009693
-7.306166	0.009727
-7.302239	0.009759
-7.298312	0.009791
-7.294385	0.009824
-7.290458	0.009858
-7.286531	0.009894
-7.282604	0.009931
-7.278677	0.009971
-7.274750	0.010013
-7.270823	0.010058
-7.266897	0.010105
-7.262970	0.010154
-7.259043	0.010206
-7.255116	0.010260
-7.251189	0.010317
-7.247262	0.010375
-7.243335	0.010436
-7.239408	0.010500
-7.235481	0.010565
-7.231554	0.010633
-7.227627	0.010703
-7.223700	0.010775
-7.219773	0.010850
-7.215846	0.010927
-7.211919	0.011007
-7.207992	0.011089
-7.204065	0.011174
-7.200138	0.011263
-7.196211	0.011354
-7.192284	0.011448
-7.188357	0.011546
-7.184430	0.011648
-7.180503	0.011753
-7.176576	0.011862
-7.172649	0.011975
-7.168722	0.012092
-7.164795	0.012213
-7.160868	0.012337
-7.156941	0.012464
-7.153014	0.012594
-7.149087	0.012725
-7.145160	0.012856
-7.141233	0.012987
-7.137306	0.013115
-7.133379	0.013240
-7.129452	0.013359
-7.125525	0.013473
-7.121598	0.013580
-7.117671	0.013681
-7.113744	0.013776
-7.109817	0.013865
-7.105890	0.013952
-7.101963	0.014037
-7.098036	0.014121
-7.094109	0.014206
-7.090182	0.014293
-7.086255	0.014381
-7.082328	0.014473
-7.078401	0.014568
-7.074474	0.014665
-7.070547	0.014765
-7.066620	0.014868
-7.062693	0.014974
-7.058766	0.015084
-7.054839	0.015196
-7.050912	0.015313
-7.046985	0.015435
-7.043058	0.015560
-7.039131	0.015691
-7.035204	0.015828
-7.031277	0.015969
-7.027350	0.016116
-7.023423	0.016269
-7.019496	0.016428
-7.015569	0.016593
-7.011642	0.016764
-7.007715	0.016941
-7.003788	0.017124
-6.999861	0.017314
-6.995934	0.017510
-6.992007	0.017713
-6.988080	0.017924
-6.984153	0.018141
-6.980226	0.018366
-6.976299	0.018598
-6.972372	0.018839
-6.968445	0.019088
-6.964518	0.019347
-6.960591	0.019614
-6.956664	0.019891
-6.952737	0.020178
-6.948810	0.020476
-6.944883	0.020786
-6.940956	0.021107
-6.937029	0.021441
-6.933102	0.021788
-6.929175	0.022149
-6.925248	0.022525
-6.921321	0.022917
-6.917394	0.023325
-6.913467	0.023750
-6.909540	0.024194
-6.905613	0.024657
-6.901686	0.025140
-6.897759	0.025645
-6.893832	0.026172
-6.889905	0.026723
-6.885978	0.027300
-6.882051	0.027903
-6.878124	0.028536
-6.874197	0.029200
-6.870270	0.029897
-6.866343	0.030629
-6.862416	0.031399
-6.858489	0.032209
-6.854562	0.033064
-6.850635	0.033967
-6.846708	0.034923
-6.842781	0.035937
-6.838855	0.037016
-6.834928	0.038166
-6.831001	0.039396
-6.827074	0.040713
-6.823147	0.042128
-6.819220	0.043650
-6.815293	0.045291
-6.811366	0.047062
-6.807439	0.048977
-6.803512	0.051050
-6.799585	0.053297
-6.795658	0.055735
-6.791731	0.058382
-6.787804	0.061259
-6.783877	0.064388
-6.779950	0.067789
-6.776023	0.071489
-6.772096	0.075510
-6.768169	0.079879
-6.764242	0.084618
-6.760315	0.089750
-6.756388	0.095293
-6.752461	0.101253
-6.748534	0.107627
-6.744607	0.114387
-6.740680	0.121478
-6.736753	0.128806
-6.732826	0.136233
-6.728899	0.143567
-6.724972	0.150565
-6.721045	0.156943
-6.717118	0.162395
-6.713191	0.166623
-6.709264	0.169381
-6.705337	0.170506
-6.701410	0.169948
-6.697483	0.167781
-6.693556	0.164185
-6.689629	0.159423
-6.685702	0.153798
-6.681775	0.147618
-6.677848	0.141165
-6.673921	0.134677
-6.669994	0.128342
-6.666067	0.122296
-6.662140	0.116630
-6.658213	0.111400
-6.654286	0.106633
-6.650359	0.102333
-6.646432	0.098493
-6.642505	0.095096
-6.638578	0.092119
-6.634651	0.089539
-6.630724	0.087331
-6.626797	0.085469
-6.622870	0.083933
-6.618943	0.082701
-6.615016	0.081756
-6.611089	0.081082
-6.607162	0.080666
-6.603235	0.080497
-6.599308	0.080568
-6.595381	0.080872
-6.591454	0.081406
-6.587527	0.082170
-6.583600	0.083163
-6.579673	0.084391
-6.575746	0.085858
-6.571819	0.087572
-6.567892	0.089545
-6.563965	0.091789
-6.560038	0.094320
-6.556111	0.097158
-6.552184	0.100324
-6.548257	0.103844
-6.544330	0.107748
-6.540403	0.112066
-6.536476	0.116837
-6.532549	0.122101
-6.528622	0.127904
-6.524695	0.134293
-6.520768	0.141322
-6.516841	0.149046
-6.512914	0.157523
-6.508987	0.166810
-6.505060	0.176962
-6.501133	0.188027
-6.497206	0.200038
-6.493279	0.213008
-6.489352	0.226915
-6.485425	0.241688
-6.481498	0.257194
-6.477571	0.273217
-6.473644	0.289446
-6.469717	0.305472
-6.465790	0.320787
-6.461863	0.334809
-6.457936	0.346924
-6.454009	0.356536
-6.450082	0.363139
-6.446155	0.366377
-6.442228	0.366093
-6.438301	0.362351
-6.434374	0.355428
-6.430447	0.345776
-6.426520	0.333957
-6.422593	0.320586
-6.418666	0.306262
-6.414739	0.291526
-6.410813	0.276832
-6.406886	0.262536
-6.402959	0.248899
-6.399032	0.236099
-6.395105	0.224242
-6.391178	0.213379
-6.387251	0.203520
-6.383324	0.194649
-6.379397	0.186728
-6.375470	0.179712
-6.371543	0.173547
-6.367616	0.168180
-6.363689	0.163558
-6.359762	0.159633
-6.355835	0.156360
-6.351908	0.153700
-6.347981	0.151618
-6.344054	0.150084
-6.340127	0.149077
-6.336200	0.148576
-6.332273	0.148569
-6.328346	0.149049
-6.324419	0.150010
-6.320492	0.151456
-6.316565	0.153392
-6.312638	0.155828
-6.308711	0.158780
-6.304784	0.162267
-6.300857	0.166311
-6.296930	0.170939
-6.293003	0.176179
-6.289076	0.182059
-6.285149	0.188608
-6.281222	0.195848
-6.277295	0.203796
-6.273368	0.212454
-6.269441	0.221806
-6.265514	0.231811
-6.261587	0.242399
-6.257660	0.253458
-6.253733	0.264843
-6.249806	0.276366
-6.245879	0.287813
-6.241952	0.298956
-6.238025	0.309571
-6.234098	0.319468
-6.230171	0.328516
-6.226244	0.336664
-6.222317	0.343955
-6.218390	0.350532
-6.214463	0.356620
-6.210536	0.362513
-6.206609	0.368546
-6.202682	0.375070
-6.198755	0.382431
-6.194828	0.390947
-6.190901	0.400892
-6.186974	0.412475
-6.183047	0.425826
-6.179120	0.440980
-6.175193	0.457876
-6.171266	0.476375
-6.167339	0.496284
-6.163412	0.517397
-6.159485	0.539528
-6.155558	0.562531
-6.151631	0.586292
-6.147704	0.610703
-6.143777	0.635617
-6.139850	0.660805
-6.135923	0.685924
-6.131996	0.710522
-6.128069	0.734070
-6.124142	0.756035
-6.120215	0.775963
-6.116288	0.793562
-6.112361	0.808738
-6.108434	0.821551
-6.104507	0.832087
-6.100580	0.840276
-6.096653	0.845731
-6.092726	0.847728
-6.088799	0.845368
-6.084872	0.837888
-6.080945	0.824963
-6.077018	0.806851
-6.073091	0.784327
-6.069164	0.758484
-6.065237	0.730496
-6.061310	0.701437
-6.057383	0.672190
-6.053456	0.643417
-6.049529	0.615580
-6.045602	0.588977
-6.041675	0.563783
-6.037748	0.540099
-6.033821	0.517980
-6.029894	0.497470
-6.025967	0.478612
-6.022040	0.461461
-6.018113	0.446077
-6.014186	0.432520
-6.010259	0.420844
-6.006332	0.411095
-6.002405	0.403305
-5.998478	0.397496
-5.994551	0.393682
-5.990624	0.391869
-5.986698	0.392059
-5.982771	0.394248
-5.978844	0.398422
-5.974917	0.404551
-5.970990	0.412586
-5.967063	0.422443
-5.963136	0.433998
-5.959209	0.447079
-5.955282	0.461463
-5.951355	0.476883
-5.947428	0.493037
-5.943501	0.509607
-5.939574	0.526280
-5.935647	0.542757
-5.931720	0.558768
-5.927793	0.574055
-5.923866	0.588375
-5.919939	0.601483
-5.916012	0.613128
-5.912085	0.623038
-5.908158	0.630907
-5.904231	0.636372
-5.900304	0.639022
-5.896377	0.638469
-5.892450	0.634496
-5.888523	0.627245
-5.884596	0.617340
-5.880669	0.605823
-5.876742	0.593906
-5.872815	0.582626
-5.868888	0.572587
-5.864961	0.563869
-5.861034	0.556122
-5.857107	0.548775
-5.853180	0.541268
-5.849253	0.533215
-5.845326	0.524478
-5.841399	0.515155
-5.837472	0.505514
-5.833545	0.495912
-5.829618	0.486714
-5.825691	0.478235
-5.821764	0.470703
-5.817837	0.464236
-5.813910	0.458840
-5.809983	0.454425
-5.806056	0.450824
-5.802129	0.447828
-5.798202	0.445209
-5.794275	0.442743
-5.790348	0.440211
-5.786421	0.437402
-5.782494	0.434100
-5.778567	0.430095
-5.774640	0.425194
-5.770713	0.419255
-5.766786	0.412207
-5.762859	0.404077
-5.758932	0.394990
-5.755005	0.385154
-5.751078	0.374840
-5.747151	0.364344
-5.743224	0.353959
-5.739297	0.343940
-5.735370	0.334489
-5.731443	0.325733
-5.727516	0.317723
-5.723589	0.310436
-5.719662	0.303791
-5.715735	0.297671
-5.711808	0.291949
-5.707881	0.286513
-5.703954	0.281288
-5.700027	0.276246
-5.696100	0.271407
-5.692173	0.266831
-5.688246	0.262604
-5.684319	0.258821
-5.680392	0.255575
-5.676465	0.252943
-5.672538	0.250989
-5.668611	0.249749
-5.664684	0.249242
-5.660757	0.249464
-5.656830	0.250397
-5.652903	0.252010
-5.648976	0.254272
-5.645049	0.257158
-5.641122	0.260659
-5.637195	0.264788
-5.633268	0.269587
-5.629341	0.275121
-5.625414	0.281476
-5.621487	0.288745
-5.617560	0.297025
-5.613633	0.306401
-5.609706	0.316944
-5.605779	0.328699
-5.601852	0.341687
-5.597925	0.355893
-5.593998	0.371268
-5.590071	0.387719
-5.586144	0.405106
-5.582217	0.423226
-5.578290	0.441819
-5.574363	0.460557
-5.570436	0.479065
-5.566509	0.496944
-5.562582	0.513801
-5.558656	0.529287
-5.554729	0.543124
-5.550802	0.555110
-5.546875	0.565113
-5.542948	0.573053
-5.539021	0.578895
-5.535094	0.582633
-5.531167	0.584297
-5.527240	0.583948
-5.523313	0.581683
-5.519386	0.577650
-5.515459	0.572068
-5.511532	0.565240
-5.507605	0.557567
-5.503678	0.549521
-5.499751	0.541606
-5.495824	0.534305
-5.491897	0.528021
-5.487970	0.523031
-5.484043	0.519446
-5.480116	0.517199
-5.476189	0.516054
-5.472262	0.515646
-5.468335	0.515547
-5.464408	0.515353
-5.460481	0.514759
-5.456554	0.513616
-5.452627	0.511943
-5.448700	0.509888
-5.444773	0.507655
-5.440846	0.505398
-5.436919	0.503141
-5.432992	0.500727
-5.429065	0.497851
-5.425138	0.494127
-5.421211	0.489202
-5.417284	0.482838
-5.413357	0.474963
-5.409430	0.465681
-5.405503	0.455237
-5.401576	0.443984
-5.397649	0.432324
-5.393722	0.420664
-5.389795	0.409366
-5.385868	0.398726
-5.381941	0.388977
-5.378014	0.380297
-5.374087	0.372822
-5.370160	0.366645
-5.366233	0.361815
-5.362306	0.358334
-5.358379	0.356162
-5.354452	0.355220
-5.350525	0.355401
-5.346598	0.356580
-5.342671	0.358618
-5.338744	0.361362
-5.334817	0.364647
-5.330890	0.368293
-5.326963	0.372102
-5.323036	0.375865
-5.319109	0.379358
-5.315182	0.382350
-5.311255	0.384608
-5.307328	0.385906
-5.303401	0.386028
-5.299474	0.384778
-5.295547	0.382000
-5.291620	0.377587
-5.287693	0.371506
-5.283766	0.363805
-5.279839	0.354625
-5.275912	0.344196
-5.271985	0.332815
-5.268058	0.320824
-5.264131	0.308572
-5.260204	0.296384
-5.256277	0.284540
-5.252350	0.273261
-5.248423	0.262707
-5.244496	0.252985
-5.240569	0.244155
-5.236642	0.236243
-5.232715	0.229252
-5.228788	0.223167
-5.224861	0.217965
-5.220934	0.213615
-5.217007	0.210085
-5.213080	0.207340
-5.209153	0.205349
-5.205226	0.204083
-5.201299	0.203516
-5.197372	0.203630
-5.193445	0.204412
-5.189518	0.205854
-5.185591	0.207950
-5.181664	0.210698
-5.177737	0.214089
-5.173810	0.218109
-5.169883	0.222731
-5.165956	0.227909
-5.162029	0.233576
-5.158102	0.239644
-5.154175	0.246006
-5.150248	0.252551
-5.146321	0.259182
-5.142394	0.265850
-5.138467	0.272580
-5.134540	0.279510
-5.130614	0.286910
-5.126687	0.295190
-5.122760	0.304880
-5.118833	0.316565
-5.114906	0.330782
-5.110979	0.347887
-5.107052	0.367939
-5.103125	0.390622
-5.099198	0.415265
-5.095271	0.440937
-5.091344	0.466614
-5.087417	0.491351
-5.083490	0.514427
-5.079563	0.535415
-5.075636	0.554173
-5.071709	0.570777
-5.067782	0.585438
-5.063855	0.598459
-5.059928	0.610216
-5.056001	0.621107
-5.052074	0.631398
-5.048147	0.641059
-5.044220	0.649687
-5.040293	0.656577
-5.036366	0.660908
-5.032439	0.661963
-5.028512	0.659344
-5.024585	0.653108
-5.020658	0.643781
-5.016731	0.632269
-5.012804	0.619692
-5.008877	0.607104
-5.004950	0.595097
-5.001023	0.583880
-4.997096	0.574785
-4.993169	0.570859
-4.989242	0.573406
-4.985315	0.579858
-4.981388	0.586044
-4.977461	0.588860
-4.973534	0.587153
-4.969607	0.581321
-4.965680	0.572512
-4.961753	0.561954
-4.957826	0.550613
-4.953899	0.539131
-4.949972	0.527896
-4.946045	0.517151
-4.942118	0.507067
-4.938191	0.497783
-4.934264	0.489412
-4.930337	0.482042
-4.926410	0.475721
-4.922483	0.470455
-4.918556	0.466191
-4.914629	0.462804
-4.910702	0.460088
-4.906775	0.457743
-4.902848	0.455378
-4.898921	0.452531
-4.894994	0.448715
-4.891067	0.443479
-4.887140	0.436476
-4.883213	0.427527
-4.879286	0.416645
-4.875359	0.404031
-4.871432	0.390034
-4.867505	0.375085
-4.863578	0.359638
-4.859651	0.344119
-4.855724	0.328891
-4.851797	0.314239
-4.847870	0.300370
-4.843943	0.287420
-4.840016	0.275469
-4.836089	0.264551
-4.832162	0.254665
-4.828235	0.245791
-4.824308	0.237894
-4.820381	0.230932
-4.816454	0.224858
-4.812527	0.219628
-4.808600	0.215201
-4.804673	0.211539
-4.800746	0.208610
-4.796819	0.206388
-4.792892	0.204853
-4.788965	0.203993
-4.785038	0.203800
-4.781111	0.204274
-4.777184	0.205422
-4.773257	0.207257
-4.769330	0.209797
-4.765403	0.213070
-4.761476	0.217107
-4.757549	0.221944
-4.753622	0.227623
-4.749695	0.234188
-4.745768	0.241685
-4.741841	0.250156
-4.737914	0.259635
-4.733987	0.270146
-4.730060	0.281686
-4.726133	0.294224
-4.722206	0.307680
-4.718279	0.321917
-4.714352	0.336724
-4.710425	0.351806
-4.706498	0.366782
-4.702572	0.381194
-4.698645	0.394532
-4.694718	0.406271
-4.690791	0.415919
-4.686864	0.423074
-4.682937	0.427463
-4.679010	0.428970
-4.675083	0.427642
-4.671156	0.423673
-4.667229	0.417385
-4.663302	0.409186
-4.659375	0.399537
-4.655448	0.388919
-4.651521	0.377800
-4.647594	0.366613
-4.643667	0.355732
-4.639740	0.345470
-4.635813	0.336071
-4.631886	0.327714
-4.627959	0.320526
-4.624032	0.314585
-4.620105	0.309940
-4.616178	0.306613
-4.612251	0.304614
-4.608324	0.303946
-4.604397	0.304614
-4.600470	0.306624
-4.596543	0.309995
-4.592616	0.314752
-4.588689	0.320932
-4.584762	0.328584
-4.580835	0.337762
-4.576908	0.348529
-4.572981	0.360946
-4.569054	0.375070
-4.565127	0.390945
-4.561200	0.408588
-4.557273	0.427979
-4.553346	0.449045
-4.549419	0.471638
-4.545492	0.495522
-4.541565	0.520356
-4.537638	0.545696
-4.533711	0.571004
-4.529784	0.595673
-4.525857	0.619081
-4.521930	0.640641
-4.518003	0.659862
-4.514076	0.676395
-4.510149	0.690054
-4.506222	0.700822
-4.502295	0.708822
-4.498368	0.714288
-4.494441	0.717523
-4.490514	0.718860
-4.486587	0.718636
-4.482660	0.717169
-4.478733	0.714743
-4.474806	0.711602
-4.470879	0.707946
-4.466952	0.703933
-4.463025	0.699682
-4.459098	0.695278
-4.455171	0.690780
-4.451244	0.686221
-4.447317	0.681621
-4.443390	0.676983
-4.439463	0.672296
-4.435536	0.667533
-4.431609	0.662653
-4.427682	0.657607
-4.423755	0.652341
-4.419828	0.646820
-4.415901	0.641043
-4.411974	0.635068
-4.408047	0.629025
-4.404120	0.623117
-4.400193	0.617603
-4.396266	0.612763
-4.392339	0.608854
-4.388412	0.606073
-4.384485	0.604527
-4.380558	0.604233
-4.376631	0.605119
-4.372704	0.607038
-4.368777	0.609792
-4.364850	0.613147
-4.360923	0.616855
-4.356996	0.620675
-4.353069	0.624391
-4.349142	0.627822
-4.345215	0.630830
-4.341288	0.633321
-4.337361	0.635239
-4.333434	0.636555
-4.329507	0.637253
-4.325580	0.637314
-4.321653	0.636699
-4.317726	0.635346
-4.313799	0.633159
-4.309872	0.630016
-4.305945	0.625779
-4.302018	0.620312
-4.298091	0.613506
-4.294164	0.605305
-4.290237	0.595732
-4.286310	0.584907
-4.282383	0.573048
-4.278456	0.560472
-4.274530	0.547563
-4.270603	0.534750
-4.266676	0.522464
-4.262749	0.511112
-4.258822	0.501051
-4.254895	0.492572
-4.250968	0.485892
-4.247041	0.481158
-4.243114	0.478447
-4.239187	0.477774
-4.235260	0.479097
-4.231333	0.482317
-4.227406	0.487282
-4.223479	0.493785
-4.219552	0.501554
-4.215625	0.510242
-4.211698	0.519428
-4.207771	0.528613
-4.203844	0.537241
-4.199917	0.544735
-4.195990	0.550544
-4.192063	0.554198
-4.188136	0.555354
-4.184209	0.553826
-4.180282	0.549592
-4.176355	0.542780
-4.172428	0.533644
-4.168501	0.522524
-4.164574	0.509814
-4.160647	0.495934
-4.156720	0.481307
-4.152793	0.466344
-4.148866	0.451431
-4.144939	0.436911
-4.141012	0.423081
-4.137085	0.410181
-4.133158	0.398396
-4.129231	0.387860
-4.125304	0.378662
-4.121377	0.370859
-4.117450	0.364484
-4.113523	0.359549
-4.109596	0.356055
-4.105669	0.353993
-4.101742	0.353348
-4.097815	0.354095
-4.093888	0.356205
-4.089961	0.359637
-4.086034	0.364345
-4.082107	0.370269
-4.078180	0.377340
-4.074253	0.385479
-4.070326	0.394596
-4.066399	0.404595
-4.062472	0.415378
-4.058545	0.426853
-4.054618	0.438944
-4.050691	0.451608
-4.046764	0.464845
-4.042837	0.478711
-4.038910	0.493313
-4.034983	0.508793
-4.031056	0.525302
-4.027129	0.542964
-4.023202	0.561850
-4.019275	0.581961
-4.015348	0.603226
-4.011421	0.625517
-4.007494	0.648653
-4.003567	0.672406
-3.999640	0.696477
-3.995713	0.720463
-3.991786	0.743815
-3.987859	0.765808
-3.983932	0.785542
-3.980005	0.801979
-3.976078	0.814030
-3.972151	0.820695
-3.968224	0.821221
-3.964297	0.815235
-3.960370	0.802834
-3.956443	0.784575
-3.952516	0.761390
-3.948589	0.734441
-3.944662	0.704976
-3.940735	0.674196
-3.936808	0.643162
-3.932881	0.612751
-3.928954	0.583634
-3.925027	0.556288
-3.921100	0.531022
-3.917173	0.508005
-3.913246	0.487296
-3.909319	0.468874
-3.905392	0.452661
-3.901465	0.438538
-3.897538	0.426362
-3.893611	0.415970
-3.889684	0.407192
-3.885757	0.399849
-3.881830	0.393764
-3.877903	0.388760
-3.873976	0.384671
-3.870049	0.381339
-3.866122	0.378619
-3.862195	0.376383
-3.858268	0.374523
-3.854341	0.372955
-3.850414	0.371625
-3.846488	0.370517
-3.842561	0.369660
-3.838634	0.369128
-3.834707	0.369032
-3.830780	0.369513
-3.826853	0.370724
-3.822926	0.372824
-3.818999	0.375961
-3.815072	0.380272
-3.811145	0.385879
-3.807218	0.392892
-3.803291	0.401412
-3.799364	0.411541
-3.795437	0.423377
-3.791510	0.437028
-3.787583	0.452604
-3.783656	0.470221
-3.779729	0.489989
-3.775802	0.512008
-3.771875	0.536349
-3.767948	0.563036
-3.764021	0.592024
-3.760094	0.623178
-3.756167	0.656245
-3.752240	0.690842
-3.748313	0.726441
-3.744386	0.762390
-3.740459	0.797935
-3.736532	0.832277
-3.732605	0.864634
-3.728678	0.894310
-3.724751	0.920741
-3.720824	0.943518
-3.716897	0.962395
-3.712970	0.977262
-3.709043	0.988133
-3.705116	0.995124
-3.701189	0.998450
-3.697262	0.998401
-3.693335	0.995311
-3.689408	0.989500
-3.685481	0.981207
-3.681554	0.970545
-3.677627	0.957501
-3.673700	0.941978
-3.669773	0.923886
-3.665846	0.903221
-3.661919	0.880139
-3.657992	0.854989
-3.654065	0.828299
-3.650138	0.800735
-3.646211	0.773036
-3.642284	0.745937
-3.638357	0.720114
-3.634430	0.696143
-3.630503	0.674481
-3.626576	0.655462
-3.622649	0.639314
-3.618722	0.626168
-3.614795	0.616077
-3.610868	0.609029
-3.606941	0.604956
-3.603014	0.603738
-3.599087	0.605204
-3.595160	0.609134
-3.591233	0.615253
-3.587306	0.623241
-3.583379	0.632739
-3.579452	0.643361
-3.575525	0.654714
-3.571598	0.666421
-3.567671	0.678140
-3.563744	0.689581
-3.559817	0.700525
-3.555890	0.710825
-3.551963	0.720416
-3.548036	0.729311
-3.544109	0.737591
-3.540182	0.745394
-3.536255	0.752887
-3.532328	0.760240
-3.528401	0.767573
-3.524474	0.774915
-3.520547	0.782146
-3.516620	0.788961
-3.512693	0.794852
-3.508766	0.799119
-3.504839	0.800910
-3.500912	0.799307
-3.496985	0.793438
-3.493058	0.782606
-3.489131	0.766418
-3.485204	0.744875
-3.481277	0.718417
-3.477350	0.687899
-3.473423	0.654533
-3.469496	0.619797
-3.465569	0.585315
-3.461642	0.552722
-3.457715	0.523495
-3.453788	0.498769
-3.449861	0.479175
-3.445934	0.464747
-3.442007	0.454936
-3.438080	0.448750
-3.434153	0.444992
-3.430226	0.442525
-3.426299	0.440497
-3.422372	0.438467
-3.418446	0.436412
-3.414519	0.434642
-3.410592	0.433660
-3.406665	0.434009
-3.402738	0.436144
-3.398811	0.440352
-3.394884	0.446726
-3.390957	0.455182
-3.387030	0.465521
-3.383103	0.477495
-3.379176	0.490870
-3.375249	0.505459
-3.371322	0.521119
-3.367395	0.537730
-3.363468	0.555154
-3.359541	0.573194
-3.355614	0.591558
-3.351687	0.609836
-3.347760	0.627504
-3.343833	0.643947
-3.339906	0.658522
-3.335979	0.670639
-3.332052	0.679862
-3.328125	0.685983
-3.324198	0.689051
-3.320271	0.689339
-3.316344	0.687262
-3.312417	0.683271
-3.308490	0.677773
-3.304563	0.671075
-3.300636	0.663375
-3.296709	0.654771
-3.292782	0.645298
-3.288855	0.634987
-3.284928	0.623948
-3.281001	0.612447
-3.277074	0.600924
-3.273147	0.589935
-3.269220	0.580001
-3.265293	0.571458
-3.261366	0.564388
-3.257439	0.558663
-3.253512	0.554089
-3.249585	0.550512
-3.245658	0.547856
-3.241731	0.546107
-3.237804	0.545293
-3.233877	0.545505
-3.229950	0.546907
-3.226023	0.549731
-3.222096	0.554242
-3.218169	0.560709
-3.214242	0.569389
-3.210315	0.580513
-3.206388	0.594292
-3.202461	0.610920
-3.198534	0.630573
-3.194607	0.653412
-3.190680	0.679588
-3.186753	0.709233
-3.182826	0.742453
-3.178899	0.779316
-3.174972	0.819828
-3.171045	0.863907
-3.167118	0.911349
-3.163191	0.961797
-3.159264	1.014708
-3.155337	1.069334
-3.151410	1.124725
-3.147483	1.179762
-3.143556	1.233221
-3.139629	1.283869
-3.135702	1.330578
-3.131775	1.372429
-3.127848	1.408792
-3.123921	1.439362
-3.119994	1.464142
-3.116067	1.483396
-3.112140	1.497565
-3.108213	1.507186
-3.104286	1.512816
-3.100359	1.514972
-3.096432	1.514091
-3.092505	1.510502
-3.088578	1.504424
-3.084651	1.495965
-3.080724	1.485139
-3.076797	1.471891
-3.072870	1.456123
-3.068943	1.437728
-3.065016	1.416614
-3.061089	1.392725
-3.057162	1.366045
-3.053235	1.336597
-3.049308	1.304437
-3.045381	1.269655
-3.041454	1.232401
-3.037527	1.192913
-3.033600	1.151555
-3.029673	1.108830
-3.025746	1.065374
-3.021819	1.021906
-3.017892	0.979170
-3.013965	0.937869
-3.010038	0.898612
-3.006111	0.861884
-3.002184	0.828034
-2.998257	0.797289
-2.994330	0.769766
-2.990404	0.745501
-2.986477	0.724471
-2.982550	0.706614
-2.978623	0.691849
-2.974696	0.680090
-2.970769	0.671255
-2.966842	0.665271
-2.962915	0.662087
-2.958988	0.661670
-2.955061	0.664011
-2.951134	0.669126
-2.947207	0.677060
-2.943280	0.687883
-2.939353	0.701695
-2.935426	0.718622
-2.931499	0.738820
-2.927572	0.762469
-2.923645	0.789774
-2.919718	0.820954
-2.915791	0.856242
-2.911864	0.895864
-2.907937	0.940027
-2.904010	0.988891
-2.900083	1.042535
-2.896156	1.100914
-2.892229	1.163811
-2.888302	1.230774
-2.884375	1.301067
-2.880448	1.373623
-2.876521	1.447029
-2.872594	1.519553
-2.868667	1.589214
-2.864740	1.653922
-2.860813	1.711639
-2.856886	1.760574
-2.852959	1.799356
-2.849032	1.827168
-2.845105	1.843827
-2.841178	1.849793
-2.837251	1.846120
-2.833324	1.834330
-2.829397	1.816245
-2.825470	1.793768
-2.821543	1.768672
-2.817616	1.742410
-2.813689	1.715984
-2.809762	1.689898
-2.805835	1.664201
-2.801908	1.638596
-2.797981	1.612608
-2.794054	1.585757
-2.790127	1.557709
-2.786200	1.528361
-2.782273	1.497854
-2.778346	1.466534
-2.774419	1.434864
-2.770492	1.403337
-2.766565	1.372408
-2.762638	1.342452
-2.758711	1.313747
-2.754784	1.286480
-2.750857	1.260763
-2.746930	1.236646
-2.743003	1.214138
-2.739076	1.193214
-2.735149	1.173828
-2.731222	1.155920
-2.727295	1.139421
-2.723368	1.124257
-2.719441	1.110351
-2.715514	1.097627
-2.711587	1.086013
-2.707660	1.075440
-2.703733	1.065842
-2.699806	1.057159
-2.695879	1.049336
-2.691952	1.042323
-2.688025	1.036076
-2.684098	1.030555
-2.680171	1.025726
-2.676244	1.021557
-2.672317	1.018022
-2.668390	1.015100
-2.664463	1.012773
-2.660536	1.011025
-2.656609	1.009845
-2.652682	1.009224
-2.648755	1.009159
-2.644828	1.009645
-2.640901	1.010682
-2.636974	1.012273
-2.633047	1.014421
-2.629120	1.017132
-2.625193	1.020411
-2.621266	1.024265
-2.617339	1.028702
-2.613412	1.033726
-2.609485	1.039340
-2.605558	1.045544
-2.601631	1.052332
-2.597704	1.059691
-2.593777	1.067599
-2.589850	1.076023
-2.585923	1.084917
-2.581996	1.094223
-2.578069	1.103869
-2.574142	1.113777
-2.570215	1.123868
-2.566288	1.134076
-2.562362	1.144362
-2.558435	1.154735
-2.554508	1.165271
-2.550581	1.176121
-2.546654	1.187503
-2.542727	1.199676
-2.538800	1.212880
-2.534873	1.227264
-2.530946	1.242800
-2.527019	1.259212
-2.523092	1.275927
-2.519165	1.292086
-2.515238	1.306596
-2.511311	1.318243
-2.507384	1.325828
-2.503457	1.328315
-2.499530	1.324943
-2.495603	1.315282
-2.491676	1.299246
-2.487749	1.277049
-2.483822	1.249152
-2.479895	1.216204
-2.475968	1.178994
-2.472041	1.138424
-2.468114	1.095469
-2.464187	1.051142
-2.460260	1.006446
-2.456333	0.962323
-2.452406	0.919607
-2.448479	0.878993
-2.444552	0.841019
-2.440625	0.806072
-2.436698	0.774402
-2.432771	0.746146
-2.428844	0.721355
-2.424917	0.700018
-2.420990	0.682087
-2.417063	0.667486
-2.413136	0.656133
-2.409209	0.647937
-2.405282	0.642810
-2.401355	0.640656
-2.397428	0.641373
-2.393501	0.644843
-2.389574	0.650918
-2.385647	0.659411
-2.381720	0.670082
-2.377793	0.682631
-2.373866	0.696692
-2.369939	0.711847
-2.366012	0.727640
-2.362085	0.743607
-2.358158	0.759316
-2.354231	0.774397
-2.350304	0.788566
-2.346377	0.801647
-2.342450	0.813558
-2.338523	0.824306
-2.334596	0.833962
-2.330669	0.842642
-2.326742	0.850482
-2.322815	0.857627
-2.318888	0.864217
-2.314961	0.870381
-2.311034	0.876234
-2.307107	0.881874
-2.303180	0.887386
-2.299253	0.892841
-2.295326	0.898297
-2.291399	0.903804
-2.287472	0.909403
-2.283545	0.915126
-2.279618	0.921002
-2.275691	0.927056
-2.271764	0.933307
-2.267837	0.939775
-2.263910	0.946474
-2.259983	0.953419
-2.256056	0.960624
-2.252129	0.968102
-2.248202	0.975863
-2.244275	0.983921
-2.240348	0.992285
-2.236421	1.000968
-2.232494	1.009980
-2.228567	1.019332
-2.224640	1.029034
-2.220713	1.039098
-2.216786	1.049531
-2.212859	1.060344
-2.208932	1.071544
-2.205005	1.083137
-2.201078	1.095127
-2.197151	1.107515
-2.193224	1.120297
-2.189297	1.133467
-2.185370	1.147009
-2.181443	1.160900
-2.177516	1.175106
-2.173589	1.189580
-2.169662	1.204255
-2.165735	1.219045
-2.161808	1.233835
-2.157881	1.248474
-2.153954	1.262774
-2.150027	1.276493
-2.146100	1.289331
-2.142173	1.300920
-2.138246	1.310815
-2.134320	1.318487
-2.130393	1.323328
-2.126466	1.324659
-2.122539	1.321752
-2.118612	1.313872
-2.114685	1.300338
-2.110758	1.280599
-2.106831	1.254320
-2.102904	1.221463
-2.098977	1.182338
-2.095050	1.137616
-2.091123	1.088285
-2.087196	1.035556
-2.083269	0.980744
-2.079342	0.925144
-2.075415	0.869924
-2.071488	0.816055
-2.067561	0.764282
-2.063634	0.715126
-2.059707	0.668906
-2.055780	0.625773
-2.051853	0.585751
-2.047926	0.548772
-2.043999	0.514705
-2.040072	0.483379
-2.036145	0.454605
-2.032218	0.428186
-2.028291	0.403927
-2.024364	0.381640
-2.020437	0.361148
-2.016510	0.342285
-2.012583	0.324902
-2.008656	0.308860
-2.004729	0.294035
-2.000802	0.280313
-1.996875	0.267592
-1.992948	0.255782
-1.989021	0.244800
-1.985094	0.234572
-1.981167	0.225032
-1.977240	0.216120
-1.973313	0.207782
-1.969386	0.199971
-1.965459	0.192642
-1.961532	0.185757
-1.957605	0.179279
-1.953678	0.173178
-1.949751	0.167423
-1.945824	0.161989
-1.941897	0.156852
-1.937970	0.151989
-1.934043	0.147382
-1.930116	0.143011
-1.926189	0.138861
-1.922262	0.134917
-1.918335	0.131164
-1.914408	0.127590
-1.910481	0.124183
-1.906554	0.120933
-1.902627	0.117830
-1.898700	0.114864
-1.894773	0.112028
-1.890846	0.109313
-1.886919	0.106713
-1.882992	0.104220
-1.879065	0.101829
-1.875138	0.099533
-1.871211	0.097328
-1.867284	0.095209
-1.863357	0.093170
-1.859430	0.091209
-1.855503	0.089320
-1.851576	0.087499
-1.847649	0.085745
-1.843722	0.084052
-1.839795	0.082418
-1.835868	0.080841
-1.831941	0.079317
-1.828014	0.077844
-1.824087	0.076419
-1.820160	0.075041
-1.816233	0.073707
-1.812306	0.072416
-1.808379	0.071164
-1.804452	0.069952
-1.800525	0.068776
-1.796598	0.067635
-1.792671	0.066528
-1.788744	0.065454
-1.784817	0.064411
-1.780890	0.063397
-1.776963	0.062413
-1.773036	0.061455
-1.769109	0.060524
-1.765182	0.059619
-1.761255	0.058738
-1.757328	0.057880
-1.753401	0.057045
-1.749474	0.056231
-1.745547	0.055439
-1.741620	0.054667
-1.737693	0.053914
-1.733766	0.053180
-1.729839	0.052464
-1.725912	0.051765
-1.721985	0.051084
-1.718058	0.050418
-1.714131	0.049769
-1.710205	0.049134
-1.706278	0.048514
-1.702351	0.047909
-1.698424	0.047317
-1.694497	0.046739
-1.690570	0.046173
-1.686643	0.045620
-1.682716	0.045079
-1.678789	0.044550
-1.674862	0.044032
-1.670935	0.043525
-1.667008	0.043029
-1.663081	0.042543
-1.659154	0.042067
-1.655227	0.041601
-1.651300	0.041145
-1.647373	0.040698
-1.643446	0.040259
-1.639519	0.039830
-1.635592	0.039408
-1.631665	0.038995
-1.627738	0.038590
-1.623811	0.038193
-1.619884	0.037803
-1.615957	0.037421
-1.612030	0.037045
-1.608103	0.036677
-1.604176	0.036316
-1.600249	0.035961
-1.596322	0.035612
-1.592395	0.035270
-1.588468	0.034934
-1.584541	0.034604
-1.580614	0.034280
-1.576687	0.033961
-1.572760	0.033648
-1.568833	0.033340
-1.564906	0.033038
-1.560979	0.032740
-1.557052	0.032448
-1.553125	0.032160
-1.549198	0.031878
-1.545271	0.031600
-1.541344	0.031326
-1.537417	0.031057
-1.533490	0.030792
-1.529563	0.030532
-1.525636	0.030275
-1.521709	0.030023
-1.517782	0.029775
-1.513855	0.029531
-1.509928	0.029290
-1.506001	0.029053
-1.502074	0.028820
-1.498147	0.028590
-1.494220	0.028364
-1.490293	0.028141
-1.486366	0.027921
-1.482439	0.027705
-1.478512	0.027492
-1.474585	0.027282
-1.470658	0.027075
-1.466731	0.026871
-1.462804	0.026670
-1.458877	0.026472
-1.454950	0.026277
-1.451023	0.026085
-1.447096	0.025895
-1.443169	0.025708
-1.439242	0.025523
-1.435315	0.025341
-1.431388	0.025162
-1.427461	0.024985
-1.423534	0.024810
-1.419607	0.024638
-1.415680	0.024468
-1.411753	0.024301
-1.407826	0.024135
-1.403899	0.023972
-1.399972	0.023811
-1.396045	0.023652
-1.392118	0.023496
-1.388191	0.023341
-1.384264	0.023188
-1.380337	0.023037
-1.376410	0.022888
-1.372483	0.022741
-1.368556	0.022596
-1.364629	0.022453
-1.360702	0.022311
-1.356775	0.022172
-1.352848	0.022034
-1.348921	0.021897
-1.344994	0.021763
-1.341067	0.021630
-1.337140	0.021498
-1.333213	0.021369
-1.329286	0.021241
-1.325359	0.021114
-1.321432	0.020989
-1.317505	0.020865
-1.313578	0.020743
-1.309651	0.020622
-1.305724	0.020503
-1.301797	0.020385
-1.297870	0.020269
-1.293943	0.020154
-1.290016	0.020040
-1.286089	0.019927
-1.282163	0.019816
-1.278236	0.019706
-1.274309	0.019597
-1.270382	0.019490
-1.266455	0.019384
-1.262528	0.019279
-1.258601	0.019175
-1.254674	0.019072
-1.250747	0.018971
-1.246820	0.018870
-1.242893	0.018771
-1.238966	0.018673
-1.235039	0.018576
-1.231112	0.018479
-1.227185	0.018384
-1.223258	0.018290
-1.219331	0.018197
-1.215404	0.018105
-1.211477	0.018014
-1.207550	0.017924
-1.203623	0.017835
-1.199696	0.017747
-1.195769	0.017660
-1.191842	0.017574
-1.187915	0.017488
-1.183988	0.017404
-1.180061	0.017320
-1.176134	0.017238
-1.172207	0.017156
-1.168280	0.017075
-1.164353	0.016994
-1.160426	0.016915
-1.156499	0.016836
-1.152572	0.016759
-1.148645	0.016682
-1.144718	0.016606
-1.140791	0.016530
-1.136864	0.016456
-1.132937	0.016382
-1.129010	0.016308
-1.125083	0.016236
-1.121156	0.016164
-1.117229	0.016093
-1.113302	0.016023
-1.109375	0.015953
-1.105448	0.015885
-1.101521	0.015816
-1.097594	0.015749
-1.093667	0.015682
-1.089740	0.015616
-1.085813	0.015550
-1.081886	0.015485
-1.077959	0.015421
-1.074032	0.015357
-1.070105	0.015294
-1.066178	0.015231
-1.062251	0.015169
-1.058324	0.015108
-1.054397	0.015047
-1.050470	0.014987
-1.046543	0.014928
-1.042616	0.014869
-1.038689	0.014810
-1.034762	0.014752
-1.030835	0.014695
-1.026908	0.014638
-1.022981	0.014582
-1.019054	0.014526
-1.015127	0.014471
-1.011200	0.014416
-1.007273	0.014362
-1.003346	0.014308
-0.999419	0.014255
-0.995492	0.014202
-0.991565	0.014150
-0.987638	0.014098
-0.983711	0.014047
-0.979784	0.013996
-0.975857	0.013946
-0.971930	0.013896
-0.968003	0.013846
-0.964076	0.013797
-0.960149	0.013749
-0.956222	0.013701
-0.952295	0.013653
-0.948368	0.013606
-0.944441	0.013559
-0.940514	0.013513
-0.936587	0.013467
-0.932660	0.013421
-0.928733	0.013376
-0.924806	0.013331
-0.920879	0.013287
-0.916952	0.013243
-0.913025	0.013200
-0.909098	0.013156
-0.905171	0.013114
-0.901244	0.013071
-0.897317	0.013029
-0.893390	0.012988
-0.889463	0.012946
-0.885536	0.012905
-0.881609	0.012865
-0.877682	0.012825
-0.873755	0.012785
-0.869828	0.012745
-0.865901	0.012706
-0.861974	0.012668
-0.858047	0.012629
-0.854121	0.012591
-0.850194	0.012553
-0.846267	0.012516
-0.842340	0.012479
-0.838413	0.012442
-0.834486	0.012406
-0.830559	0.012369
-0.826632	0.012334
-0.822705	0.012298
-0.818778	0.012263
-0.814851	0.012228
-0.810924	0.012193
-0.806997	0.012159
-0.803070	0.012125
-0.799143	0.012092
-0.795216	0.012058
-0.791289	0.012025
-0.787362	0.011992
-0.783435	0.011960
-0.779508	0.011928
-0.775581	0.011896
-0.771654	0.011864
-0.767727	0.011833
-0.763800	0.011801
-0.759873	0.011771
-0.755946	0.011740
-0.752019	0.011710
-0.748092	0.011680
-0.744165	0.011650
-0.740238	0.011621
-0.736311	0.011591
-0.732384	0.011562
-0.728457	0.011534
-0.724530	0.011505
-0.720603	0.011477
-0.716676	0.011449
-0.712749	0.011421
-0.708822	0.011394
-0.704895	0.011366
-0.700968	0.011339
-0.697041	0.011313
-0.693114	0.011286
-0.689187	0.011260
-0.685260	0.011234
-0.681333	0.011208
-0.677406	0.011182
-0.673479	0.011157
-0.669552	0.011132
-0.665625	0.011107
-0.661698	0.011082
-0.657771	0.011058
-0.653844	0.011033
-0.649917	0.011009
-0.645990	0.010986
-0.642063	0.010962
-0.638136	0.010939
-0.634209	0.010915
-0.630282	0.010892
-0.626355	0.010870
-0.622428	0.010847
-0.618501	0.010825
-0.614574	0.010803
-0.610647	0.010781
-0.606720	0.010759
-0.602793	0.010737
-0.598866	0.010716
-0.594939	0.010695
-0.591012	0.010674
-0.587085	0.010653
-0.583158	0.010633
-0.579231	0.010612
-0.575304	0.010592
-0.571377	0.010572
-0.567450	0.010552
-0.563523	0.010533
-0.559596	0.010513
-0.555669	0.010494
-0.551742	0.010475
-0.547815	0.010456
-0.543888	0.010437
-0.539961	0.010419
-0.536034	0.010400
-0.532107	0.010382
-0.528180	0.010364
-0.524253	0.010346
-0.520326	0.010329
-0.516399	0.010311
-0.512472	0.010294
-0.508545	0.010277
-0.504618	0.010260
-0.500691	0.010243
-0.496764	0.010226
-0.492837	0.010210
-0.488910	0.010194
-0.484983	0.010178
-0.481056	0.010162
-0.477129	0.010146
-0.473202	0.010130
-0.469275	0.010115
-0.465348	0.010099
-0.461421	0.010084
-0.457494	0.010069
-0.453567	0.010054
-0.449640	0.010040
-0.445713	0.010025
-0.441786	0.010011
-0.437859	0.009997
-0.433932	0.009983
-0.430005	0.009969
-0.426079	0.009955
-0.422152	0.009941
-0.418225	0.009928
-0.414298	0.009915
-0.410371	0.009901
-0.406444	0.009888
-0.402517	0.009876
-0.398590	0.009863
-0.394663	0.009850
-0.390736	0.009838
-0.386809	0.009826
-0.382882	0.009814
-0.378955	0.009802
-0.375028	0.009790
-0.371101	0.009778
-0.367174	0.009766
-0.363247	0.009755
-0.359320	0.009744
-0.355393	0.009733
-0.351466	0.009722
-0.347539	0.009711
-0.343612	0.009700
-0.339685	0.009690
-0.335758	0.009679
-0.331831	0.009669
-0.327904	0.009659
-0.323977	0.009649
-0.320050	0.009639
-0.316123	0.009629
-0.312196	0.009619
-0.308269	0.009610
-0.304342	0.009600
-0.300415	0.009591
-0.296488	0.009582
-0.292561	0.009573
-0.288634	0.009564
-0.284707	0.009556
-0.280780	0.009547
-0.276853	0.009538
-0.272926	0.009530
-0.268999	0.009522
-0.265072	0.009514
-0.261145	0.009506
-0.257218	0.009498
-0.253291	0.009490
-0.249364	0.009483
-0.245437	0.009475
-0.241510	0.009468
-0.237583	0.009461
-0.233656	0.009454
-0.229729	0.009447
-0.225802	0.009440
-0.221875	0.009434
-0.217948	0.009427
-0.214021	0.009421
-0.210094	0.009414
-0.206167	0.009408
-0.202240	0.009402
-0.198313	0.009396
-0.194386	0.009390
-0.190459	0.009384
-0.186532	0.009379
-0.182605	0.009373
-0.178678	0.009368
-0.174751	0.009363
-0.170824	0.009358
-0.166897	0.009353
-0.162970	0.009348
-0.159043	0.009343
-0.155116	0.009338
-0.151189	0.009334
-0.147262	0.009330
-0.143335	0.009325
-0.139408	0.009321
-0.135481	0.009317
-0.131554	0.009313
-0.127627	0.009309
-0.123700	0.009306
-0.119773	0.009302
-0.115846	0.009299
-0.111919	0.009295
-0.107992	0.009292
-0.104065	0.009289
-0.100138	0.009286
-0.096211	0.009283
-0.092284	0.009280
-0.088357	0.009278
-0.084430	0.009275
-0.080503	0.009273
-0.076576	0.009271
-0.072649	0.009268
-0.068722	0.009266
-0.064795	0.009264
-0.060868	0.009263
-0.056941	0.009261
-0.053014	0.009259
-0.049087	0.009258
-0.045160	0.009256
-0.041233	0.009255
-0.037306	0.009254
-0.033379	0.009253
-0.029452	0.009252
-0.025525	0.009251
-0.021598	0.009251
-0.017671	0.009250
-0.013744	0.009250
-0.009817	0.009249
-0.005890	0.009249
-0.001963	0.009249
0.001963	0.009249
0.005890	0.009249
0.009817	0.009249
0.013744	0.009250
0.017671	0.009250
0.021598	0.009251
0.025525	0.009251
0.029452	0.009252
0.033379	0.009253
0.037306	0.009254
0.041233	0.009255
0.045160	0.009256
0.049087	0.009258
0.053014	0.009259
0.056941	0.009261
0.060868	0.009263
0.064795	0.009264
0.068722	0.009266
0.072649	0.009268
0.076576	0.009271
0.080503	0.009273
0.084430	0.009275
0.088357	0.009278
0.092284	0.009280
0.096211	0.009283
0.100138	0.009286
0.104065	0.009289
0.107992	0.009292
0.111919	0.009295
0.115846	0.009299
0.119773	0.009302
0.123700	0.009306
0.127627	0.009309
0.131554	0.009313
0.135481	0.009317
0.139408	0.009321
0.143335	0.009325
0.147262	0.009330
0.151189	0.009334
0.155116	0.009339
0.159043	0.009343
0.162970	0.009348
0.166897	0.009353
0.170824	0.009358
0.174751	0.009363
0.178678	0.009368
0.182605	0.009373
0.186532	0.009379
0.190459	0.009384
0.194386	0.009390
0.198313	0.009396
0.202240	0.009402
0.206167	0.009408
0.210094	0.009414
0.214021	0.009421
0.217948	0.009427
0.221875	0.009434
0.225802	0.009440
0.229729	0.009447
0.233656	0.009454
0.237583	0.009461
0.241510	0.009468
0.245437	0.009476
0.249364	0.009483
0.253291	0.009491
0.257218	0.009498
0.261145	0.009506
0.265072	0.009514
0.268999	0.009522
0.272926	0.009530
0.276853	0.009539
0.280780	0.009547
0.284707	0.009556
0.288634	0.009564
0.292561	0.009573
0.296488	0.009582
0.300415	0.009591
0.304342	0.009600
0.308269	0.009610
0.312196	0.009619
0.316123	0.009629
0.320050	0.009639
0.323977	0.009649
0.327904	0.009659
0.331831	0.009669
0.335758	0.009679
0.339685	0.009690
0.343612	0.009700
0.347539	0.009711
0.351466	0.009722
0.355393	0.009733
0.359320	0.009744
0.363247	0.009755
0.367174	0.009767
0.371101	0.009778
0.375028	0.009790
0.378955	0.009802
0.382882	0.009814
0.386809	0.009826
0.390736	0.009838
0.394663	0.009850
0.398590	0.009863
0.402517	0.009876
0.406444	0.009889
0.410371	0.009902
0.414298	0.009915
0.418225	0.009928
0.422152	0.009942
0.426079	0.009955
0.430005	0.009969
0.433932	0.009983
0.437859	0.009997
0.441786	0.010011
0.445713	0.010025
0.449640	0.010040
0.453567	0.010055
0.457494	0.010069
0.461421	0.010084
0.465348	0.010100
0.469275	0.010115
0.473202	0.010130
0.477129	0.010146
0.481056	0.010162
0.484983	0.010178
0.488910	0.010194
0.492837	0.010210
0.496764	0.010227
0.500691	0.010243
0.504618	0.010260
0.508545	0.010277
0.512472	0.010294
0.516399	0.010311
0.520326	0.010329
0.524253	0.010347
0.528180	0.010364
0.532107	0.010382
0.536034	0.010401
0.539961	0.010419
0.543888	0.010437
0.547815	0.010456
0.551742	0.010475
0.555669	0.010494
0.559596	0.010513
0.563523	0.010533
0.567450	0.010552
0.571377	0.010572
0.575304	0.010592
0.579231	0.010612
0.583158	0.010633
0.587085	0.010653
0.591012	0.010674
0.594939	0.010695
0.598866	0.010716
0.602793	0.010738
0.606720	0.010759
0.610647	0.010781
0.614574	0.010803
0.618501	0.010825
0.622428	0.010847
0.626355	0.010870
0.630282	0.010893
0.634209	0.010916
0.638136	0.010939
0.642063	0.010962
0.645990	0.010986
0.649917	0.011010
0.653844	0.011034
0.657771	0.011058
0.661698	0.011082
0.665625	0.011107
0.669552	0.011132
0.673479	0.011157
0.677406	0.011183
0.681333	0.011208
0.685260	0.011234
0.689187	0.011260
0.693114	0.011286
0.697041	0.011313
0.700968	0.011340
0.704895	0.011367
0.708822	0.011394
0.712749	0.011421
0.716676	0.011449
0.720603	0.011477
0.724530	0.011505
0.728457	0.011534
0.732384	0.011563
0.736311	0.011592
0.740238	0.011621
0.744165	0.011650
0.748092	0.011680
0.752019	0.011710
0.755946	0.011740
0.759873	0.011771
0.763800	0.011802
0.767727	0.011833
0.771654	0.011864
0.775581	0.011896
0.779508	0.011928
0.783435	0.011960
0.787362	0.011993
0.791289	0.012026
0.795216	0.012059
0.799143	0.012092
0.803070	0.012126
0.806997	0.012160
0.810924	0.012194
0.814851	0.012229
0.818778	0.012263
0.822705	0.012299
0.826632	0.012334
0.830559	0.012370
0.834486	0.012406
0.838413	0.012442
0.842340	0.012479
0.846267	0.012516
0.850194	0.012554
0.854121	0.012592
0.858047	0.012630
0.861974	0.012668
0.865901	0.012707
0.869828	0.012746
0.873755	0.012786
0.877682	0.012825
0.881609	0.012866
0.885536	0.012906
0.889463	0.012947
0.893390	0.012988
0.897317	0.013030
0.901244	0.013072
0.905171	0.013114
0.909098	0.013157
0.913025	0.013200
0.916952	0.013244
0.920879	0.013288
0.924806	0.013332
0.928733	0.013377
0.932660	0.013422
0.936587	0.013468
0.940514	0.013514
0.944441	0.013560
0.948368	0.013607
0.952295	0.013654
0.956222	0.013702
0.960149	0.013750
0.964076	0.013798
0.968003	0.013847
0.971930	0.013897
0.975857	0.013947
0.979784	0.013997
0.983711	0.014048
0.987638	0.014099
0.991565	0.014151
0.995492	0.014203
0.999419	0.014256
1.003346	0.014309
1.007273	0.014363
1.011200	0.014417
1.015127	0.014472
1.019054	0.014527
1.022981	0.014583
1.026908	0.014639
1.030835	0.014696
1.034762	0.014753
1.038689	0.014811
1.042616	0.014870
1.046543	0.014929
1.050470	0.014988
1.054397	0.015049
1.058324	0.015109
1.062251	0.015171
1.066178	0.015232
1.070105	0.015295
1.074032	0.015358
1.077959	0.015422
1.081886	0.015486
1.085813	0.015551
1.089740	0.015617
1.093667	0.015683
1.097594	0.015750
1.101521	0.015818
1.105448	0.015886
1.109375	0.015955
1.113302	0.016024
1.117229	0.016095
1.121156	0.016166
1.125083	0.016237
1.129010	0.016310
1.132937	0.016383
1.136864	0.016457
1.140791	0.016532
1.144718	0.016607
1.148645	0.016683
1.152572	0.016760
1.156499	0.016838
1.160426	0.016917
1.164353	0.016996
1.168280	0.017076
1.172207	0.017157
1.176134	0.017239
1.180061	0.017322
1.183988	0.017406
1.187915	0.017490
1.191842	0.017576
1.195769	0.017662
1.199696	0.017749
1.203623	0.017837
1.207550	0.017926
1.211477	0.018017
1.215404	0.018108
1.219331	0.018200
1.223258	0.018293
1.227185	0.018387
1.231112	0.018482
1.235039	0.018578
1.238966	0.018675
1.242893	0.018773
1.246820	0.018873
1.250747	0.018973
1.254674	0.019075
1.258601	0.019178
1.262528	0.019281
1.266455	0.019387
1.270382	0.019493
1.274309	0.019600
1.278236	0.019709
1.282163	0.019819
1.286089	0.019930
1.290016	0.020043
1.293943	0.020157
1.297870	0.020272
1.301797	0.020388
1.305724	0.020506
1.309651	0.020626
1.313578	0.020746
1.317505	0.020869
1.321432	0.020992
1.325359	0.021118
1.329286	0.021244
1.333213	0.021372
1.337140	0.021502
1.341067	0.021634
1.344994	0.021767
1.348921	0.021901
1.352848	0.022038
1.356775	0.022176
1.360702	0.022316
1.364629	0.022457
1.368556	0.022601
1.372483	0.022746
1.376410	0.022893
1.380337	0.023042
1.384264	0.023193
1.388191	0.023346
1.392118	0.023501
1.396045	0.023657
1.399972	0.023816
1.403899	0.023978
1.407826	0.024141
1.411753	0.024306
1.415680	0.024474
1.419607	0.024644
1.423534	0.024816
1.427461	0.024991
1.431388	0.025168
1.435315	0.025348
1.439242	0.025530
1.443169	0.025714
1.447096	0.025902
1.451023	0.026092
1.454950	0.026284
1.458877	0.026480
1.462804	0.026678
1.466731	0.026879
1.470658	0.027083
1.474585	0.027290
1.478512	0.027500
1.482439	0.027713
1.486366	0.027930
1.490293	0.028150
1.494220	0.028373
1.498147	0.028599
1.502074	0.028829
1.506001	0.029063
1.509928	0.029300
1.513855	0.029541
1.517782	0.029785
1.521709	0.030034
1.525636	0.030286
1.529563	0.030543
1.533490	0.030804
1.537417	0.031069
1.541344	0.031338
1.545271	0.031612
1.549198	0.031890
1.553125	0.032173
1.557052	0.032461
1.560979	0.032754
1.564906	0.033052
1.568833	0.033354
1.572760	0.033663
1.576687	0.033976
1.580614	0.034295
1.584541	0.034620
1.588468	0.034950
1.592395	0.035287
1.596322	0.035630
1.600249	0.035979
1.604176	0.036334
1.608103	0.036696
1.612030	0.037065
1.615957	0.037441
1.619884	0.037824
1.623811	0.038214
1.627738	0.038612
1.631665	0.039017
1.635592	0.039431
1.639519	0.039853
1.643446	0.040283
1.647373	0.040723
1.651300	0.041171
1.655227	0.041628
1.659154	0.042095
1.663081	0.042571
1.667008	0.043058
1.670935	0.043555
1.674862	0.044063
1.678789	0.044582
1.682716	0.045112
1.686643	0.045654
1.690570	0.046208
1.694497	0.046775
1.698424	0.047354
1.702351	0.047947
1.706278	0.048554
1.710205	0.049175
1.714131	0.049811
1.718058	0.050462
1.721985	0.051129
1.725912	0.051812
1.729839	0.052512
1.733766	0.053230
1.737693	0.053966
1.741620	0.054721
1.745547	0.055495
1.749474	0.056290
1.753401	0.057105
1.757328	0.057942
1.761255	0.058803
1.765182	0.059686
1.769109	0.060594
1.773036	0.061528
1.776963	0.062488
1.780890	0.063476
1.784817	0.064492
1.788744	0.065539
1.792671	0.066617
1.796598	0.067727
1.800525	0.068871
1.804452	0.070051
1.808379	0.071268
1.812306	0.072524
1.816233	0.073821
1.820160	0.075159
1.824087	0.076543
1.828014	0.077973
1.831941	0.079452
1.835868	0.080982
1.839795	0.082566
1.843722	0.084206
1.847649	0.085906
1.851576	0.087669
1.855503	0.089497
1.859430	0.091395
1.863357	0.093366
1.867284	0.095414
1.871211	0.097544
1.875138	0.099760
1.879065	0.102067
1.882992	0.104471
1.886919	0.106978
1.890846	0.109593
1.894773	0.112323
1.898700	0.115176
1.902627	0.118160
1.906554	0.121282
1.910481	0.124553
1.914408	0.127981
1.918335	0.131579
1.922262	0.135357
1.926189	0.139330
1.930116	0.143509
1.934043	0.147912
1.937970	0.152554
1.941897	0.157455
1.945824	0.162633
1.949751	0.168112
1.953678	0.173916
1.957605	0.180070
1.961532	0.186605
1.965459	0.193554
1.969386	0.200952
1.973313	0.208839
1.977240	0.217260
1.981167	0.226264
1.985094	0.235905
1.989021	0.246244
1.992948	0.257348
1.996875	0.269294
2.000802	0.282164
2.004729	0.296051
2.008656	0.311060
2.012583	0.327304
2.016510	0.344912
2.020437	0.364023
2.024364	0.384789
2.028291	0.407379
2.032218	0.431970
2.036145	0.458752
2.040072	0.487920
2.043999	0.519670
2.047926	0.554188
2.051853	0.591639
2.055780	0.632142
2.059707	0.675751
2.063634	0.722420
2.067561	0.771968
2.071488	0.824041
2.075415	0.878078
2.079342	0.933290
2.083269	0.988669
2.087196	1.043017
2.091123	1.095033
2.095050	1.143414
2.098977	1.186986
2.102904	1.224820
2.106831	1.256316
2.110758	1.281234
2.114685	1.299675
2.118612	1.312021
2.122539	1.318854
2.126466	1.320868
2.130393	1.318800
2.134320	1.313368
2.138246	1.305236
2.142173	1.294998
2.146100	1.283162
2.150027	1.270158
2.153954	1.256338
2.157881	1.241991
2.161808	1.227345
2.165735	1.212581
2.169662	1.197842
2.173589	1.183235
2.177516	1.168844
2.181443	1.154730
2.185370	1.140938
2.189297	1.127499
2.193224	1.114434
2.197151	1.101758
2.201078	1.089475
2.205005	1.077590
2.208932	1.066099
2.212859	1.055000
2.216786	1.044284
2.220713	1.033945
2.224640	1.023974
2.228567	1.014360
2.232494	1.005093
2.236421	0.996164
2.240348	0.987562
2.244275	0.979274
2.248202	0.971292
2.252129	0.963602
2.256056	0.956195
2.259983	0.949059
2.263910	0.942180
2.267837	0.935547
2.271764	0.929146
2.275691	0.922961
2.279618	0.916975
2.283545	0.911169
2.287472	0.905520
2.291399	0.900001
2.295326	0.894580
2.299253	0.889220
2.303180	0.883874
2.307107	0.878487
2.311034	0.872992
2.314961	0.867309
2.318888	0.861345
2.322815	0.854990
2.326742	0.848121
2.330669	0.840601
2.334596	0.832289
2.338523	0.823047
2.342450	0.812755
2.346377	0.801332
2.350304	0.788753
2.354231	0.775079
2.358158	0.760463
2.362085	0.745161
2.366012	0.729524
2.369939	0.713969
2.373866	0.698955
2.377793	0.684939
2.381720	0.672350
2.385647	0.661567
2.389574	0.652906
2.393501	0.646621
2.397428	0.642913
2.401355	0.641938
2.405282	0.643822
2.409209	0.648671
2.413136	0.656581
2.417063	0.667640
2.420990	0.681932
2.424917	0.699537
2.428844	0.720516
2.432771	0.744909
2.436698	0.772712
2.440625	0.803855
2.444552	0.838185
2.448479	0.875437
2.452406	0.915212
2.456333	0.956974
2.460260	1.000045
2.464187	1.043632
2.468114	1.086859
2.472041	1.128816
2.475968	1.168600
2.479895	1.205354
2.483822	1.238285
2.487749	1.266683
2.491676	1.289935
2.495603	1.307559
2.499530	1.319251
2.503457	1.324955
2.507384	1.324911
2.511311	1.319687
2.515238	1.310142
2.519165	1.297345
2.523092	1.282444
2.527019	1.266528
2.530946	1.250501
2.534873	1.235010
2.538800	1.220418
2.542727	1.206833
2.546654	1.194174
2.550581	1.182251
2.554508	1.170836
2.558435	1.159732
2.562362	1.148798
2.566288	1.137963
2.570215	1.127222
2.574142	1.116615
2.578069	1.106213
2.581996	1.096095
2.585923	1.086345
2.589850	1.077033
2.593777	1.068221
2.597704	1.059956
2.601631	1.052270
2.605558	1.045186
2.609485	1.038716
2.613412	1.032866
2.617339	1.027635
2.621266	1.023020
2.625193	1.019013
2.629120	1.015608
2.633047	1.012796
2.636974	1.010571
2.640901	1.008926
2.644828	1.007856
2.648755	1.007360
2.652682	1.007437
2.656609	1.008089
2.660536	1.009322
2.664463	1.011142
2.668390	1.013562
2.672317	1.016595
2.676244	1.020261
2.680171	1.024579
2.684098	1.029577
2.688025	1.035283
2.691952	1.041732
2.695879	1.048962
2.699806	1.057015
2.703733	1.065940
2.707660	1.075788
2.711587	1.086615
2.715514	1.098480
2.719441	1.111447
2.723368	1.125580
2.727295	1.140945
2.731222	1.157606
2.735149	1.175625
2.739076	1.195060
2.743003	1.215957
2.746930	1.238354
2.750857	1.262272
2.754784	1.287710
2.758711	1.314632
2.762638	1.342962
2.766565	1.372559
2.770492	1.403203
2.774419	1.434589
2.778346	1.466325
2.782273	1.497968
2.786200	1.529083
2.790127	1.559325
2.794054	1.588517
2.797981	1.616706
2.801908	1.644150
2.805835	1.671244
2.809762	1.698379
2.813689	1.725771
2.817616	1.753299
2.821543	1.780388
2.825470	1.805970
2.829397	1.828534
2.833324	1.846258
2.837251	1.857208
2.841178	1.859562
2.845105	1.851829
2.849032	1.833031
2.852959	1.802816
2.856886	1.761513
2.860813	1.710097
2.864740	1.650094
2.868667	1.583422
2.872594	1.512203
2.876521	1.438566
2.880448	1.364481
2.884375	1.291638
2.888302	1.221385
2.892229	1.154716
2.896156	1.092297
2.900083	1.034518
2.904010	0.981546
2.907937	0.933389
2.911864	0.889939
2.915791	0.851017
2.919718	0.816406
2.923645	0.785872
2.927572	0.759181
2.931499	0.736112
2.935426	0.716463
2.939353	0.700057
2.943280	0.686742
2.947207	0.676395
2.951134	0.668922
2.955061	0.664256
2.958988	0.662359
2.962915	0.663218
2.966842	0.666850
2.970769	0.673292
2.974696	0.682605
2.978623	0.694868
2.982550	0.710174
2.986477	0.728622
2.990404	0.750307
2.994330	0.775310
2.998257	0.803674
3.002184	0.835387
3.006111	0.870356
3.010038	0.908378
3.013965	0.949118
3.017892	0.992091
3.021819	1.036662
3.025746	1.082073
3.029673	1.127483
3.033600	1.172037
3.037527	1.214944
3.041454	1.255536
3.045381	1.293312
3.049308	1.327945
3.053235	1.359263
3.057162	1.387224
3.061089	1.411884
3.065016	1.433368
3.068943	1.451854
3.072870	1.467548
3.076797	1.480666
3.080724	1.491400
3.084651	1.499896
3.088578	1.506230
3.092505	1.510382
3.096432	1.512225
3.100359	1.511518
3.104286	1.507908
3.108213	1.500940
3.112140	1.490092
3.116067	1.474812
3.119994	1.454579
3.123921	1.428983
3.127848	1.397798
3.131775	1.361052
3.135702	1.319073
3.139629	1.272495
3.143556	1.222217
3.147483	1.169326
3.151410	1.115003
3.155337	1.060419
3.159264	1.006648
3.163191	0.954611
3.167118	0.905040
3.171045	0.858474
3.174972	0.815271
3.178899	0.775637
3.182826	0.739653
3.186753	0.707306
3.190680	0.678520
3.194607	0.653173
3.198534	0.631121
3.202461	0.612202
3.206388	0.596249
3.210315	0.583088
3.214242	0.572537
3.218169	0.564402
3.222096	0.558470
3.226023	0.554512
3.229950	0.552293
3.233877	0.551597
3.237804	0.552250
3.241731	0.554117
3.245658	0.557099
3.249585	0.561114
3.253512	0.566108
3.257439	0.572062
3.261366	0.578962
3.265293	0.586714
3.269220	0.595065
3.273147	0.603620
3.277074	0.611970
3.281001	0.619864
3.284928	0.627324
3.288855	0.634627
3.292782	0.642163
3.296709	0.650225
3.300636	0.658811
3.304563	0.667520
3.308490	0.675573
3.312417	0.681953
3.316344	0.685643
3.320271	0.685864
3.324198	0.682252
3.328125	0.674914
3.332052	0.664368
3.335979	0.651386
3.339906	0.636829
3.343833	0.621496
3.347760	0.606041
3.351687	0.590928
3.355614	0.576437
3.359541	0.562680
3.363468	0.549636
3.367395	0.537190
3.371322	0.525173
3.375249	0.513423
3.379176	0.501831
3.383103	0.490388
3.387030	0.479203
3.390957	0.468497
3.394884	0.458573
3.398811	0.449758
3.402738	0.442355
3.406665	0.436593
3.410592	0.432610
3.414519	0.430456
3.418446	0.430141
3.422372	0.431687
3.426299	0.435188
3.430226	0.440849
3.434153	0.448988
3.438080	0.460001
3.442007	0.474283
3.445934	0.492129
3.449861	0.513616
3.453788	0.538517
3.457715	0.566263
3.461642	0.595990
3.465569	0.626644
3.469496	0.657123
3.473423	0.686398
3.477350	0.713569
3.481277	0.737874
3.485204	0.758674
3.489131	0.775450
3.493058	0.787834
3.496985	0.795671
3.500912	0.799077
3.504839	0.798452
3.508766	0.794438
3.512693	0.787821
3.516620	0.779413
3.520547	0.769943
3.524474	0.759989
3.528401	0.749953
3.532328	0.740073
3.536255	0.730452
3.540182	0.721099
3.544109	0.711952
3.548036	0.702899
3.551963	0.693800
3.555890	0.684504
3.559817	0.674882
3.563744	0.664855
3.567671	0.654425
3.571598	0.643694
3.575525	0.632862
3.579452	0.622217
3.583379	0.612106
3.587306	0.602908
3.591233	0.595006
3.595160	0.588762
3.599087	0.584497
3.603014	0.582488
3.606941	0.582963
3.610868	0.586099
3.614795	0.592028
3.618722	0.600836
3.622649	0.612562
3.626576	0.627191
3.630503	0.644641
3.634430	0.664757
3.638357	0.687292
3.642284	0.711903
3.646211	0.738151
3.650138	0.765506
3.654065	0.793372
3.657992	0.821116
3.661919	0.848104
3.665846	0.873747
3.669773	0.897544
3.673700	0.919104
3.677627	0.938165
3.681554	0.954573
3.685481	0.968256
3.689408	0.979178
3.693335	0.987304
3.697262	0.992569
3.701189	0.994871
3.705116	0.994069
3.709043	0.989986
3.712970	0.982425
3.716897	0.971188
3.720824	0.956110
3.724751	0.937107
3.728678	0.914231
3.732605	0.887708
3.736532	0.857962
3.740459	0.825595
3.744386	0.791349
3.748313	0.756036
3.752240	0.720465
3.756167	0.685375
3.760094	0.651390
3.764021	0.618997
3.767948	0.588542
3.771875	0.560244
3.775802	0.534219
3.779729	0.510503
3.783656	0.489074
3.787583	0.469870
3.791510	0.452804
3.795437	0.437770
3.799364	0.424648
3.803291	0.413309
3.807218	0.403612
3.811145	0.395409
3.815072	0.388543
3.818999	0.382853
3.822926	0.378179
3.826853	0.374368
3.830780	0.371280
3.834707	0.368801
3.838634	0.366847
3.842561	0.365366
3.846488	0.364342
3.850414	0.363784
3.854341	0.363726
3.858268	0.364216
3.862195	0.365312
3.866122	0.367082
3.870049	0.369602
3.873976	0.372964
3.877903	0.377275
3.881830	0.382660
3.885757	0.389255
3.889684	0.397206
3.893611	0.406658
3.897538	0.417751
3.901465	0.430611
3.905392	0.445344
3.909319	0.462025
3.913246	0.480693
3.917173	0.501335
3.921100	0.523874
3.925027	0.548154
3.928954	0.573925
3.932881	0.600830
3.936808	0.628392
3.940735	0.656020
3.944662	0.683024
3.948589	0.708643
3.952516	0.732105
3.956443	0.752697
3.960370	0.769841
3.964297	0.783164
3.968224	0.792525
3.972151	0.797990
3.976078	0.799754
3.980005	0.798040
3.983932	0.793008
3.987859	0.784730
3.991786	0.773221
3.995713	0.758515
3.999640	0.740755
4.003567	0.720237
4.007494	0.697424
4.011421	0.672898
4.015348	0.647292
4.019275	0.621221
4.023202	0.595227
4.027129	0.569745
4.031056	0.545106
4.034983	0.521541
4.038910	0.499206
4.042837	0.478203
4.046764	0.458595
4.050691	0.440423
4.054618	0.423717
4.058545	0.408495
4.062472	0.394769
4.066399	0.382547
4.070326	0.371827
4.074253	0.362604
4.078180	0.354866
4.082107	0.348597
4.086034	0.343781
4.089961	0.340404
4.093888	0.338453
4.097815	0.337919
4.101742	0.338799
4.105669	0.341093
4.109596	0.344803
4.113523	0.349932
4.117450	0.356476
4.121377	0.364426
4.125304	0.373755
4.129231	0.384416
4.133158	0.396329
4.137085	0.409375
4.141012	0.423390
4.144939	0.438156
4.148866	0.453406
4.152793	0.468821
4.156720	0.484049
4.160647	0.498711
4.164574	0.512425
4.168501	0.524819
4.172428	0.535556
4.176355	0.544352
4.180282	0.550992
4.184209	0.555350
4.188136	0.557396
4.192063	0.557205
4.195990	0.554959
4.199917	0.550938
4.203844	0.545512
4.207771	0.539122
4.211698	0.532245
4.215625	0.525369
4.219552	0.518952
4.223479	0.513395
4.227406	0.509026
4.231333	0.506085
4.235260	0.504734
4.239187	0.505062
4.243114	0.507098
4.247041	0.510826
4.250968	0.516181
4.254895	0.523054
4.258822	0.531279
4.262749	0.540631
4.266676	0.550820
4.270603	0.561503
4.274530	0.572305
4.278456	0.582850
4.282383	0.592799
4.286310	0.601876
4.290237	0.609895
4.294164	0.616762
4.298091	0.622466
4.302018	0.627059
4.305945	0.630640
4.309872	0.633323
4.313799	0.635227
4.317726	0.636456
4.321653	0.637096
4.325580	0.637208
4.329507	0.636835
4.333434	0.636003
4.337361	0.634730
4.341288	0.633035
4.345215	0.630942
4.349142	0.628488
4.353069	0.625723
4.356996	0.622716
4.360923	0.619564
4.364850	0.616394
4.368777	0.613373
4.372704	0.610715
4.376631	0.608667
4.380558	0.607493
4.384485	0.607439
4.388412	0.608692
4.392339	0.611341
4.396266	0.615353
4.400193	0.620563
4.404120	0.626690
4.408047	0.633379
4.411974	0.640259
4.415901	0.647002
4.419828	0.653371
4.423755	0.659235
4.427682	0.664568
4.431609	0.669418
4.435536	0.673884
4.439463	0.678079
4.443390	0.682114
4.447317	0.686082
4.451244	0.690048
4.455171	0.694047
4.459098	0.698081
4.463025	0.702118
4.466952	0.706093
4.470879	0.709903
4.474806	0.713405
4.478733	0.716411
4.482660	0.718682
4.486587	0.719929
4.490514	0.719813
4.494441	0.717957
4.498368	0.713966
4.502295	0.707465
4.506222	0.698136
4.510149	0.685774
4.514076	0.670323
4.518003	0.651915
4.521930	0.630866
4.525857	0.607660
4.529784	0.582897
4.533711	0.557234
4.537638	0.531321
4.541565	0.505747
4.545492	0.481007
4.549419	0.457482
4.553346	0.435448
4.557273	0.415078
4.561200	0.396468
4.565127	0.379652
4.569054	0.364618
4.572981	0.351329
4.576908	0.339730
4.580835	0.329761
4.584762	0.321359
4.588689	0.314468
4.592616	0.309039
4.596543	0.305031
4.600470	0.302412
4.604397	0.301160
4.608324	0.301260
4.612251	0.302703
4.616178	0.305481
4.620105	0.309584
4.624032	0.314992
4.627959	0.321668
4.631886	0.329551
4.635813	0.338540
4.639740	0.348487
4.643667	0.359188
4.647594	0.370377
4.651521	0.381721
4.655448	0.392829
4.659375	0.403263
4.663302	0.412556
4.667229	0.420238
4.671156	0.425866
4.675083	0.429058
4.679010	0.429528
4.682937	0.427122
4.686864	0.421838
4.690791	0.413838
4.694718	0.403440
4.698645	0.391079
4.702572	0.377267
4.706498	0.362536
4.710425	0.347390
4.714352	0.332272
4.718279	0.317545
4.722206	0.303479
4.726133	0.290266
4.730060	0.278025
4.733987	0.266817
4.737914	0.256663
4.741841	0.247553
4.745768	0.239458
4.749695	0.232339
4.753622	0.226150
4.757549	0.220845
4.761476	0.216381
4.765403	0.212719
4.769330	0.209823
4.773257	0.207666
4.777184	0.206225
4.781111	0.205484
4.785038	0.205436
4.788965	0.206078
4.792892	0.207414
4.796819	0.209455
4.800746	0.212217
4.804673	0.215723
4.808600	0.219999
4.812527	0.225076
4.816454	0.230984
4.820381	0.237755
4.824308	0.245416
4.828235	0.253984
4.832162	0.263462
4.836089	0.273833
4.840016	0.285048
4.843943	0.297024
4.847870	0.309633
4.851797	0.322695
4.855724	0.335981
4.859651	0.349216
4.863578	0.362090
4.867505	0.374277
4.871432	0.385471
4.875359	0.395418
4.879286	0.403961
4.883213	0.411065
4.887140	0.416831
4.891067	0.421484
4.894994	0.425337
4.898921	0.428742
4.902848	0.432046
4.906775	0.435550
4.910702	0.439495
4.914629	0.444042
4.918556	0.449286
4.922483	0.455268
4.926410	0.462010
4.930337	0.469539
4.934264	0.477923
4.938191	0.487265
4.942118	0.497672
4.946045	0.509193
4.949972	0.521730
4.953899	0.534956
4.957826	0.548238
4.961753	0.560583
4.965680	0.570640
4.969607	0.576864
4.973534	0.577895
4.977461	0.573096
4.981388	0.563042
4.985315	0.549804
4.989242	0.536913
4.993169	0.528913
4.997096	0.530494
5.001023	0.545477
5.004950	0.575432
5.008877	0.616477
5.012804	0.655884
5.016731	0.680653
5.020658	0.690272
5.024585	0.690584
5.028512	0.685639
5.032439	0.677071
5.036366	0.665421
5.040293	0.651138
5.044220	0.635084
5.048147	0.618569
5.052074	0.603030
5.056001	0.589552
5.059928	0.578534
5.063855	0.569663
5.067782	0.562117
5.071709	0.554843
5.075636	0.546770
5.079563	0.536941
5.083490	0.524594
5.087417	0.509233
5.091344	0.490718
5.095271	0.469363
5.099198	0.445988
5.103125	0.421862
5.107052	0.398459
5.110979	0.377076
5.114906	0.358493
5.118833	0.342831
5.122760	0.329667
5.126687	0.318295
5.130614	0.307992
5.134540	0.298195
5.138467	0.288573
5.142394	0.279015
5.146321	0.269569
5.150248	0.260376
5.154175	0.251601
5.158102	0.243393
5.162029	0.235863
5.165956	0.229077
5.169883	0.223065
5.173810	0.217829
5.177737	0.213351
5.181664	0.209607
5.185591	0.206572
5.189518	0.204222
5.193445	0.202543
5.197372	0.201525
5.201299	0.201171
5.205226	0.201487
5.209153	0.202490
5.213080	0.204199
5.217007	0.206639
5.220934	0.209837
5.224861	0.213824
5.228788	0.218631
5.232715	0.224293
5.236642	0.230841
5.240569	0.238304
5.244496	0.246702
5.248423	0.256037
5.252350	0.266290
5.256277	0.277408
5.260204	0.289297
5.264131	0.301810
5.268058	0.314741
5.271985	0.327819
5.275912	0.340710
5.279839	0.353021
5.283766	0.364324
5.287693	0.374194
5.291620	0.382256
5.295547	0.388251
5.299474	0.392084
5.303401	0.393849
5.307328	0.393802
5.311255	0.392307
5.315182	0.389754
5.319109	0.386493
5.323036	0.382808
5.326963	0.378912
5.330890	0.374979
5.334817	0.371174
5.338744	0.367677
5.342671	0.364692
5.346598	0.362436
5.350525	0.361130
5.354452	0.360975
5.358379	0.362140
5.362306	0.364752
5.366233	0.368883
5.370160	0.374559
5.374087	0.381761
5.378014	0.390435
5.381941	0.400496
5.385868	0.411811
5.389795	0.424167
5.393722	0.437217
5.397649	0.450428
5.401576	0.463086
5.405503	0.474386
5.409430	0.483597
5.413357	0.490226
5.417284	0.494105
5.421211	0.495383
5.425138	0.494446
5.429065	0.491815
5.432992	0.488063
5.436919	0.483762
5.440846	0.479442
5.444773	0.475585
5.448700	0.472624
5.452627	0.470944
5.456554	0.470883
5.460481	0.472713
5.464408	0.476624
5.468335	0.482708
5.472262	0.490941
5.476189	0.501189
5.480116	0.513206
5.484043	0.526633
5.487970	0.540998
5.491897	0.555710
5.495824	0.570084
5.499751	0.583364
5.503678	0.594783
5.507605	0.603622
5.511532	0.609276
5.515459	0.611322
5.519386	0.609564
5.523313	0.604065
5.527240	0.595137
5.531167	0.583302
5.535094	0.569216
5.539021	0.553577
5.542948	0.537035
5.546875	0.520126
5.550802	0.503238
5.554729	0.486615
5.558656	0.470384
5.562582	0.454601
5.566509	0.439292
5.570436	0.424499
5.574363	0.410302
5.578290	0.396824
5.582217	0.384218
5.586144	0.372650
5.590071	0.362266
5.593998	0.353171
5.597925	0.345410
5.601852	0.338959
5.605779	0.333727
5.609706	0.329558
5.613633	0.326240
5.617560	0.323527
5.621487	0.321150
5.625414	0.318845
5.629341	0.316376
5.633268	0.313556
5.637195	0.310269
5.641122	0.306478
5.645049	0.302222
5.648976	0.297613
5.652903	0.292806
5.656830	0.287986
5.660757	0.283338
5.664684	0.279036
5.668611	0.275228
5.672538	0.272028
5.676465	0.269524
5.680392	0.267770
5.684319	0.266799
5.688246	0.266626
5.692173	0.267256
5.696100	0.268693
5.700027	0.270949
5.703954	0.274049
5.707881	0.278034
5.711808	0.282953
5.715735	0.288853
5.719662	0.295765
5.723589	0.303678
5.727516	0.312525
5.731443	0.322171
5.735370	0.332413
5.739297	0.342993
5.743224	0.353620
5.747151	0.363996
5.751078	0.373850
5.755005	0.382955
5.758932	0.391133
5.762859	0.398257
5.766786	0.404246
5.770713	0.409067
5.774640	0.412763
5.778567	0.415468
5.782494	0.417427
5.786421	0.418977
5.790348	0.420515
5.794275	0.422455
5.798202	0.425176
5.802129	0.428994
5.806056	0.434136
5.809983	0.440732
5.813910	0.448812
5.817837	0.458321
5.821764	0.469127
5.825691	0.481046
5.829618	0.493856
5.833545	0.507311
5.837472	0.521145
5.841399	0.535062
5.845326	0.548722
5.849253	0.561734
5.853180	0.573665
5.857107	0.584086
5.861034	0.592651
5.864961	0.599184
5.868888	0.603746
5.872815	0.606644
5.876742	0.608364
5.880669	0.609444
5.884596	0.610304
5.888523	0.611113
5.892450	0.611721
5.896377	0.611702
5.900304	0.610487
5.904231	0.607531
5.908158	0.602444
5.912085	0.595061
5.916012	0.585441
5.919939	0.573842
5.923866	0.560667
5.927793	0.546413
5.931720	0.531621
5.935647	0.516819
5.939574	0.502486
5.943501	0.489012
5.947428	0.476688
5.951355	0.465692
5.955282	0.456103
5.959209	0.447907
5.963136	0.441022
5.967063	0.435321
5.970990	0.430653
5.974917	0.426875
5.978844	0.423871
5.982771	0.421580
5.986698	0.420006
5.990624	0.419220
5.994551	0.419358
5.998478	0.420600
6.002405	0.423157
6.006332	0.427247
6.010259	0.433084
6.014186	0.440867
6.018113	0.450771
6.022040	0.462944
6.025967	0.477505
6.029894	0.494535
6.033821	0.514068
6.037748	0.536075
6.041675	0.560449
6.045602	0.586982
6.049529	0.615346
6.053456	0.645084
6.057383	0.675606
6.061310	0.706205
6.065237	0.736074
6.069164	0.764340
6.073091	0.790090
6.077018	0.812418
6.080945	0.830482
6.084872	0.843572
6.088799	0.851193
6.092726	0.853130
6.096653	0.849488
6.100580	0.840685
6.104507	0.827425
6.108434	0.810631
6.112361	0.791340
6.116288	0.770576
6.120215	0.749216
6.124142	0.727882
6.128069	0.706890
6.131996	0.686266
6.135923	0.665825
6.139850	0.645293
6.143777	0.624430
6.147704	0.603136
6.151631	0.581499
6.155558	0.559793
6.159485	0.538423
6.163412	0.517858
6.167339	0.498542
6.171266	0.480837
6.175193	0.464974
6.179120	0.451035
6.183047	0.438955
6.186974	0.428535
6.190901	0.419471
6.194828	0.411382
6.198755	0.403850
6.202682	0.396461
6.206609	0.388844
6.210536	0.380705
6.214463	0.371849
6.218390	0.362185
6.222317	0.351714
6.226244	0.340512
6.230171	0.328709
6.234098	0.316465
6.238025	0.303957
6.241952	0.291366
6.245879	0.278871
6.249806	0.266634
6.253733	0.254802
6.257660	0.243495
6.261587	0.232803
6.265514	0.222790
6.269441	0.213495
6.273368	0.204932
6.277295	0.197100
6.281222	0.189984
6.285149	0.183561
6.289076	0.177801
6.293003	0.172672
6.296930	0.168139
6.300857	0.164168
6.304784	0.160726
6.308711	0.157783
6.312638	0.155310
6.316565	0.153286
6.320492	0.151693
6.324419	0.150521
6.328346	0.149767
6.332273	0.149436
6.336200	0.149539
6.340127	0.150092
6.344054	0.151120
6.347981	0.152649
6.351908	0.154712
6.355835	0.157343
6.359762	0.160584
6.363689	0.164478
6.367616	0.169073
6.371543	0.174421
6.375470	0.180578
6.379397	0.187598
6.383324	0.195539
6.387251	0.204448
6.391178	0.214365
6.395105	0.225311
6.399032	0.237275
6.402959	0.250206
6.406886	0.263993
6.410813	0.278450
6.414739	0.293297
6.418666	0.308153
6.422593	0.322535
6.426520	0.335869
6.430447	0.347526
6.434374	0.356878
6.438301	0.363362
6.442228	0.366549
6.446155	0.366204
6.450082	0.362315
6.454009	0.355092
6.457936	0.344935
6.461863	0.332380
6.465790	0.318032
6.469717	0.302506
6.473644	0.286370
6.477571	0.270115
6.481498	0.254135
6.485425	0.238725
6.489352	0.224088
6.493279	0.210350
6.497206	0.197576
6.501133	0.185781
6.505060	0.174951
6.508987	0.165049
6.512914	0.156023
6.516841	0.147816
6.520768	0.140369
6.524695	0.133620
6.528622	0.127512
6.532549	0.121991
6.536476	0.117006
6.540403	0.112510
6.544330	0.108460
6.548257	0.104816
6.552184	0.101540
6.556111	0.098600
6.560038	0.095962
6.563965	0.093601
6.567892	0.091490
6.571819	0.089611
6.575746	0.087949
6.579673	0.086493
6.583600	0.085239
6.587527	0.084186
6.591454	0.083337
6.595381	0.082699
6.599308	0.082277
6.603235	0.082083
6.607162	0.082125
6.611089	0.082416
6.615016	0.082969
6.618943	0.083798
6.622870	0.084920
6.626797	0.086352
6.630724	0.088116
6.634651	0.090231
6.638578	0.092723
6.642505	0.095615
6.646432	0.098930
6.650359	0.102688
6.654286	0.106904
6.658213	0.111585
6.662140	0.116721
6.666067	0.122284
6.669994	0.128218
6.673921	0.134430
6.677848	0.140785
6.681775	0.147101
6.685702	0.153146
6.689629	0.158653
6.693556	0.163331
6.697483	0.166891
6.701410	0.169087
6.705337	0.169742
6.709264	0.168776
6.713191	0.166220
6.717118	0.162211
6.721045	0.156968
6.724972	0.150763
6.728899	0.143885
6.732826	0.136611
6.736753	0.129186
6.740680	0.121811
6.744607	0.114639
6.748534	0.107778
6.752461	0.101296
6.756388	0.095233
6.760315	0.089601
6.764242	0.084398
6.768169	0.079609
6.772096	0.075213
6.776023	0.071184
6.779950	0.067494
6.783877	0.064115
6.787804	0.061020
6.791731	0.058183
6.795658	0.055580
6.799585	0.053189
6.803512	0.050988
6.807439	0.048959
6.811366	0.047083
6.815293	0.045346
6.819220	0.043733
6.823147	0.042229
6.827074	0.040825
6.831001	0.039510
6.834928	0.038275
6.838855	0.037113
6.842781	0.036018
6.846708	0.034984
6.850635	0.034007
6.854562	0.033082
6.858489	0.032207
6.862416	0.031377
6.866343	0.030590
6.870270	0.029844
6.874197	0.029134
6.878124	0.028461
6.882051	0.027820
6.885978	0.027211
6.889905	0.026631
6.893832	0.026079
6.897759	0.025552
6.901686	0.025050
6.905613	0.024570
6.909540	0.024111
6.913467	0.023672
6.917394	0.023252
6.921321	0.022850
6.925248	0.022463
6.929175	0.022093
6.933102	0.021736
6.937029	0.021394
6.940956	0.021065
6.944883	0.020747
6.948810	0.020442
6.952737	0.020147
6.956664	0.019864
6.960591	0.019589
6.964518	0.019325
6.968445	0.019070
6.972372	0.018823
6.976299	0.018584
6.980226	0.018354
6.984153	0.018131
6.988080	0.017916
6.992007	0.017708
6.995934	0.017507
6.999861	0.017312
7.003788	0.017124
7.007715	0.016943
7.011642	0.016768
7.015569	0.016599
7.019496	0.016437
7.023423	0.016280
7.027350	0.016129
7.031277	0.015984
7.035204	0.015844
7.039131	0.015709
7.043058	0.015580
7.046985	0.015455
7.050912	0.015335
7.054839	0.015219
7.058766	0.015106
7.062693	0.014996
7.066620	0.014889
7.070547	0.014786
7.074474	0.014685
7.078401	0.014587
7.082328	0.014493
7.086255	0.014401
7.090182	0.014313
7.094109	0.014226
7.098036	0.014142
7.101963	0.014058
7.105890	0.013972
7.109817	0.013884
7.113744	0.013792
7.117671	0.013694
7.121598	0.013590
7.125525	0.013479
7.129452	0.013361
7.133379	0.013237
7.137306	0.013109
7.141233	0.012977
7.145160	0.012844
7.149087	0.012710
7.153014	0.012578
7.156941	0.012448
7.160868	0.012320
7.164795	0.012197
7.168722	0.012077
7.172649	0.011961
7.176576	0.011849
7.180503	0.011741
7.184430	0.011637
7.188357	0.011536
7.192284	0.011439
7.196211	0.011346
7.200138	0.011256
7.204065	0.011169
7.207992	0.011084
7.211919	0.011003
7.215846	0.010924
7.219773	0.010848
7.223700	0.010774
7.227627	0.010702
7.231554	0.010633
7.235481	0.010566
7.239408	0.010502
7.243335	0.010439
7.247262	0.010379
7.251189	0.010322
7.255116	0.010266
7.259043	0.010213
7.262970	0.010162
7.266897	0.010114
7.270823	0.010068
7.274750	0.010025
7.278677	0.009984
7.282604	0.009945
7.286531	0.009908
7.290458	0.009872
7.294385	0.009837
7.298312	0.009803
7.302239	0.009768
7.306166	0.009732
7.310093	0.009693
7.314020	0.009651
7.317947	0.009605
7.321874	0.009555
7.325801	0.009500
7.329728	0.009442
7.333655	0.009379
7.337582	0.009315
7.341509	0.009249
7.345436	0.009182
7.349363	0.009115
7.353290	0.009050
7.357217	0.008985
7.361144	0.008922
7.365071	0.008862
7.368998	0.008803
7.372925	0.008746
7.376852	0.008691
7.380779	0.008638
7.384706	0.008587
7.388633	0.008538
7.392560	0.008491
7.396487	0.008444
7.400414	0.008399
7.404341	0.008356
7.408268	0.008313
7.412195	0.008271
7.416122	0.008231
7.420049	0.008191
7.423976	0.008153
7.427903	0.008115
7.431830	0.008078
7.435757	0.008043
7.439684	0.008008
7.443611	0.007975
7.447538	0.007943
7.451465	0.007912
7.455392	0.007883
7.459319	0.007855
7.463246	0.007828
7.467173	0.007804
7.471100	0.007781
7.475027	0.007760
7.478954	0.007742
7.482881	0.007725
7.486808	0.007711
7.490735	0.007700
7.494662	0.007691
7.498589	0.007684
7.502516	0.007679
7.506443	0.007677
7.510370	0.007676
7.514297	0.007676
7.518224	0.007675
7.522151	0.007674
7.526078	0.007670
7.530005	0.007663
7.533932	0.007650
7.537859	0.007631
7.541786	0.007605
7.545713	0.007572
7.549640	0.007532
7.553567	0.007485
7.557494	0.007434
7.561421	0.007379
7.565348	0.007322
7.569275	0.007264
7.573202	0.007205
7.577129	0.007148
7.581056	0.007093
7.584983	0.007039
7.588910	0.006988
7.592837	0.006939
7.596764	0.006892
7.600691	0.006848
7.604618	0.006806
7.608545	0.006767
7.612472	0.006729
7.616399	0.006693
7.620326	0.006659
7.624253	0.006626
7.628180	0.006594
7.632107	0.006563
7.636034	0.006533
7.639961	0.006504
7.643888	0.006476
7.647815	0.006448
7.651742	0.006420
7.655669	0.006393
7.659596	0.006367
7.663523	0.006342
7.667450	0.006317
7.671377	0.006294
7.675304	0.006272
7.679231	0.006251
7.683158	0.006231
7.687085	0.006212
7.691012	0.006195
7.694939	0.006179
7.698865	0.006165
7.702792	0.006152
7.706719	0.006141
7.710646	0.006131
7.714573	0.006124
7.718500	0.006117
7.722427	0.006112
7.726354	0.006109
7.730281	0.006106
7.734208	0.006105
7.738135	0.006104
7.742062	0.006104
7.745989	0.006103
7.749916	0.006100
7.753843	0.006096
7.757770	0.006090
7.761697	0.006079
7.765624	0.006065
7.769551	0.006046
7.773478	0.006022
7.777405	0.005994
7.781332	0.005962
7.785259	0.005927
7.789186	0.005889
7.793113	0.005850
7.797040	0.005811
7.800967	0.005771
7.804894	0.005732
7.808821	0.005694
7.812748	0.005658
7.816675	0.005622
7.820602	0.005589
7.824529	0.005556
7.828456	0.005525
7.832383	0.005495
7.836310	0.005465
7.840237	0.005437
7.844164	0.005410
7.848091	0.005383
7.852018	0.005357
7.855945	0.005332
7.859872	0.005307
7.863799	0.005283
7.867726	0.005260
7.871653	0.005238
7.875580	0.005216
7.879507	0.005195
7.883434	0.005174
7.887361	0.005154
7.891288	0.005135
7.895215	0.005116
7.899142	0.005098
7.903069	0.005081
7.906996	0.005064
7.910923	0.005047
7.914850	0.005031
7.918777	0.005016
7.922704	0.005001
7.926631	0.004986
7.930558	0.004972
7.934485	0.004959
7.938412	0.004946
7.942339	0.004934
7.946266	0.004922
7.950193	0.004911
7.954120	0.004900
7.958047	0.004891
7.961974	0.004882
7.965901	0.004873
7.969828	0.004865
7.973755	0.004858
7.977682	0.004852
7.981609	0.004846
7.985536	0.004840
7.989463	0.004835
7.993390	0.004829
7.997317	0.004823
8.001244	0.004816
8.005171	0.004809
8.009098	0.004800
8.013025	0.004790
8.016952	0.004779
8.020879	0.004766
8.024806	0.004753
8.028733	0.004739
8.032660	0.004725
8.036587	0.004710
8.040514	0.004696
8.044441	0.004682
8.048368	0.004668
8.052295	0.004655
8.056222	0.004643
8.060149	0.004631
8.064076	0.004619
8.068003	0.004608
8.071930	0.004596
8.075857	0.004585
8.079784	0.004574
8.083711	0.004562
8.087638	0.004549
8.091565	0.004536
8.095492	0.004522
8.099419	0.004508
8.103346	0.004493
8.107273	0.004478
8.111200	0.004462
8.115127	0.004447
8.119054	0.004432
8.122981	0.004418
8.126907	0.004404
8.130834	0.004390
8.134761	0.004377
8.138688	0.004365
8.142615	0.004354
8.146542	0.004344
8.150469	0.004335
8.154396	0.004326
8.158323	0.004318
8.162250	0.004310
8.166177	0.004303
8.170104	0.004295
8.174031	0.004287
8.177958	0.004278
8.181885	0.004268
8.185812	0.004257
8.189739	0.004245
8.193666	0.004232
8.197593	0.004217
8.201520	0.004201
8.205447	0.004185
8.209374	0.004169
8.213301	0.004152
8.217228	0.004136
8.221155	0.004120
8.225082	0.004105
8.229009	0.004090
8.232936	0.004076
8.236863	0.004063
8.240790	0.004050
8.244717	0.004038
8.248644	0.004027
8.252571	0.004016
8.256498	0.004006
8.260425	0.003997
8.264352	0.003989
8.268279	0.003982
8.272206	0.003975
8.276133	0.003969
8.280060	0.003963
8.283987	0.003959
8.287914	0.003955
8.291841	0.003953
8.295768	0.003951
8.299695	0.003949
8.303622	0.003949
8.307549	0.003950
8.311476	0.003952
8.315403	0.003954
8.319330	0.003958
8.323257	0.003962
8.327184	0.003967
8.331111	0.003973
8.335038	0.003980
8.338965	0.003987
8.342892	0.003994
8.346819	0.004001
8.350746	0.004007
8.354673	0.004011
8.358600	0.004014
8.362527	0.004014
8.366454	0.004011
8.370381	0.004006
8.374308	0.003997
8.378235	0.003986
8.382162	0.003971
8.386089	0.003954
8.390016	0.003935
8.393943	0.003915
8.397870	0.003892
8.401797	0.003870
8.405724	0.003846
8.409651	0.003822
8.413578	0.003799
8.417505	0.003776
8.421432	0.003753
8.425359	0.003731
8.429286	0.003710
8.433213	0.003689
8.437140	0.003670
8.441067	0.003652
8.444994	0.003634
8.448921	0.003618
8.452848	0.003603
8.456775	0.003588
8.460702	0.003574
8.464629	0.003561
8.468556	0.003549
8.472483	0.003537
8.476410	0.003526
8.480337	0.003516
8.484264	0.003506
8.488191	0.003497
8.492118	0.003488
8.496045	0.003480
8.499972	0.003473
8.503899	0.003465
8.507826	0.003459
8.511753	0.003452
8.515680	0.003447
8.519607	0.003442
8.523534	0.003437
8.527461	0.003433
8.531388	0.003429
8.535315	0.003426
8.539242	0.003424
8.543169	0.003422
8.547096	0.003421
8.551023	0.003421
8.554949	0.003422
8.558876	0.003423
8.562803	0.003426
8.566730	0.003429
8.570657	0.003434
8.574584	0.003439
8.578511	0.003446
8.582438	0.003454
8.586365	0.003463
8.590292	0.003473
8.594219	0.003484
8.598146	0.003496
8.602073	0.003508
8.606000	0.003522
8.609927	0.003536
8.613854	0.003551
8.617781	0.003567
8.621708	0.003583
8.625635	0.003599
8.629562	0.003614
8.633489	0.003629
8.637416	0.003642
8.641343	0.003653
8.645270	0.003660
8.649197	0.003664
8.653124	0.003665
8.657051	0.003660
8.660978	0.003651
8.664905	0.003637
8.668832	0.003619
8.672759	0.003597
8.676686	0.003572
8.680613	0.003544
8.684540	0.003514
8.688467	0.003483
8.692394	0.003452
8.696321	0.003420
8.700248	0.003390
8.704175	0.003361
8.708102	0.003333
8.712029	0.003307
8.715956	0.003282
8.719883	0.003260
8.723810	0.003238
8.727737	0.003218
8.731664	0.003200
8.735591	0.003183
8.739518	0.003167
8.743445	0.003153
8.747372	0.003139
8.751299	0.003127
8.755226	0.003115
8.759153	0.003104
8.763080	0.003095
8.767007	0.003085
8.770934	0.003077
8.774861	0.003069
8.778788	0.003062
8.782715	0.003056
8.786642	0.003050
8.790569	0.003045
8.794496	0.003041
8.798423	0.003037
8.802350	0.003034
8.806277	0.003031
8.810204	0.003029
8.814131	0.003028
8.818058	0.003028
8.821985	0.003028
8.825912	0.003029
8.829839	0.003031
8.833766	0.003034
8.837693	0.003038
8.841620	0.003043
8.845547	0.003050
8.849474	0.003057
8.853401	0.003067
8.857328	0.003077
8.861255	0.003090
8.865182	0.003104
8.869109	0.003120
8.873036	0.003138
8.876963	0.003158
8.880890	0.003181
8.884817	0.003205
8.888744	0.003232
8.892671	0.003261
8.896598	0.003290
8.900525	0.003321
8.904452	0.003351
8.908379	0.003380
8.912306	0.003407
8.916233	0.003431
8.920160	0.003451
8.924087	0.003466
8.928014	0.003475
8.931941	0.003479
8.935868	0.003478
8.939795	0.003473
8.943722	0.003464
8.947649	0.003452
8.951576	0.003438
8.955503	0.003421
8.959430	0.003404
8.963357	0.003385
8.967284	0.003365
8.971211	0.003344
8.975138	0.003321
8.979065	0.003298
8.982991	0.003273
8.986918	0.003248
8.990845	0.003221
8.994772	0.003193
8.998699	0.003164
9.002626	0.003135
9.006553	0.003107
9.010480	0.003079
9.014407	0.003052
9.018334	0.003027
9.022261	0.003003
9.026188	0.002981
9.030115	0.002961
9.034042	0.002943
9.037969	0.002926
9.041896	0.002912
9.045823	0.002900
9.049750	0.002889
9.053677	0.002880
9.057604	0.002873
9.061531	0.002868
9.065458	0.002864
9.069385	0.002862
9.073312	0.002862
9.077239	0.002864
9.081166	0.002868
9.085093	0.002873
9.089020	0.002881
9.092947	0.002891
9.096874	0.002903
9.100801	0.002918
9.104728	0.002934
9.108655	0.002954
9.112582	0.002975
9.116509	0.003000
9.120436	0.003026
9.124363	0.003054
9.128290	0.003084
9.132217	0.003115
9.136144	0.003146
9.140071	0.003176
9.143998	0.003205
9.147925	0.003230
9.151852	0.003252
9.155779	0.003271
9.159706	0.003285
9.163633	0.003295
9.167560	0.003301
9.171487	0.003304
9.175414	0.003304
9.179341	0.003301
9.183268	0.003295
9.187195	0.003286
9.191122	0.003273
9.195049	0.003257
9.198976	0.003236
9.202903	0.003210
9.206830	0.003181
9.210757	0.003147
9.214684	0.003111
9.218611	0.003072
9.222538	0.003032
9.226465	0.002991
9.230392	0.002950
9.234319	0.002911
9.238246	0.002873
9.242173	0.002836
9.246100	0.002802
9.250027	0.002769
9.253954	0.002739
9.257881	0.002711
9.261808	0.002685
9.265735	0.002661
9.269662	0.002639
9.273589	0.002619
9.277516	0.002600
9.281443	0.002583
9.285370	0.002567
9.289297	0.002553
9.293224	0.002540
9.297151	0.002528
9.301078	0.002516
9.305005	0.002506
9.308932	0.002497
9.312859	0.002489
9.316786	0.002481
9.320713	0.002474
9.324640	0.002468
9.328567	0.002463
9.332494	0.002458
9.336421	0.002454
9.340348	0.002451
9.344275	0.002449
9.348202	0.002447
9.352129	0.002446
9.356056	0.002446
9.359983	0.002446
9.363910	0.002448
9.367837	0.002450
9.371764	0.002454
9.375691	0.002458
9.379618	0.002463
9.383545	0.002470
9.387472	0.002478
9.391399	0.002487
9.395326	0.002498
9.399253	0.002510
9.403180	0.002524
9.407107	0.002539
9.411033	0.002556
9.414960	0.002574
9.418887	0.002593
9.422814	0.002614
9.426741	0.002634
9.430668	0.002655
9.434595	0.002674
9.438522	0.002693
9.442449	0.002709
9.446376	0.002723
9.450303	0.002734
9.454230	0.002743
9.458157	0.002749
9.462084	0.002752
9.466011	0.002755
9.469938	0.002756
9.473865	0.002758
9.477792	0.002759
9.481719	0.002762
9.485646	0.002765
9.489573	0.002769
9.493500	0.002773
9.497427	0.002779
9.501354	0.002784
9.505281	0.002790
9.509208	0.002794
9.513135	0.002797
9.517062	0.002797
9.520989	0.002795
9.524916	0.002789
9.528843	0.002780
9.532770	0.002767
9.536697	0.002751
9.540624	0.002731
9.544551	0.002709
9.548478	0.002684
9.552405	0.002658
9.556332	0.002630
9.560259	0.002602
9.564186	0.002574
9.568113	0.002546
9.572040	0.002518
9.575967	0.002492
9.579894	0.002467
9.583821	0.002443
9.587748	0.002421
9.591675	0.002401
9.595602	0.002383
9.599529	0.002366
9.603456	0.002351
9.607383	0.002337
9.611310	0.002325
9.615237	0.002314
9.619164	0.002305
9.623091	0.002297
9.627018	0.002291
9.630945	0.002286
9.634872	0.002282
9.638799	0.002279
9.642726	0.002277
9.646653	0.002277
9.650580	0.002278
9.654507	0.002280
9.658434	0.002284
9.662361	0.002289
9.666288	0.002295
9.670215	0.002303
9.674142	0.002312
9.678069	0.002323
9.681996	0.002336
9.685923	0.002350
9.689850	0.002366
9.693777	0.002383
9.697704	0.002402
9.701631	0.002423
9.705558	0.002444
9.709485	0.002467
9.713412	0.002490
9.717339	0.002514
9.721266	0.002539
9.725193	0.002564
9.729120	0.002589
9.733047	0.002615
9.736974	0.002643
9.740901	0.002671
9.744828	0.002701
9.748755	0.002733
9.752682	0.002765
9.756609	0.002798
9.760536	0.002830
9.764463	0.002860
9.768390	0.002888
9.772317	0.002911
9.776244	0.002929
9.780171	0.002939
9.784098	0.002941
9.788025	0.002935
9.791952	0.002921
9.795879	0.002899
9.799806	0.002871
9.803733	0.002837
9.807660	0.002800
9.811587	0.002760
9.815514	0.002719
9.819441	0.002677
