-9.819441	0.001606
-9.815514	0.001600
-9.811587	0.001593
-9.807660	0.001586
-9.803733	0.001579
-9.799806	0.001571
-9.795879	0.001564
-9.791952	0.001557
-9.788025	0.001549
-9.784098	0.001543
-9.780171	0.001537
-9.776244	0.001531
-9.772317	0.001527
-9.768390	0.001523
-9.764463	0.001520
-9.760536	0.001518
-9.756609	0.001517
-9.752682	0.001516
-9.748755	0.001517
-9.744828	0.001518
-9.740901	0.001520
-9.736974	0.001523
-9.733047	0.001527
-9.729120	0.001531
-9.725193	0.001536
-9.721266	0.001542
-9.717339	0.001549
-9.713412	0.001556
-9.709485	0.001564
-9.705558	0.001572
-9.701631	0.001581
-9.697704	0.001590
-9.693777	0.001601
-9.689850	0.001612
-9.685923	0.001624
-9.681996	0.001637
-9.678069	0.001651
-9.674142	0.001666
-9.670215	0.001682
-9.666288	0.001699
-9.662361	0.001718
-9.658434	0.001737
-9.654507	0.001756
-9.650580	0.001775
-9.646653	0.001794
-9.642726	0.001812
-9.638799	0.001829
-9.634872	0.001844
-9.630945	0.001857
-9.627018	0.001868
-9.623091	0.001876
-9.619164	0.001883
-9.615237	0.001888
-9.611310	0.001890
-9.607383	0.001889
-9.603456	0.001887
-9.599529	0.001881
-9.595602	0.001872
-9.591675	0.001862
-9.587748	0.001849
-9.583821	0.001834
-9.579894	0.001818
-9.575967	0.001802
-9.572040	0.001785
-9.568113	0.001769
-9.564186	0.001754
-9.560259	0.001740
-9.556332	0.001727
-9.552405	0.001715
-9.548478	0.001705
-9.544551	0.001696
-9.540624	0.001689
-9.536697	0.001683
-9.532770	0.001678
-9.528843	0.001675
-9.524916	0.001673
-9.520989	0.001672
-9.517062	0.001672
-9.513135	0.001674
-9.509208	0.001676
-9.505281	0.001679
-9.501354	0.001683
-9.497427	0.001688
-9.493500	0.001693
-9.489573	0.001700
-9.485646	0.001706
-9.481719	0.001713
-9.477792	0.001721
-9.473865	0.001729
-9.469938	0.001737
-9.466011	0.001746
-9.462084	0.001756
-9.458157	0.001766
-9.454230	0.001778
-9.450303	0.001791
-9.446376	0.001806
-9.442449	0.001822
-9.438522	0.001839
-9.434595	0.001858
-9.430668	0.001879
-9.426741	0.001901
-9.422814	0.001925
-9.418887	0.001949
-9.414960	0.001974
-9.411033	0.001999
-9.407107	0.002023
-9.403180	0.002047
-9.399253	0.002069
-9.395326	0.002089
-9.391399	0.002108
-9.387472	0.002125
-9.383545	0.002139
-9.379618	0.002152
-9.375691	0.002162
-9.371764	0.002171
-9.367837	0.002176
-9.363910	0.002179
-9.359983	0.002179
-9.356056	0.002176
-9.352129	0.002169
-9.348202	0.002159
-9.344275	0.002146
-9.340348	0.002130
-9.336421	0.002111
-9.332494	0.002091
-9.328567	0.002070
-9.324640	0.002049
-9.320713	0.002028
-9.316786	0.002008
-9.312859	0.001990
-9.308932	0.001973
-9.305005	0.001958
-9.301078	0.001945
-9.297151	0.001935
-9.293224	0.001926
-9.289297	0.001919
-9.285370	0.001914
-9.281443	0.001911
-9.277516	0.001910
-9.273589	0.001910
-9.269662	0.001912
-9.265735	0.001915
-9.261808	0.001919
-9.257881	0.001924
-9.253954	0.001930
-9.250027	0.001936
-9.246100	0.001943
-9.242173	0.001951
-9.238246	0.001959
-9.234319	0.001968
-9.230392	0.001978
-9.226465	0.001989
-9.222538	0.002001
-9.218611	0.002016
-9.214684	0.002032
-9.210757	0.002051
-9.206830	0.002071
-9.202903	0.002095
-9.198976	0.002121
-9.195049	0.002149
-9.191122	0.002180
-9.187195	0.002213
-9.183268	0.002248
-9.179341	0.002284
-9.175414	0.002321
-9.171487	0.002357
-9.167560	0.002391
-9.163633	0.002423
-9.159706	0.002451
-9.155779	0.002474
-9.151852	0.002493
-9.147925	0.002505
-9.143998	0.002513
-9.140071	0.002514
-9.136144	0.002511
-9.132217	0.002504
-9.128290	0.002492
-9.124363	0.002477
-9.120436	0.002459
-9.116509	0.002439
-9.112582	0.002417
-9.108655	0.002394
-9.104728	0.002370
-9.100801	0.002346
-9.096874	0.002323
-9.092947	0.002300
-9.089020	0.002278
-9.085093	0.002259
-9.081166	0.002241
-9.077239	0.002225
-9.073312	0.002212
-9.069385	0.002201
-9.065458	0.002192
-9.061531	0.002186
-9.057604	0.002182
-9.053677	0.002180
-9.049750	0.002180
-9.045823	0.002181
-9.041896	0.002183
-9.037969	0.002186
-9.034042	0.002190
-9.030115	0.002195
-9.026188	0.002200
-9.022261	0.002206
-9.018334	0.002212
-9.014407	0.002220
-9.010480	0.002230
-9.006553	0.002241
-9.002626	0.002255
-8.998699	0.002270
-8.994772	0.002289
-8.990845	0.002310
-8.986918	0.002335
-8.982991	0.002362
-8.979065	0.002393
-8.975138	0.002427
-8.971211	0.002465
-8.967284	0.002506
-8.963357	0.002550
-8.959430	0.002596
-8.955503	0.002644
-8.951576	0.002693
-8.947649	0.002743
-8.943722	0.002792
-8.939795	0.002839
-8.935868	0.002884
-8.931941	0.002925
-8.928014	0.002964
-8.924087	0.003000
-8.920160	0.003032
-8.916233	0.003062
-8.912306	0.003088
-8.908379	0.003111
-8.904452	0.003130
-8.900525	0.003144
-8.896598	0.003153
-8.892671	0.003155
-8.888744	0.003151
-8.884817	0.003140
-8.880890	0.003122
-8.876963	0.003097
-8.873036	0.003067
-8.869109	0.003033
-8.865182	0.002995
-8.861255	0.002956
-8.857328	0.002918
-8.853401	0.002880
-8.849474	0.002845
-8.845547	0.002814
-8.841620	0.002786
-8.837693	0.002762
-8.833766	0.002742
-8.829839	0.002726
-8.825912	0.002713
-8.821985	0.002704
-8.818058	0.002698
-8.814131	0.002694
-8.810204	0.002692
-8.806277	0.002693
-8.802350	0.002695
-8.798423	0.002700
-8.794496	0.002708
-8.790569	0.002718
-8.786642	0.002732
-8.782715	0.002749
-8.778788	0.002771
-8.774861	0.002798
-8.770934	0.002829
-8.767007	0.002866
-8.763080	0.002909
-8.759153	0.002958
-8.755226	0.003012
-8.751299	0.003072
-8.747372	0.003138
-8.743445	0.003208
-8.739518	0.003282
-8.735591	0.003358
-8.731664	0.003436
-8.727737	0.003512
-8.723810	0.003586
-8.719883	0.003655
-8.715956	0.003717
-8.712029	0.003770
-8.708102	0.003813
-8.704175	0.003844
-8.700248	0.003862
-8.696321	0.003868
-8.692394	0.003859
-8.688467	0.003836
-8.684540	0.003799
-8.680613	0.003751
-8.676686	0.003692
-8.672759	0.003625
-8.668832	0.003553
-8.664905	0.003478
-8.660978	0.003403
-8.657051	0.003330
-8.653124	0.003260
-8.649197	0.003195
-8.645270	0.003135
-8.641343	0.003081
-8.637416	0.003033
-8.633489	0.002991
-8.629562	0.002955
-8.625635	0.002924
-8.621708	0.002899
-8.617781	0.002879
-8.613854	0.002864
-8.609927	0.002853
-8.606000	0.002845
-8.602073	0.002841
-8.598146	0.002839
-8.594219	0.002840
-8.590292	0.002842
-8.586365	0.002846
-8.582438	0.002852
-8.578511	0.002859
-8.574584	0.002868
-8.570657	0.002879
-8.566730	0.002892
-8.562803	0.002908
-8.558876	0.002928
-8.554949	0.002953
-8.551023	0.002981
-8.547096	0.003015
-8.543169	0.003055
-8.539242	0.003100
-8.535315	0.003151
-8.531388	0.003208
-8.527461	0.003272
-8.523534	0.003341
-8.519607	0.003415
-8.515680	0.003493
-8.511753	0.003574
-8.507826	0.003656
-8.503899	0.003736
-8.499972	0.003812
-8.496045	0.003880
-8.492118	0.003939
-8.488191	0.003986
-8.484264	0.004019
-8.480337	0.004037
-8.476410	0.004040
-8.472483	0.004029
-8.468556	0.004005
-8.464629	0.003969
-8.460702	0.003924
-8.456775	0.003872
-8.452848	0.003814
-8.448921	0.003751
-8.444994	0.003686
-8.441067	0.003621
-8.437140	0.003556
-8.433213	0.003493
-8.429286	0.003433
-8.425359	0.003377
-8.421432	0.003326
-8.417505	0.003280
-8.413578	0.003239
-8.409651	0.003204
-8.405724	0.003174
-8.401797	0.003150
-8.397870	0.003130
-8.393943	0.003114
-8.390016	0.003102
-8.386089	0.003093
-8.382162	0.003087
-8.378235	0.003082
-8.374308	0.003079
-8.370381	0.003077
-8.366454	0.003076
-8.362527	0.003077
-8.358600	0.003079
-8.354673	0.003082
-8.350746	0.003089
-8.346819	0.003098
-8.342892	0.003111
-8.338965	0.003128
-8.335038	0.003149
-8.331111	0.003175
-8.327184	0.003207
-8.323257	0.003244
-8.319330	0.003287
-8.315403	0.003336
-8.311476	0.003392
-8.307549	0.003454
-8.303622	0.003522
-8.299695	0.003596
-8.295768	0.003676
-8.291841	0.003761
-8.287914	0.003849
-8.283987	0.003939
-8.280060	0.004029
-8.276133	0.004116
-8.272206	0.004198
-8.268279	0.004273
-8.264352	0.004338
-8.260425	0.004391
-8.256498	0.004430
-8.252571	0.004453
-8.248644	0.004459
-8.244717	0.004449
-8.240790	0.004422
-8.236863	0.004380
-8.232936	0.004326
-8.229009	0.004262
-8.225082	0.004190
-8.221155	0.004115
-8.217228	0.004038
-8.213301	0.003963
-8.209374	0.003891
-8.205447	0.003824
-8.201520	0.003763
-8.197593	0.003709
-8.193666	0.003661
-8.189739	0.003621
-8.185812	0.003586
-8.181885	0.003558
-8.177958	0.003535
-8.174031	0.003516
-8.170104	0.003500
-8.166177	0.003488
-8.162250	0.003476
-8.158323	0.003466
-8.154396	0.003457
-8.150469	0.003448
-8.146542	0.003441
-8.142615	0.003434
-8.138688	0.003429
-8.134761	0.003427
-8.130834	0.003428
-8.126907	0.003432
-8.122981	0.003441
-8.119054	0.003455
-8.115127	0.003474
-8.111200	0.003499
-8.107273	0.003530
-8.103346	0.003567
-8.099419	0.003611
-8.095492	0.003661
-8.091565	0.003719
-8.087638	0.003785
-8.083711	0.003857
-8.079784	0.003937
-8.075857	0.004024
-8.071930	0.004116
-8.068003	0.004213
-8.064076	0.004312
-8.060149	0.004412
-8.056222	0.004509
-8.052295	0.004599
-8.048368	0.004679
-8.044441	0.004747
-8.040514	0.004798
-8.036587	0.004831
-8.032660	0.004845
-8.028733	0.004840
-8.024806	0.004817
-8.020879	0.004778
-8.016952	0.004725
-8.013025	0.004661
-8.009098	0.004590
-8.005171	0.004513
-8.001244	0.004434
-7.997317	0.004355
-7.993390	0.004279
-7.989463	0.004206
-7.985536	0.004139
-7.981609	0.004079
-7.977682	0.004026
-7.973755	0.003980
-7.969828	0.003942
-7.965901	0.003912
-7.961974	0.003889
-7.958047	0.003874
-7.954120	0.003867
-7.950193	0.003866
-7.946266	0.003872
-7.942339	0.003884
-7.938412	0.003901
-7.934485	0.003924
-7.930558	0.003950
-7.926631	0.003980
-7.922704	0.004011
-7.918777	0.004044
-7.914850	0.004077
-7.910923	0.004109
-7.906996	0.004141
-7.903069	0.004172
-7.899142	0.004203
-7.895215	0.004235
-7.891288	0.004270
-7.887361	0.004307
-7.883434	0.004348
-7.879507	0.004394
-7.875580	0.004444
-7.871653	0.004499
-7.867726	0.004558
-7.863799	0.004621
-7.859872	0.004687
-7.855945	0.004754
-7.852018	0.004823
-7.848091	0.004893
-7.844164	0.004963
-7.840237	0.005033
-7.836310	0.005102
-7.832383	0.005170
-7.828456	0.005236
-7.824529	0.005298
-7.820602	0.005355
-7.816675	0.005405
-7.812748	0.005446
-7.808821	0.005476
-7.804894	0.005493
-7.800967	0.005495
-7.797040	0.005480
-7.793113	0.005450
-7.789186	0.005404
-7.785259	0.005345
-7.781332	0.005276
-7.777405	0.005201
-7.773478	0.005121
-7.769551	0.005042
-7.765624	0.004966
-7.761697	0.004896
-7.757770	0.004832
-7.753843	0.004777
-7.749916	0.004732
-7.745989	0.004696
-7.742062	0.004671
-7.738135	0.004655
-7.734208	0.004648
-7.730281	0.004650
-7.726354	0.004660
-7.722427	0.004676
-7.718500	0.004698
-7.714573	0.004724
-7.710646	0.004752
-7.706719	0.004781
-7.702792	0.004809
-7.698865	0.004835
-7.694939	0.004859
-7.691012	0.004881
-7.687085	0.004902
-7.683158	0.004923
-7.679231	0.004946
-7.675304	0.004974
-7.671377	0.005007
-7.667450	0.005047
-7.663523	0.005096
-7.659596	0.005154
-7.655669	0.005222
-7.651742	0.005301
-7.647815	0.005389
-7.643888	0.005485
-7.639961	0.005588
-7.636034	0.005696
-7.632107	0.005805
-7.628180	0.005913
-7.624253	0.006016
-7.620326	0.006110
-7.616399	0.006193
-7.612472	0.006263
-7.608545	0.006319
-7.604618	0.006360
-7.600691	0.006387
-7.596764	0.006402
-7.592837	0.006405
-7.588910	0.006398
-7.584983	0.006382
-7.581056	0.006358
-7.577129	0.006326
-7.573202	0.006287
-7.569275	0.006241
-7.565348	0.006190
-7.561421	0.006135
-7.557494	0.006078
-7.553567	0.006022
-7.549640	0.005970
-7.545713	0.005925
-7.541786	0.005888
-7.537859	0.005861
-7.533932	0.005845
-7.530005	0.005843
-7.526078	0.005853
-7.522151	0.005876
-7.518224	0.005911
-7.514297	0.005958
-7.510370	0.006015
-7.506443	0.006080
-7.502516	0.006151
-7.498589	0.006225
-7.494662	0.006299
-7.490735	0.006372
-7.486808	0.006440
-7.482881	0.006504
-7.478954	0.006564
-7.475027	0.006620
-7.471100	0.006675
-7.467173	0.006732
-7.463246	0.006792
-7.459319	0.006858
-7.455392	0.006931
-7.451465	0.007012
-7.447538	0.007100
-7.443611	0.007194
-7.439684	0.007293
-7.435757	0.007393
-7.431830	0.007493
-7.427903	0.007591
-7.423976	0.007684
-7.420049	0.007773
-7.416122	0.007855
-7.412195	0.007932
-7.408268	0.008005
-7.404341	0.008075
-7.400414	0.008144
-7.396487	0.008215
-7.392560	0.008289
-7.388633	0.008368
-7.384706	0.008451
-7.380779	0.008540
-7.376852	0.008631
-7.372925	0.008724
-7.368998	0.008814
-7.365071	0.008899
-7.361144	0.008978
-7.357217	0.009050
-7.353290	0.009114
-7.349363	0.009169
-7.345436	0.009217
-7.341509	0.009254
-7.337582	0.009280
-7.333655	0.009290
-7.329728	0.009280
-7.325801	0.009247
-7.321874	0.009187
-7.317947	0.009099
-7.314020	0.008984
-7.310093	0.008845
-7.306166	0.008689
-7.302239	0.008522
-7.298312	0.008350
-7.294385	0.008179
-7.290458	0.008017
-7.286531	0.007867
-7.282604	0.007732
-7.278677	0.007616
-7.274750	0.007519
-7.270823	0.007443
-7.266897	0.007388
-7.262970	0.007354
-7.259043	0.007343
-7.255116	0.007353
-7.251189	0.007386
-7.247262	0.007440
-7.243335	0.007516
-7.239408	0.007615
-7.235481	0.007736
-7.231554	0.007880
-7.227627	0.008045
-7.223700	0.008231
-7.219773	0.008438
-7.215846	0.008664
-7.211919	0.008905
-7.207992	0.009160
-7.204065	0.009425
-7.200138	0.009695
-7.196211	0.009965
-7.192284	0.010231
-7.188357	0.010488
-7.184430	0.010730
-7.180503	0.010954
-7.176576	0.011157
-7.172649	0.011338
-7.168722	0.011495
-7.164795	0.011630
-7.160868	0.011740
-7.156941	0.011826
-7.153014	0.011885
-7.149087	0.011913
-7.145160	0.011906
-7.141233	0.011860
-7.137306	0.011769
-7.133379	0.011633
-7.129452	0.011450
-7.125525	0.011226
-7.121598	0.010966
-7.117671	0.010680
-7.113744	0.010377
-7.109817	0.010068
-7.105890	0.009761
-7.101963	0.009464
-7.098036	0.009183
-7.094109	0.008921
-7.090182	0.008681
-7.086255	0.008465
-7.082328	0.008273
-7.078401	0.008105
-7.074474	0.007961
-7.070547	0.007839
-7.066620	0.007740
-7.062693	0.007662
-7.058766	0.007605
-7.054839	0.007568
-7.050912	0.007550
-7.046985	0.007552
-7.043058	0.007573
-7.039131	0.007614
-7.035204	0.007673
-7.031277	0.007753
-7.027350	0.007851
-7.023423	0.007969
-7.019496	0.008106
-7.015569	0.008262
-7.011642	0.008435
-7.007715	0.008624
-7.003788	0.008827
-6.999861	0.009039
-6.995934	0.009257
-6.992007	0.009475
-6.988080	0.009690
-6.984153	0.009896
-6.980226	0.010090
-6.976299	0.010269
-6.972372	0.010435
-6.968445	0.010589
-6.964518	0.010733
-6.960591	0.010870
-6.956664	0.011003
-6.952737	0.011133
-6.948810	0.011256
-6.944883	0.011370
-6.940956	0.011467
-6.937029	0.011539
-6.933102	0.011579
-6.929175	0.011580
-6.925248	0.011536
-6.921321	0.011447
-6.917394	0.011315
-6.913467	0.011145
-6.909540	0.010945
-6.905613	0.010726
-6.901686	0.010497
-6.897759	0.010267
-6.893832	0.010044
-6.889905	0.009835
-6.885978	0.009645
-6.882051	0.009477
-6.878124	0.009333
-6.874197	0.009215
-6.870270	0.009124
-6.866343	0.009059
-6.862416	0.009022
-6.858489	0.009011
-6.854562	0.009028
-6.850635	0.009073
-6.846708	0.009146
-6.842781	0.009246
-6.838855	0.009377
-6.834928	0.009536
-6.831001	0.009727
-6.827074	0.009949
-6.823147	0.010202
-6.819220	0.010488
-6.815293	0.010804
-6.811366	0.011151
-6.807439	0.011524
-6.803512	0.011919
-6.799585	0.012331
-6.795658	0.012750
-6.791731	0.013166
-6.787804	0.013568
-6.783877	0.013942
-6.779950	0.014274
-6.776023	0.014552
-6.772096	0.014764
-6.768169	0.014899
-6.764242	0.014953
-6.760315	0.014923
-6.756388	0.014810
-6.752461	0.014619
-6.748534	0.014358
-6.744607	0.014041
-6.740680	0.013679
-6.736753	0.013286
-6.732826	0.012877
-6.728899	0.012463
-6.724972	0.012055
-6.721045	0.011663
-6.717118	0.011291
-6.713191	0.010944
-6.709264	0.010626
-6.705337	0.010338
-6.701410	0.010080
-6.697483	0.009851
-6.693556	0.009652
-6.689629	0.009481
-6.685702	0.009338
-6.681775	0.009220
-6.677848	0.009127
-6.673921	0.009058
-6.669994	0.009013
-6.666067	0.008991
-6.662140	0.008991
-6.658213	0.009013
-6.654286	0.009058
-6.650359	0.009125
-6.646432	0.009214
-6.642505	0.009326
-6.638578	0.009460
-6.634651	0.009617
-6.630724	0.009796
-6.626797	0.009996
-6.622870	0.010215
-6.618943	0.010451
-6.615016	0.010702
-6.611089	0.010963
-6.607162	0.011230
-6.603235	0.011498
-6.599308	0.011761
-6.595381	0.012014
-6.591454	0.012249
-6.587527	0.012461
-6.583600	0.012643
-6.579673	0.012792
-6.575746	0.012901
-6.571819	0.012967
-6.567892	0.012987
-6.563965	0.012960
-6.560038	0.012885
-6.556111	0.012763
-6.552184	0.012599
-6.548257	0.012396
-6.544330	0.012163
-6.540403	0.011907
-6.536476	0.011636
-6.532549	0.011360
-6.528622	0.011087
-6.524695	0.010822
-6.520768	0.010571
-6.516841	0.010338
-6.512914	0.010126
-6.508987	0.009936
-6.505060	0.009769
-6.501133	0.009625
-6.497206	0.009504
-6.493279	0.009406
-6.489352	0.009330
-6.485425	0.009276
-6.481498	0.009243
-6.477571	0.009231
-6.473644	0.009239
-6.469717	0.009268
-6.465790	0.009317
-6.461863	0.009386
-6.457936	0.009475
-6.454009	0.009584
-6.450082	0.009712
-6.446155	0.009859
-6.442228	0.010022
-6.438301	0.010201
-6.434374	0.010391
-6.430447	0.010590
-6.426520	0.010794
-6.422593	0.010998
-6.418666	0.011198
-6.414739	0.011389
-6.410813	0.011568
-6.406886	0.011731
-6.402959	0.011878
-6.399032	0.012006
-6.395105	0.012114
-6.391178	0.012202
-6.387251	0.012266
-6.383324	0.012307
-6.379397	0.012320
-6.375470	0.012305
-6.371543	0.012259
-6.367616	0.012182
-6.363689	0.012074
-6.359762	0.011937
-6.355835	0.011773
-6.351908	0.011588
-6.347981	0.011388
-6.344054	0.011178
-6.340127	0.010965
-6.336200	0.010754
-6.332273	0.010550
-6.328346	0.010358
-6.324419	0.010179
-6.320492	0.010016
-6.316565	0.009869
-6.312638	0.009739
-6.308711	0.009626
-6.304784	0.009530
-6.300857	0.009450
-6.296930	0.009386
-6.293003	0.009337
-6.289076	0.009302
-6.285149	0.009281
-6.281222	0.009274
-6.277295	0.009280
-6.273368	0.009299
-6.269441	0.009332
-6.265514	0.009378
-6.261587	0.009437
-6.257660	0.009510
-6.253733	0.009597
-6.249806	0.009698
-6.245879	0.009815
-6.241952	0.009947
-6.238025	0.010095
-6.234098	0.010258
-6.230171	0.010438
-6.226244	0.010632
-6.222317	0.010840
-6.218390	0.011060
-6.214463	0.011289
-6.210536	0.011522
-6.206609	0.011754
-6.202682	0.011980
-6.198755	0.012194
-6.194828	0.012389
-6.190901	0.012561
-6.186974	0.012703
-6.183047	0.012812
-6.179120	0.012887
-6.175193	0.012926
-6.171266	0.012928
-6.167339	0.012896
-6.163412	0.012830
-6.159485	0.012736
-6.155558	0.012616
-6.151631	0.012477
-6.147704	0.012325
-6.143777	0.012165
-6.139850	0.012004
-6.135923	0.011847
-6.131996	0.011697
-6.128069	0.011559
-6.124142	0.011433
-6.120215	0.011323
-6.116288	0.011228
-6.112361	0.011148
-6.108434	0.011084
-6.104507	0.011035
-6.100580	0.011001
-6.096653	0.010981
-6.092726	0.010974
-6.088799	0.010981
-6.084872	0.011000
-6.080945	0.011031
-6.077018	0.011074
-6.073091	0.011129
-6.069164	0.011196
-6.065237	0.011274
-6.061310	0.011365
-6.057383	0.011468
-6.053456	0.011583
-6.049529	0.011711
-6.045602	0.011853
-6.041675	0.012010
-6.037748	0.012181
-6.033821	0.012368
-6.029894	0.012572
-6.025967	0.012793
-6.022040	0.013031
-6.018113	0.013288
-6.014186	0.013563
-6.010259	0.013855
-6.006332	0.014164
-6.002405	0.014487
-5.998478	0.014822
-5.994551	0.015166
-5.990624	0.015513
-5.986698	0.015860
-5.982771	0.016200
-5.978844	0.016528
-5.974917	0.016839
-5.970990	0.017127
-5.967063	0.017388
-5.963136	0.017619
-5.959209	0.017816
-5.955282	0.017980
-5.951355	0.018111
-5.947428	0.018209
-5.943501	0.018278
-5.939574	0.018323
-5.935647	0.018348
-5.931720	0.018359
-5.927793	0.018363
-5.923866	0.018366
-5.919939	0.018376
-5.916012	0.018398
-5.912085	0.018439
-5.908158	0.018503
-5.904231	0.018595
-5.900304	0.018719
-5.896377	0.018876
-5.892450	0.019070
-5.888523	0.019302
-5.884596	0.019575
-5.880669	0.019890
-5.876742	0.020249
-5.872815	0.020654
-5.868888	0.021107
-5.864961	0.021612
-5.861034	0.022171
-5.857107	0.022788
-5.853180	0.023465
-5.849253	0.024208
-5.845326	0.025019
-5.841399	0.025902
-5.837472	0.026861
-5.833545	0.027899
-5.829618	0.029018
-5.825691	0.030219
-5.821764	0.031500
-5.817837	0.032861
-5.813910	0.034298
-5.809983	0.035808
-5.806056	0.037390
-5.802129	0.039043
-5.798202	0.040769
-5.794275	0.042573
-5.790348	0.044464
-5.786421	0.046449
-5.782494	0.048533
-5.778567	0.050719
-5.774640	0.052997
-5.770713	0.055349
-5.766786	0.057742
-5.762859	0.060129
-5.758932	0.062450
-5.755005	0.064633
-5.751078	0.066600
-5.747151	0.068276
-5.743224	0.069596
-5.739297	0.070516
-5.735370	0.071018
-5.731443	0.071113
-5.727516	0.070844
-5.723589	0.070274
-5.719662	0.069487
-5.715735	0.068567
-5.711808	0.067597
-5.707881	0.066646
-5.703954	0.065763
-5.700027	0.064979
-5.696100	0.064302
-5.692173	0.063722
-5.688246	0.063215
-5.684319	0.062749
-5.680392	0.062289
-5.676465	0.061805
-5.672538	0.061276
-5.668611	0.060693
-5.664684	0.060058
-5.660757	0.059380
-5.656830	0.058672
-5.652903	0.057947
-5.648976	0.057215
-5.645049	0.056482
-5.641122	0.055751
-5.637195	0.055023
-5.633268	0.054302
-5.629341	0.053589
-5.625414	0.052888
-5.621487	0.052202
-5.617560	0.051534
-5.613633	0.050886
-5.609706	0.050260
-5.605779	0.049657
-5.601852	0.049079
-5.597925	0.048522
-5.593998	0.047984
-5.590071	0.047456
-5.586144	0.046931
-5.582217	0.046401
-5.578290	0.045858
-5.574363	0.045301
-5.570436	0.044730
-5.566509	0.044154
-5.562582	0.043584
-5.558656	0.043035
-5.554729	0.042523
-5.550802	0.042065
-5.546875	0.041675
-5.542948	0.041366
-5.539021	0.041150
-5.535094	0.041033
-5.531167	0.041022
-5.527240	0.041122
-5.523313	0.041336
-5.519386	0.041668
-5.515459	0.042122
-5.511532	0.042698
-5.507605	0.043402
-5.503678	0.044235
-5.499751	0.045202
-5.495824	0.046305
-5.491897	0.047548
-5.487970	0.048932
-5.484043	0.050460
-5.480116	0.052132
-5.476189	0.053949
-5.472262	0.055911
-5.468335	0.058016
-5.464408	0.060265
-5.460481	0.062656
-5.456554	0.065186
-5.452627	0.067853
-5.448700	0.070648
-5.444773	0.073558
-5.440846	0.076563
-5.436919	0.079637
-5.432992	0.082742
-5.429065	0.085829
-5.425138	0.088838
-5.421211	0.091697
-5.417284	0.094327
-5.413357	0.096647
-5.409430	0.098588
-5.405503	0.100104
-5.401576	0.101180
-5.397649	0.101841
-5.393722	0.102151
-5.389795	0.102202
-5.385868	0.102110
-5.381941	0.101995
-5.378014	0.101975
-5.374087	0.102153
-5.370160	0.102619
-5.366233	0.103442
-5.362306	0.104675
-5.358379	0.106358
-5.354452	0.108519
-5.350525	0.111177
-5.346598	0.114343
-5.342671	0.118019
-5.338744	0.122192
-5.334817	0.126831
-5.330890	0.131880
-5.326963	0.137249
-5.323036	0.142807
-5.319109	0.148380
-5.315182	0.153752
-5.311255	0.158673
-5.307328	0.162876
-5.303401	0.166104
-5.299474	0.168138
-5.295547	0.168824
-5.291620	0.168099
-5.287693	0.165993
-5.283766	0.162632
-5.279839	0.158211
-5.275912	0.152973
-5.271985	0.147181
-5.268058	0.141085
-5.264131	0.134911
-5.260204	0.128843
-5.256277	0.123025
-5.252350	0.117557
-5.248423	0.112507
-5.244496	0.107912
-5.240569	0.103787
-5.236642	0.100130
-5.232715	0.096927
-5.228788	0.094156
-5.224861	0.091790
-5.220934	0.089795
-5.217007	0.088137
-5.213080	0.086776
-5.209153	0.085676
-5.205226	0.084798
-5.201299	0.084109
-5.197372	0.083581
-5.193445	0.083194
-5.189518	0.082939
-5.185591	0.082817
-5.181664	0.082840
-5.177737	0.083025
-5.173810	0.083395
-5.169883	0.083976
-5.165956	0.084794
-5.162029	0.085872
-5.158102	0.087236
-5.154175	0.088906
-5.150248	0.090905
-5.146321	0.093251
-5.142394	0.095963
-5.138467	0.099057
-5.134540	0.102546
-5.130614	0.106439
-5.126687	0.110737
-5.122760	0.115429
-5.118833	0.120491
-5.114906	0.125878
-5.110979	0.131519
-5.107052	0.137318
-5.103125	0.143147
-5.099198	0.148853
-5.095271	0.154266
-5.091344	0.159207
-5.087417	0.163510
-5.083490	0.167026
-5.079563	0.169645
-5.075636	0.171300
-5.071709	0.171975
-5.067782	0.171712
-5.063855	0.170601
-5.059928	0.168784
-5.056001	0.166437
-5.052074	0.163755
-5.048147	0.160940
-5.044220	0.158180
-5.040293	0.155643
-5.036366	0.153469
-5.032439	0.151771
-5.028512	0.150634
-5.024585	0.150121
-5.020658	0.150276
-5.016731	0.151130
-5.012804	0.152704
-5.008877	0.155009
-5.004950	0.158046
-5.001023	0.161808
-4.997096	0.166276
-4.993169	0.171411
-4.989242	0.177158
-4.985315	0.183433
-4.981388	0.190127
-4.977461	0.197096
-4.973534	0.204173
-4.969607	0.211165
-4.965680	0.217871
-4.961753	0.224093
-4.957826	0.229658
-4.953899	0.234436
-4.949972	0.238353
-4.946045	0.241402
-4.942118	0.243639
-4.938191	0.245174
-4.934264	0.246154
-4.930337	0.246744
-4.926410	0.247109
-4.922483	0.247404
-4.918556	0.247763
-4.914629	0.248301
-4.910702	0.249111
-4.906775	0.250272
-4.902848	0.251850
-4.898921	0.253908
-4.894994	0.256510
-4.891067	0.259733
-4.887140	0.263671
-4.883213	0.268433
-4.879286	0.274143
-4.875359	0.280929
-4.871432	0.288912
-4.867505	0.298189
-4.863578	0.308823
-4.859651	0.320828
-4.855724	0.334152
-4.851797	0.348664
-4.847870	0.364144
-4.843943	0.380262
-4.840016	0.396579
-4.836089	0.412543
-4.832162	0.427498
-4.828235	0.440721
-4.824308	0.451474
-4.820381	0.459077
-4.816454	0.463000
-4.812527	0.462941
-4.808600	0.458877
-4.804673	0.451072
-4.800746	0.440030
-4.796819	0.426419
-4.792892	0.410975
-4.788965	0.394421
-4.785038	0.377397
-4.781111	0.360429
-4.777184	0.343913
-4.773257	0.328117
-4.769330	0.313207
-4.765403	0.299266
-4.761476	0.286325
-4.757549	0.274380
-4.753622	0.263419
-4.749695	0.253429
-4.745768	0.244398
-4.741841	0.236322
-4.737914	0.229201
-4.733987	0.223033
-4.730060	0.217816
-4.726133	0.213548
-4.722206	0.210224
-4.718279	0.207838
-4.714352	0.206387
-4.710425	0.205872
-4.706498	0.206294
-4.702572	0.207663
-4.698645	0.209992
-4.694718	0.213301
-4.690791	0.217612
-4.686864	0.222953
-4.682937	0.229349
-4.679010	0.236823
-4.675083	0.245393
-4.671156	0.255061
-4.667229	0.265811
-4.663302	0.277604
-4.659375	0.290368
-4.655448	0.304003
-4.651521	0.318371
-4.647594	0.333305
-4.643667	0.348606
-4.639740	0.364037
-4.635813	0.379311
-4.631886	0.394071
-4.627959	0.407873
-4.624032	0.420194
-4.620105	0.430480
-4.616178	0.438238
-4.612251	0.443144
-4.608324	0.445117
-4.604397	0.444315
-4.600470	0.441055
-4.596543	0.435710
-4.592616	0.428620
-4.588689	0.420071
-4.584762	0.410318
-4.580835	0.399626
-4.576908	0.388312
-4.572981	0.376753
-4.569054	0.365368
-4.565127	0.354576
-4.561200	0.344758
-4.557273	0.336218
-4.553346	0.329169
-4.549419	0.323726
-4.545492	0.319920
-4.541565	0.317710
-4.537638	0.317005
-4.533711	0.317672
-4.529784	0.319542
-4.525857	0.322416
-4.521930	0.326061
-4.518003	0.330219
-4.514076	0.334607
-4.510149	0.338934
-4.506222	0.342910
-4.502295	0.346258
-4.498368	0.348728
-4.494441	0.350097
-4.490514	0.350180
-4.486587	0.348835
-4.482660	0.345970
-4.478733	0.341552
-4.474806	0.335613
-4.470879	0.328255
-4.466952	0.319646
-4.463025	0.310012
-4.459098	0.299628
-4.455171	0.288793
-4.451244	0.277812
-4.447317	0.266967
-4.443390	0.256506
-4.439463	0.246628
-4.435536	0.237481
-4.431609	0.229169
-4.427682	0.221753
-4.423755	0.215266
-4.419828	0.209716
-4.415901	0.205095
-4.411974	0.201386
-4.408047	0.198559
-4.404120	0.196581
-4.400193	0.195409
-4.396266	0.194991
-4.392339	0.195269
-4.388412	0.196174
-4.384485	0.197627
-4.380558	0.199544
-4.376631	0.201832
-4.372704	0.204394
-4.368777	0.207129
-4.364850	0.209935
-4.360923	0.212709
-4.356996	0.215351
-4.353069	0.217759
-4.349142	0.219840
-4.345215	0.221501
-4.341288	0.222661
-4.337361	0.223247
-4.333434	0.223208
-4.329507	0.222522
-4.325580	0.221199
-4.321653	0.219292
-4.317726	0.216890
-4.313799	0.214116
-4.309872	0.211112
-4.305945	0.208034
-4.302018	0.205039
-4.298091	0.202278
-4.294164	0.199889
-4.290237	0.197995
-4.286310	0.196701
-4.282383	0.196092
-4.278456	0.196242
-4.274530	0.197209
-4.270603	0.199043
-4.266676	0.201784
-4.262749	0.205472
-4.258822	0.210137
-4.254895	0.215811
-4.250968	0.222516
-4.247041	0.230267
-4.243114	0.239065
-4.239187	0.248889
-4.235260	0.259690
-4.231333	0.271377
-4.227406	0.283814
-4.223479	0.296805
-4.219552	0.310099
-4.215625	0.323384
-4.211698	0.336307
-4.207771	0.348487
-4.203844	0.359542
-4.199917	0.369121
-4.195990	0.376923
-4.192063	0.382725
-4.188136	0.386398
-4.184209	0.387935
-4.180282	0.387477
-4.176355	0.385343
-4.172428	0.382038
-4.168501	0.378216
-4.164574	0.374592
-4.160647	0.371827
-4.156720	0.370410
-4.152793	0.370589
-4.148866	0.372365
-4.144939	0.375540
-4.141012	0.379793
-4.137085	0.384738
-4.133158	0.389972
-4.129231	0.395103
-4.125304	0.399758
-4.121377	0.403602
-4.117450	0.406341
-4.113523	0.407730
-4.109596	0.407581
-4.105669	0.405761
-4.101742	0.402203
-4.097815	0.396905
-4.093888	0.389948
-4.089961	0.381482
-4.086034	0.371719
-4.082107	0.360908
-4.078180	0.349306
-4.074253	0.337168
-4.070326	0.324733
-4.066399	0.312225
-4.062472	0.299855
-4.058545	0.287816
-4.054618	0.276280
-4.050691	0.265391
-4.046764	0.255267
-4.042837	0.245991
-4.038910	0.237624
-4.034983	0.230198
-4.031056	0.223729
-4.027129	0.218218
-4.023202	0.213657
-4.019275	0.210033
-4.015348	0.207335
-4.011421	0.205549
-4.007494	0.204669
-4.003567	0.204692
-3.999640	0.205622
-3.995713	0.207469
-3.991786	0.210249
-3.987859	0.213984
-3.983932	0.218699
-3.980005	0.224421
-3.976078	0.231175
-3.972151	0.238980
-3.968224	0.247841
-3.964297	0.257744
-3.960370	0.268644
-3.956443	0.280457
-3.952516	0.293050
-3.948589	0.306229
-3.944662	0.319739
-3.940735	0.333262
-3.936808	0.346421
-3.932881	0.358798
-3.928954	0.369956
-3.925027	0.379470
-3.921100	0.386964
-3.917173	0.392149
-3.913246	0.394855
-3.909319	0.395048
-3.905392	0.392823
-3.901465	0.388381
-3.897538	0.381992
-3.893611	0.373962
-3.889684	0.364601
-3.885757	0.354204
-3.881830	0.343040
-3.877903	0.331355
-3.873976	0.319373
-3.870049	0.307303
-3.866122	0.295341
-3.862195	0.283673
-3.858268	0.272464
-3.854341	0.261860
-3.850414	0.251973
-3.846488	0.242887
-3.842561	0.234652
-3.838634	0.227292
-3.834707	0.220803
-3.830780	0.215165
-3.826853	0.210342
-3.822926	0.206291
-3.818999	0.202964
-3.815072	0.200314
-3.811145	0.198300
-3.807218	0.196889
-3.803291	0.196059
-3.799364	0.195799
-3.795437	0.196109
-3.791510	0.196993
-3.787583	0.198463
-3.783656	0.200532
-3.779729	0.203211
-3.775802	0.206515
-3.771875	0.210460
-3.767948	0.215066
-3.764021	0.220362
-3.760094	0.226388
-3.756167	0.233197
-3.752240	0.240854
-3.748313	0.249437
-3.744386	0.259029
-3.740459	0.269719
-3.736532	0.281590
-3.732605	0.294718
-3.728678	0.309169
-3.724751	0.324989
-3.720824	0.342207
-3.716897	0.360824
-3.712970	0.380818
-3.709043	0.402130
-3.705116	0.424655
-3.701189	0.448231
-3.697262	0.472614
-3.693335	0.497460
-3.689408	0.522302
-3.685481	0.546540
-3.681554	0.569441
-3.677627	0.590154
-3.673700	0.607755
-3.669773	0.621308
-3.665846	0.629966
-3.661919	0.633095
-3.657992	0.630394
-3.654065	0.621990
-3.650138	0.608448
-3.646211	0.590694
-3.642284	0.569858
-3.638357	0.547106
-3.634430	0.523486
-3.630503	0.499848
-3.626576	0.476813
-3.622649	0.454798
-3.618722	0.434052
-3.614795	0.414709
-3.610868	0.396831
-3.606941	0.380440
-3.603014	0.365547
-3.599087	0.352158
-3.595160	0.340281
-3.591233	0.329924
-3.587306	0.321080
-3.583379	0.313721
-3.579452	0.307784
-3.575525	0.303158
-3.571598	0.299677
-3.567671	0.297108
-3.563744	0.295159
-3.559817	0.293490
-3.555890	0.291740
-3.551963	0.289561
-3.548036	0.286660
-3.544109	0.282834
-3.540182	0.277990
-3.536255	0.272154
-3.532328	0.265449
-3.528401	0.258073
-3.524474	0.250261
-3.520547	0.242256
-3.516620	0.234283
-3.512693	0.226532
-3.508766	0.219149
-3.504839	0.212240
-3.500912	0.205867
-3.496985	0.200062
-3.493058	0.194832
-3.489131	0.190170
-3.485204	0.186060
-3.481277	0.182485
-3.477350	0.179429
-3.473423	0.176879
-3.469496	0.174828
-3.465569	0.173268
-3.461642	0.172200
-3.457715	0.171624
-3.453788	0.171542
-3.449861	0.171953
-3.445934	0.172856
-3.442007	0.174242
-3.438080	0.176093
-3.434153	0.178378
-3.430226	0.181054
-3.426299	0.184059
-3.422372	0.187320
-3.418446	0.190753
-3.414519	0.194268
-3.410592	0.197778
-3.406665	0.201212
-3.402738	0.204526
-3.398811	0.207711
-3.394884	0.210801
-3.390957	0.213876
-3.387030	0.217058
-3.383103	0.220503
-3.379176	0.224395
-3.375249	0.228930
-3.371322	0.234306
-3.367395	0.240707
-3.363468	0.248288
-3.359541	0.257158
-3.355614	0.267370
-3.351687	0.278924
-3.347760	0.291779
-3.343833	0.305884
-3.339906	0.321206
-3.335979	0.337748
-3.332052	0.355528
-3.328125	0.374529
-3.324198	0.394641
-3.320271	0.415646
-3.316344	0.437292
-3.312417	0.459419
-3.308490	0.482074
-3.304563	0.505529
-3.300636	0.530141
-3.296709	0.556132
-3.292782	0.583403
-3.288855	0.611454
-3.284928	0.639441
-3.281001	0.666285
-3.277074	0.690804
-3.273147	0.711881
-3.269220	0.728683
-3.265293	0.740900
-3.261366	0.748910
-3.257439	0.753779
-3.253512	0.757037
-3.249585	0.760307
-3.245658	0.764877
-3.241731	0.771398
-3.237804	0.779809
-3.233877	0.789511
-3.229950	0.799695
-3.226023	0.809666
-3.222096	0.818996
-3.218169	0.827502
-3.214242	0.835063
-3.210315	0.841431
-3.206388	0.846135
-3.202461	0.848559
-3.198534	0.848140
-3.194607	0.844578
-3.190680	0.837933
-3.186753	0.828565
-3.182826	0.816964
-3.178899	0.803567
-3.174972	0.788702
-3.171045	0.772710
-3.167118	0.756137
-3.163191	0.739799
-3.159264	0.724615
-3.155337	0.711333
-3.151410	0.700323
-3.147483	0.691520
-3.143556	0.684492
-3.139629	0.678602
-3.135702	0.673174
-3.131775	0.667644
-3.127848	0.661633
-3.123921	0.654973
-3.119994	0.647647
-3.116067	0.639708
-3.112140	0.631167
-3.108213	0.621945
-3.104286	0.611916
-3.100359	0.601027
-3.096432	0.589367
-3.092505	0.577097
-3.088578	0.564338
-3.084651	0.551120
-3.080724	0.537432
-3.076797	0.523295
-3.072870	0.508818
-3.068943	0.494214
-3.065016	0.479775
-3.061089	0.465835
-3.057162	0.452732
-3.053235	0.440777
-3.049308	0.430233
-3.045381	0.421308
-3.041454	0.414159
-3.037527	0.408891
-3.033600	0.405572
-3.029673	0.404237
-3.025746	0.404900
-3.021819	0.407560
-3.017892	0.412207
-3.013965	0.418825
-3.010038	0.427396
-3.006111	0.437893
-3.002184	0.450282
-2.998257	0.464514
-2.994330	0.480521
-2.990404	0.498202
-2.986477	0.517412
-2.982550	0.537940
-2.978623	0.559491
-2.974696	0.581663
-2.970769	0.603936
-2.966842	0.625674
-2.962915	0.646148
-2.958988	0.664592
-2.955061	0.680273
-2.951134	0.692586
-2.947207	0.701139
-2.943280	0.705810
-2.939353	0.706759
-2.935426	0.704391
-2.931499	0.699268
-2.927572	0.692006
-2.923645	0.683162
-2.919718	0.673152
-2.915791	0.662199
-2.911864	0.650341
-2.907937	0.637466
-2.904010	0.623388
-2.900083	0.607922
-2.896156	0.590964
-2.892229	0.572534
-2.888302	0.552796
-2.884375	0.532046
-2.880448	0.510670
-2.876521	0.489097
-2.872594	0.467748
-2.868667	0.446998
-2.864740	0.427153
-2.860813	0.408443
-2.856886	0.391021
-2.852959	0.374972
-2.849032	0.360330
-2.845105	0.347087
-2.841178	0.335207
-2.837251	0.324638
-2.833324	0.315315
-2.829397	0.307172
-2.825470	0.300140
-2.821543	0.294155
-2.817616	0.289156
-2.813689	0.285089
-2.809762	0.281906
-2.805835	0.279562
-2.801908	0.278022
-2.797981	0.277254
-2.794054	0.277231
-2.790127	0.277929
-2.786200	0.279325
-2.782273	0.281397
-2.778346	0.284117
-2.774419	0.287451
-2.770492	0.291356
-2.766565	0.295780
-2.762638	0.300662
-2.758711	0.305935
-2.754784	0.311534
-2.750857	0.317407
-2.746930	0.323522
-2.743003	0.329881
-2.739076	0.336522
-2.735149	0.343522
-2.731222	0.350993
-2.727295	0.359070
-2.723368	0.367904
-2.719441	0.377653
-2.715514	0.388473
-2.711587	0.400516
-2.707660	0.413928
-2.703733	0.428845
-2.699806	0.445394
-2.695879	0.463687
-2.691952	0.483816
-2.688025	0.505852
-2.684098	0.529828
-2.680171	0.555741
-2.676244	0.583536
-2.672317	0.613108
-2.668390	0.644298
-2.664463	0.676904
-2.660536	0.710693
-2.656609	0.745417
-2.652682	0.780833
-2.648755	0.816711
-2.644828	0.852843
-2.640901	0.889041
-2.636974	0.925130
-2.633047	0.960950
-2.629120	0.996353
-2.625193	1.031213
-2.621266	1.065433
-2.617339	1.098962
-2.613412	1.131803
-2.609485	1.164024
-2.605558	1.195762
-2.601631	1.227216
-2.597704	1.258623
-2.593777	1.290218
-2.589850	1.322187
-2.585923	1.354600
-2.581996	1.387348
-2.578069	1.420088
-2.574142	1.452192
-2.570215	1.482737
-2.566288	1.510532
-2.562362	1.534196
-2.558435	1.552294
-2.554508	1.563509
-2.550581	1.566821
-2.546654	1.561659
-2.542727	1.547985
-2.538800	1.526294
-2.534873	1.497531
-2.530946	1.462959
-2.527019	1.423993
-2.523092	1.382048
-2.519165	1.338420
-2.515238	1.294196
-2.511311	1.250218
-2.507384	1.207080
-2.503457	1.165151
-2.499530	1.124631
-2.495603	1.085606
-2.491676	1.048111
-2.487749	1.012177
-2.483822	0.977856
-2.479895	0.945236
-2.475968	0.914415
-2.472041	0.885486
-2.468114	0.858496
-2.464187	0.833429
-2.460260	0.810191
-2.456333	0.788619
-2.452406	0.768495
-2.448479	0.749572
-2.444552	0.731598
-2.440625	0.714343
-2.436698	0.697618
-2.432771	0.681286
-2.428844	0.665269
-2.424917	0.649547
-2.420990	0.634143
-2.417063	0.619107
-2.413136	0.604498
-2.409209	0.590361
-2.405282	0.576721
-2.401355	0.563585
-2.397428	0.550948
-2.393501	0.538810
-2.389574	0.527184
-2.385647	0.516097
-2.381720	0.505588
-2.377793	0.495691
-2.373866	0.486435
-2.369939	0.477831
-2.366012	0.469880
-2.362085	0.462584
-2.358158	0.455955
-2.354231	0.450030
-2.350304	0.444872
-2.346377	0.440572
-2.342450	0.437243
-2.338523	0.435005
-2.334596	0.433982
-2.330669	0.434293
-2.326742	0.436050
-2.322815	0.439355
-2.318888	0.444306
-2.314961	0.450995
-2.311034	0.459507
-2.307107	0.469923
-2.303180	0.482318
-2.299253	0.496748
-2.295326	0.513245
-2.291399	0.531802
-2.287472	0.552352
-2.283545	0.574738
-2.279618	0.598692
-2.275691	0.623798
-2.271764	0.649469
-2.267837	0.674931
-2.263910	0.699237
-2.259983	0.721307
-2.256056	0.740016
-2.252129	0.754315
-2.248202	0.763363
-2.244275	0.766664
-2.240348	0.764140
-2.236421	0.756152
-2.232494	0.743439
-2.228567	0.727004
-2.224640	0.707979
-2.220713	0.687489
-2.216786	0.666562
-2.212859	0.646058
-2.208932	0.626660
-2.205005	0.608868
-2.201078	0.593032
-2.197151	0.579374
-2.193224	0.568025
-2.189297	0.559052
-2.185370	0.552477
-2.181443	0.548301
-2.177516	0.546515
-2.173589	0.547108
-2.169662	0.550078
-2.165735	0.555431
-2.161808	0.563187
-2.157881	0.573377
-2.153954	0.586043
-2.150027	0.601231
-2.146100	0.618989
-2.142173	0.639355
-2.138246	0.662353
-2.134320	0.687975
-2.130393	0.716177
-2.126466	0.746864
-2.122539	0.779887
-2.118612	0.815037
-2.114685	0.852049
-2.110758	0.890596
-2.106831	0.930294
-2.102904	0.970689
-2.098977	1.011238
-2.095050	1.051297
-2.091123	1.090114
-2.087196	1.126843
-2.083269	1.160603
-2.079342	1.190550
-2.075415	1.215976
-2.071488	1.236395
-2.067561	1.251600
-2.063634	1.261685
-2.059707	1.267029
-2.055780	1.268258
-2.051853	1.266193
-2.047926	1.261803
-2.043999	1.256158
-2.040072	1.250387
-2.036145	1.245641
-2.032218	1.243050
-2.028291	1.243676
-2.024364	1.248485
-2.020437	1.258306
-2.016510	1.273812
-2.012583	1.295504
-2.008656	1.323688
-2.004729	1.358458
-2.000802	1.399666
-1.996875	1.446888
-1.992948	1.499381
-1.989021	1.556046
-1.985094	1.615416
-1.981167	1.675662
-1.977240	1.734657
-1.973313	1.790083
-1.969386	1.839580
-1.965459	1.880915
-1.961532	1.912151
-1.957605	1.931786
-1.953678	1.938860
-1.949751	1.933019
-1.945824	1.914544
-1.941897	1.884340
-1.937970	1.843886
-1.934043	1.795124
-1.930116	1.740315
-1.926189	1.681855
-1.922262	1.622092
-1.918335	1.563178
-1.914408	1.506957
-1.910481	1.454922
-1.906554	1.408213
-1.902627	1.367650
-1.898700	1.333791
-1.894773	1.306988
-1.890846	1.287442
-1.886919	1.275249
-1.882992	1.270428
-1.879065	1.272942
-1.875138	1.282697
-1.871211	1.299530
-1.867284	1.323181
-1.863357	1.353256
-1.859430	1.389175
-1.855503	1.430119
-1.851576	1.474974
-1.847649	1.522304
-1.843722	1.570350
-1.839795	1.617082
-1.835868	1.660313
-1.831941	1.697860
-1.828014	1.727753
-1.824087	1.748436
-1.820160	1.758933
-1.816233	1.758951
-1.812306	1.748908
-1.808379	1.729871
-1.804452	1.703446
-1.800525	1.671617
-1.796598	1.636563
-1.792671	1.600483
-1.788744	1.565446
-1.784817	1.533269
-1.780890	1.505451
-1.776963	1.483137
-1.773036	1.467115
-1.769109	1.457821
-1.765182	1.455354
-1.761255	1.459470
-1.757328	1.469586
-1.753401	1.484759
-1.749474	1.503680
-1.745547	1.524694
-1.741620	1.545849
-1.737693	1.565006
-1.733766	1.580003
-1.729839	1.588865
-1.725912	1.590015
-1.721985	1.582466
-1.718058	1.565931
-1.714131	1.540842
-1.710205	1.508267
-1.706278	1.469760
-1.702351	1.427158
-1.698424	1.382376
-1.694497	1.337233
-1.690570	1.293315
-1.686643	1.251900
-1.682716	1.213925
-1.678789	1.179988
-1.674862	1.150381
-1.670935	1.125127
-1.667008	1.104030
-1.663081	1.086724
-1.659154	1.072729
-1.655227	1.061501
-1.651300	1.052490
-1.647373	1.045177
-1.643446	1.039114
-1.639519	1.033938
-1.635592	1.029374
-1.631665	1.025233
-1.627738	1.021392
-1.623811	1.017783
-1.619884	1.014369
-1.615957	1.011140
-1.612030	1.008096
-1.608103	1.005243
-1.604176	1.002590
-1.600249	1.000145
-1.596322	0.997912
-1.592395	0.995895
-1.588468	0.994095
-1.584541	0.992512
-1.580614	0.991145
-1.576687	0.989989
-1.572760	0.989041
-1.568833	0.988298
-1.564906	0.987756
-1.560979	0.987411
-1.557052	0.987259
-1.553125	0.987297
-1.549198	0.987523
-1.545271	0.987934
-1.541344	0.988527
-1.537417	0.989301
-1.533490	0.990255
-1.529563	0.991387
-1.525636	0.992695
-1.521709	0.994179
-1.517782	0.995836
-1.513855	0.997664
-1.509928	0.999660
-1.506001	1.001819
-1.502074	1.004135
-1.498147	1.006597
-1.494220	1.009194
-1.490293	1.011909
-1.486366	1.014720
-1.482439	1.017596
-1.478512	1.020500
-1.474585	1.023382
-1.470658	1.026179
-1.466731	1.028812
-1.462804	1.031183
-1.458877	1.033171
-1.454950	1.034634
-1.451023	1.035403
-1.447096	1.035288
-1.443169	1.034082
-1.439242	1.031573
-1.435315	1.027563
-1.431388	1.021894
-1.427461	1.014480
-1.423534	1.005341
-1.419607	0.994640
-1.415680	0.982696
-1.411753	0.969993
-1.407826	0.957153
-1.403899	0.944896
-1.399972	0.933990
-1.396045	0.925192
-1.392118	0.919207
-1.388191	0.916652
-1.384264	0.918041
-1.380337	0.923778
-1.376410	0.934155
-1.372483	0.949348
-1.368556	0.969407
-1.364629	0.994230
-1.360702	1.023534
-1.356775	1.056804
-1.352848	1.093243
-1.348921	1.131715
-1.344994	1.170715
-1.341067	1.208374
-1.337140	1.242524
-1.333213	1.270855
-1.329286	1.291135
-1.325359	1.301497
-1.321432	1.300711
-1.317505	1.288385
-1.313578	1.265019
-1.309651	1.231918
-1.305724	1.190965
-1.301797	1.144344
-1.297870	1.094261
-1.293943	1.042734
-1.290016	0.991462
-1.286089	0.941776
-1.282163	0.894644
-1.278236	0.850715
-1.274309	0.810382
-1.270382	0.773840
-1.266455	0.741144
-1.262528	0.712254
-1.258601	0.687073
-1.254674	0.665472
-1.250747	0.647306
-1.246820	0.632432
-1.242893	0.620709
-1.238966	0.612001
-1.235039	0.606179
-1.231112	0.603114
-1.227185	0.602666
-1.223258	0.604680
-1.219331	0.608969
-1.215404	0.615311
-1.211477	0.623432
-1.207550	0.633011
-1.203623	0.643683
-1.199696	0.655054
-1.195769	0.666724
-1.191842	0.678316
-1.187915	0.689507
-1.183988	0.700044
-1.180061	0.709758
-1.176134	0.718562
-1.172207	0.726438
-1.168280	0.733427
-1.164353	0.739602
-1.160426	0.745060
-1.156499	0.749903
-1.152572	0.754232
-1.148645	0.758142
-1.144718	0.761717
-1.140791	0.765029
-1.136864	0.768140
-1.132937	0.771101
-1.129010	0.773954
-1.125083	0.776736
-1.121156	0.779472
-1.117229	0.782188
-1.113302	0.784901
-1.109375	0.787626
-1.105448	0.790376
-1.101521	0.793161
-1.097594	0.795990
-1.093667	0.798870
-1.089740	0.801806
-1.085813	0.804805
-1.081886	0.807870
-1.077959	0.811006
-1.074032	0.814217
-1.070105	0.817506
-1.066178	0.820877
-1.062251	0.824333
-1.058324	0.827877
-1.054397	0.831513
-1.050470	0.835244
-1.046543	0.839074
-1.042616	0.843005
-1.038689	0.847043
-1.034762	0.851190
-1.030835	0.855451
-1.026908	0.859829
-1.022981	0.864330
-1.019054	0.868957
-1.015127	0.873716
-1.011200	0.878612
-1.007273	0.883650
-1.003346	0.888835
-0.999419	0.894173
-0.995492	0.899671
-0.991565	0.905334
-0.987638	0.911171
-0.983711	0.917186
-0.979784	0.923389
-0.975857	0.929787
-0.971930	0.936387
-0.968003	0.943198
-0.964076	0.950229
-0.960149	0.957489
-0.956222	0.964987
-0.952295	0.972733
-0.948368	0.980736
-0.944441	0.989008
-0.940514	0.997557
-0.936587	1.006394
-0.932660	1.015530
-0.928733	1.024974
-0.924806	1.034735
-0.920879	1.044822
-0.916952	1.055242
-0.913025	1.066001
-0.909098	1.077104
-0.905171	1.088549
-0.901244	1.100335
-0.897317	1.112453
-0.893390	1.124889
-0.889463	1.137617
-0.885536	1.150606
-0.881609	1.163806
-0.877682	1.177154
-0.873755	1.190560
-0.869828	1.203913
-0.865901	1.217064
-0.861974	1.229825
-0.858047	1.241960
-0.854121	1.253173
-0.850194	1.263105
-0.846267	1.271319
-0.842340	1.277305
-0.838413	1.280475
-0.834486	1.280177
-0.830559	1.275722
-0.826632	1.266423
-0.822705	1.251657
-0.818778	1.230940
-0.814851	1.204008
-0.810924	1.170891
-0.806997	1.131954
-0.803070	1.087899
-0.799143	1.039714
-0.795216	0.988579
-0.791289	0.935748
-0.787362	0.882432
-0.783435	0.829706
-0.779508	0.778453
-0.775581	0.729335
-0.771654	0.682807
-0.767727	0.639134
-0.763800	0.598434
-0.759873	0.560708
-0.755946	0.525874
-0.752019	0.493798
-0.748092	0.464311
-0.744165	0.437231
-0.740238	0.412367
-0.736311	0.389534
-0.732384	0.368555
-0.728457	0.349262
-0.724530	0.331499
-0.720603	0.315126
-0.716676	0.300013
-0.712749	0.286042
-0.708822	0.273108
-0.704895	0.261115
-0.700968	0.249978
-0.697041	0.239620
-0.693114	0.229971
-0.689187	0.220970
-0.685260	0.212560
-0.681333	0.204691
-0.677406	0.197318
-0.673479	0.190400
-0.669552	0.183900
-0.665625	0.177785
-0.661698	0.172025
-0.657771	0.166592
-0.653844	0.161463
-0.649917	0.156613
-0.645990	0.152024
-0.642063	0.147676
-0.638136	0.143552
-0.634209	0.139637
-0.630282	0.135916
-0.626355	0.132377
-0.622428	0.129008
-0.618501	0.125797
-0.614574	0.122734
-0.610647	0.119811
-0.606720	0.117019
-0.602793	0.114349
-0.598866	0.111795
-0.594939	0.109349
-0.591012	0.107006
-0.587085	0.104759
-0.583158	0.102603
-0.579231	0.100534
-0.575304	0.098545
-0.571377	0.096634
-0.567450	0.094796
-0.563523	0.093028
-0.559596	0.091324
-0.555669	0.089684
-0.551742	0.088102
-0.547815	0.086577
-0.543888	0.085106
-0.539961	0.083685
-0.536034	0.082313
-0.532107	0.080988
-0.528180	0.079707
-0.524253	0.078468
-0.520326	0.077270
-0.516399	0.076110
-0.512472	0.074987
-0.508545	0.073900
-0.504618	0.072846
-0.500691	0.071825
-0.496764	0.070835
-0.492837	0.069875
-0.488910	0.068943
-0.484983	0.068039
-0.481056	0.067161
-0.477129	0.066309
-0.473202	0.065481
-0.469275	0.064677
-0.465348	0.063895
-0.461421	0.063135
-0.457494	0.062397
-0.453567	0.061678
-0.449640	0.060979
-0.445713	0.060298
-0.441786	0.059636
-0.437859	0.058991
-0.433932	0.058364
-0.430005	0.057752
-0.426079	0.057157
-0.422152	0.056576
-0.418225	0.056011
-0.414298	0.055460
-0.410371	0.054923
-0.406444	0.054399
-0.402517	0.053888
-0.398590	0.053390
-0.394663	0.052904
-0.390736	0.052430
-0.386809	0.051967
-0.382882	0.051516
-0.378955	0.051075
-0.375028	0.050645
-0.371101	0.050225
-0.367174	0.049816
-0.363247	0.049415
-0.359320	0.049025
-0.355393	0.048643
-0.351466	0.048270
-0.347539	0.047906
-0.343612	0.047550
-0.339685	0.047203
-0.335758	0.046863
-0.331831	0.046532
-0.327904	0.046208
-0.323977	0.045891
-0.320050	0.045582
-0.316123	0.045279
-0.312196	0.044984
-0.308269	0.044695
-0.304342	0.044413
-0.300415	0.044137
-0.296488	0.043868
-0.292561	0.043604
-0.288634	0.043347
-0.284707	0.043095
-0.280780	0.042849
-0.276853	0.042609
-0.272926	0.042375
-0.268999	0.042145
-0.265072	0.041921
-0.261145	0.041702
-0.257218	0.041488
-0.253291	0.041279
-0.249364	0.041075
-0.245437	0.040876
-0.241510	0.040681
-0.237583	0.040491
-0.233656	0.040305
-0.229729	0.040124
-0.225802	0.039947
-0.221875	0.039774
-0.217948	0.039606
-0.214021	0.039442
-0.210094	0.039281
-0.206167	0.039125
-0.202240	0.038972
-0.198313	0.038824
-0.194386	0.038679
-0.190459	0.038538
-0.186532	0.038400
-0.182605	0.038267
-0.178678	0.038136
-0.174751	0.038010
-0.170824	0.037886
-0.166897	0.037766
-0.162970	0.037650
-0.159043	0.037537
-0.155116	0.037427
-0.151189	0.037320
-0.147262	0.037217
-0.143335	0.037116
-0.139408	0.037019
-0.135481	0.036925
-0.131554	0.036834
-0.127627	0.036746
-0.123700	0.036661
-0.119773	0.036578
-0.115846	0.036499
-0.111919	0.036423
-0.107992	0.036349
-0.104065	0.036279
-0.100138	0.036211
-0.096211	0.036146
-0.092284	0.036084
-0.088357	0.036024
-0.084430	0.035967
-0.080503	0.035913
-0.076576	0.035862
-0.072649	0.035813
-0.068722	0.035767
-0.064795	0.035724
-0.060868	0.035683
-0.056941	0.035645
-0.053014	0.035609
-0.049087	0.035576
-0.045160	0.035546
-0.041233	0.035518
-0.037306	0.035493
-0.033379	0.035470
-0.029452	0.035450
-0.025525	0.035432
-0.021598	0.035417
-0.017671	0.035405
-0.013744	0.035394
-0.009817	0.035387
-0.005890	0.035382
-0.001963	0.035379
0.001963	0.035379
0.005890	0.035382
0.009817	0.035387
0.013744	0.035394
0.017671	0.035404
0.021598	0.035417
0.025525	0.035432
0.029452	0.035449
0.033379	0.035469
0.037306	0.035492
0.041233	0.035517
0.045160	0.035545
0.049087	0.035575
0.053014	0.035608
0.056941	0.035643
0.060868	0.035681
0.064795	0.035722
0.068722	0.035765
0.072649	0.035811
0.076576	0.035860
0.080503	0.035911
0.084430	0.035965
0.088357	0.036022
0.092284	0.036081
0.096211	0.036143
0.100138	0.036208
0.104065	0.036276
0.107992	0.036346
0.111919	0.036419
0.115846	0.036496
0.119773	0.036575
0.123700	0.036657
0.127627	0.036742
0.131554	0.036830
0.135481	0.036920
0.139408	0.037014
0.143335	0.037112
0.147262	0.037212
0.151189	0.037315
0.155116	0.037422
0.159043	0.037531
0.162970	0.037644
0.166897	0.037761
0.170824	0.037880
0.174751	0.038004
0.178678	0.038130
0.182605	0.038260
0.186532	0.038394
0.190459	0.038531
0.194386	0.038672
0.198313	0.038817
0.202240	0.038965
0.206167	0.039117
0.210094	0.039273
0.214021	0.039434
0.217948	0.039598
0.221875	0.039766
0.225802	0.039938
0.229729	0.040115
0.233656	0.040296
0.237583	0.040481
0.241510	0.040671
0.245437	0.040866
0.249364	0.041065
0.253291	0.041269
0.257218	0.041477
0.261145	0.041691
0.265072	0.041910
0.268999	0.042134
0.272926	0.042363
0.276853	0.042597
0.280780	0.042837
0.284707	0.043082
0.288634	0.043334
0.292561	0.043591
0.296488	0.043854
0.300415	0.044123
0.304342	0.044398
0.308269	0.044680
0.312196	0.044968
0.316123	0.045263
0.320050	0.045565
0.323977	0.045874
0.327904	0.046190
0.331831	0.046514
0.335758	0.046845
0.339685	0.047184
0.343612	0.047531
0.347539	0.047886
0.351466	0.048250
0.355393	0.048622
0.359320	0.049003
0.363247	0.049393
0.367174	0.049792
0.371101	0.050202
0.375028	0.050621
0.378955	0.051050
0.382882	0.051490
0.386809	0.051941
0.390736	0.052402
0.394663	0.052876
0.398590	0.053361
0.402517	0.053858
0.406444	0.054368
0.410371	0.054891
0.414298	0.055427
0.418225	0.055977
0.422152	0.056542
0.426079	0.057121
0.430005	0.057715
0.433932	0.058325
0.437859	0.058952
0.441786	0.059595
0.445713	0.060256
0.449640	0.060935
0.453567	0.061633
0.457494	0.062350
0.461421	0.063087
0.465348	0.063845
0.469275	0.064625
0.473202	0.065428
0.477129	0.066254
0.481056	0.067104
0.484983	0.067980
0.488910	0.068882
0.492837	0.069811
0.496764	0.070769
0.500691	0.071756
0.504618	0.072775
0.508545	0.073826
0.512472	0.074910
0.516399	0.076030
0.520326	0.077187
0.524253	0.078382
0.528180	0.079617
0.532107	0.080895
0.536034	0.082216
0.539961	0.083584
0.543888	0.085000
0.547815	0.086467
0.551742	0.087987
0.555669	0.089564
0.559596	0.091199
0.563523	0.092897
0.567450	0.094660
0.571377	0.096491
0.575304	0.098396
0.579231	0.100377
0.583158	0.102439
0.587085	0.104586
0.591012	0.106824
0.594939	0.109159
0.598866	0.111595
0.602793	0.114139
0.606720	0.116798
0.610647	0.119578
0.614574	0.122489
0.618501	0.125538
0.622428	0.128734
0.626355	0.132088
0.630282	0.135611
0.634209	0.139313
0.638136	0.143209
0.642063	0.147312
0.645990	0.151638
0.649917	0.156203
0.653844	0.161026
0.657771	0.166127
0.661698	0.171529
0.665625	0.177255
0.669552	0.183333
0.673479	0.189793
0.677406	0.196668
0.681333	0.203993
0.685260	0.211810
0.689187	0.220163
0.693114	0.229102
0.697041	0.238682
0.700968	0.248964
0.704895	0.260017
0.708822	0.271918
0.712749	0.284750
0.716676	0.298609
0.720603	0.313598
0.724530	0.329834
0.728457	0.347445
0.732384	0.366571
0.736311	0.387366
0.740238	0.409995
0.744165	0.434637
0.748092	0.461475
0.752019	0.490700
0.755946	0.522497
0.759873	0.557035
0.763800	0.594456
0.767727	0.634848
0.771654	0.678222
0.775581	0.724475
0.779508	0.773362
0.783435	0.824452
0.787362	0.877106
0.791289	0.930467
0.795216	0.983479
0.799143	1.034942
0.803070	1.083598
0.806997	1.128253
0.810924	1.167888
0.814851	1.201763
0.818778	1.229470
0.822705	1.250943
0.826632	1.266414
0.830559	1.276346
0.834486	1.281349
0.838413	1.282107
0.842340	1.279313
0.846267	1.273625
0.850194	1.265641
0.854121	1.255880
0.858047	1.244789
0.861974	1.232736
0.865901	1.220023
0.869828	1.206896
0.873755	1.193546
0.877682	1.180126
0.881609	1.166754
0.885536	1.153520
0.889463	1.140491
0.893390	1.127717
0.897317	1.115234
0.901244	1.103066
0.905171	1.091229
0.909098	1.079732
0.913025	1.068578
0.916952	1.057768
0.920879	1.047298
0.924806	1.037162
0.928733	1.027354
0.932660	1.017864
0.936587	1.008684
0.940514	0.999804
0.944441	0.991213
0.948368	0.982902
0.952295	0.974860
0.956222	0.967077
0.960149	0.959543
0.964076	0.952249
0.968003	0.945185
0.971930	0.938342
0.975857	0.931712
0.979784	0.925285
0.983711	0.919054
0.987638	0.913011
0.991565	0.907149
0.995492	0.901460
0.999419	0.895938
1.003346	0.890576
1.007273	0.885368
1.011200	0.880309
1.015127	0.875392
1.019054	0.870613
1.022981	0.865966
1.026908	0.861446
1.030835	0.857049
1.034762	0.852770
1.038689	0.848605
1.042616	0.844551
1.046543	0.840603
1.050470	0.836757
1.054397	0.833010
1.058324	0.829358
1.062251	0.825799
1.066178	0.822328
1.070105	0.818942
1.074032	0.815637
1.077959	0.812411
1.081886	0.809259
1.085813	0.806178
1.089740	0.803163
1.093667	0.800208
1.097594	0.797310
1.101521	0.794461
1.105448	0.791653
1.109375	0.788878
1.113302	0.786125
1.117229	0.783381
1.121156	0.780628
1.125083	0.777848
1.129010	0.775015
1.132937	0.772100
1.136864	0.769066
1.140791	0.765866
1.144718	0.762448
1.148645	0.758745
1.152572	0.754681
1.156499	0.750170
1.160426	0.745113
1.164353	0.739407
1.168280	0.732949
1.172207	0.725647
1.176134	0.717435
1.180061	0.708286
1.183988	0.698234
1.187915	0.687390
1.191842	0.675945
1.195769	0.664174
1.199696	0.652419
1.203623	0.641067
1.207550	0.630519
1.211477	0.621164
1.215404	0.613356
1.219331	0.607403
1.223258	0.603563
1.227185	0.602049
1.231112	0.603035
1.235039	0.606670
1.238966	0.613088
1.242893	0.622417
1.246820	0.634788
1.250747	0.650335
1.254674	0.669200
1.258601	0.691529
1.262528	0.717464
1.266455	0.747133
1.270382	0.780624
1.274309	0.817966
1.278236	0.859082
1.282163	0.903748
1.286089	0.951531
1.290016	1.001730
1.293943	1.053314
1.297870	1.104888
1.301797	1.154686
1.305724	1.200643
1.309651	1.240533
1.313578	1.272196
1.317505	1.293818
1.321432	1.304210
1.325359	1.303008
1.329286	1.290748
1.333213	1.268778
1.337140	1.239045
1.341067	1.203812
1.344994	1.165389
1.348921	1.125906
1.352848	1.087184
1.356775	1.050672
1.360702	1.017456
1.364629	0.988288
1.368556	0.963649
1.372483	0.943795
1.376410	0.928810
1.380337	0.918632
1.384264	0.913082
1.388191	0.911864
1.392118	0.914579
1.396045	0.920717
1.399972	0.929667
1.403899	0.940732
1.407826	0.953161
1.411753	0.966190
1.415680	0.979101
1.419607	0.991271
1.423534	1.002214
1.427461	1.011606
1.431388	1.019281
1.435315	1.025212
1.439242	1.029481
1.443169	1.032243
1.447096	1.033694
1.451023	1.034045
1.454950	1.033500
1.458877	1.032249
1.462804	1.030462
1.466731	1.028281
1.470658	1.025827
1.474585	1.023198
1.478512	1.020474
1.482439	1.017718
1.486366	1.014980
1.490293	1.012299
1.494220	1.009704
1.498147	1.007219
1.502074	1.004859
1.506001	1.002639
1.509928	1.000567
1.513855	0.998650
1.517782	0.996893
1.521709	0.995298
1.525636	0.993870
1.529563	0.992608
1.533490	0.991516
1.537417	0.990593
1.541344	0.989842
1.545271	0.989263
1.549198	0.988858
1.553125	0.988630
1.557052	0.988580
1.560979	0.988712
1.564906	0.989028
1.568833	0.989533
1.572760	0.990230
1.576687	0.991123
1.580614	0.992218
1.584541	0.993519
1.588468	0.995030
1.592395	0.996754
1.596322	0.998696
1.600249	1.000858
1.604176	1.003239
1.608103	1.005840
1.612030	1.008659
1.615957	1.011695
1.619884	1.014947
1.623811	1.018421
1.627738	1.022134
1.631665	1.026121
1.635592	1.030452
1.639519	1.035237
1.643446	1.040651
1.647373	1.046945
1.651300	1.054453
1.655227	1.063595
1.659154	1.074860
1.663081	1.088779
1.667008	1.105881
1.670935	1.126644
1.674862	1.151437
1.678789	1.180464
1.682716	1.213712
1.686643	1.250899
1.690570	1.291432
1.694497	1.334380
1.698424	1.378468
1.702351	1.422116
1.706278	1.463515
1.710205	1.500766
1.714131	1.532059
1.718058	1.555877
1.721985	1.571193
1.725912	1.577622
1.729839	1.575491
1.733766	1.565818
1.737693	1.550195
1.741620	1.530596
1.745547	1.509165
1.749474	1.488012
1.753401	1.469057
1.757328	1.453927
1.761255	1.443906
1.765182	1.439927
1.769109	1.442581
1.773036	1.452130
1.776963	1.468513
1.780890	1.491347
1.784817	1.519906
1.788744	1.553113
1.792671	1.589528
1.796598	1.627372
1.800525	1.664584
1.804452	1.698929
1.808379	1.728145
1.812306	1.750127
1.816233	1.763121
1.820160	1.765900
1.824087	1.757900
1.828014	1.739291
1.831941	1.710964
1.835868	1.674434
1.839795	1.631674
1.843722	1.584902
1.847649	1.536369
1.851576	1.488184
1.855503	1.442187
1.859430	1.399889
1.863357	1.362467
1.867284	1.330793
1.871211	1.305485
1.875138	1.286965
1.879065	1.275509
1.882992	1.271291
1.886919	1.274417
1.890846	1.284932
1.894773	1.302832
1.898700	1.328040
1.902627	1.360385
1.906554	1.399559
1.910481	1.445062
1.914408	1.496145
1.918335	1.551748
1.922262	1.610464
1.926189	1.670525
1.930116	1.729833
1.934043	1.786056
1.937970	1.836772
1.941897	1.879644
1.945824	1.912616
1.949751	1.934071
1.953678	1.942960
1.957605	1.938865
1.961532	1.922024
1.965459	1.893304
1.969386	1.854142
1.973313	1.806437
1.977240	1.752415
1.981167	1.694454
1.985094	1.634915
1.989021	1.575980
1.992948	1.519544
1.996875	1.467137
2.000802	1.419915
2.004729	1.378662
2.008656	1.343830
2.012583	1.315578
2.016510	1.293805
2.020437	1.278182
2.024364	1.268176
2.028291	1.263068
2.032218	1.261979
2.036145	1.263893
2.040072	1.267701
2.043999	1.272235
2.047926	1.276317
2.051853	1.278804
2.055780	1.278633
2.059707	1.274865
2.063634	1.266737
2.067561	1.253714
2.071488	1.235537
2.075415	1.212253
2.079342	1.184211
2.083269	1.152024
2.087196	1.116488
2.091123	1.078485
2.095050	1.038888
2.098977	0.998489
2.102904	0.957964
2.106831	0.917867
2.110758	0.878651
2.114685	0.840693
2.118612	0.804312
2.122539	0.769787
2.126466	0.737349
2.130393	0.707187
2.134320	0.679438
2.138246	0.654189
2.142173	0.631485
2.146100	0.611332
2.150027	0.593709
2.153954	0.578578
2.157881	0.565894
2.161808	0.555610
2.165735	0.547686
2.169662	0.542092
2.173589	0.538806
2.177516	0.537824
2.181443	0.539149
2.185370	0.542794
2.189297	0.548775
2.193224	0.557102
2.197151	0.567768
2.201078	0.580732
2.205005	0.595899
2.208932	0.613094
2.212859	0.632031
2.216786	0.652283
2.220713	0.673255
2.224640	0.694169
2.228567	0.714075
2.232494	0.731886
2.236421	0.746469
2.240348	0.756757
2.244275	0.761888
2.248202	0.761332
2.252129	0.754979
2.256056	0.743150
2.259983	0.726550
2.263910	0.706152
2.267837	0.683058
2.271764	0.658376
2.275691	0.633112
2.279618	0.608113
2.283545	0.584045
2.287472	0.561393
2.291399	0.540484
2.295326	0.521520
2.299253	0.504603
2.303180	0.489766
2.307107	0.476993
2.311034	0.466237
2.314961	0.457431
2.318888	0.450496
2.322815	0.445347
2.326742	0.441891
2.330669	0.440029
2.334596	0.439658
2.338523	0.440663
2.342450	0.442927
2.346377	0.446326
2.350304	0.450745
2.354231	0.456075
2.358158	0.462234
2.362085	0.469159
2.366012	0.476818
2.369939	0.485194
2.373866	0.494276
2.377793	0.504049
2.381720	0.514479
2.385647	0.525512
2.389574	0.537084
2.393501	0.549125
2.397428	0.561572
2.401355	0.574382
2.405282	0.587519
2.409209	0.600959
2.413136	0.614669
2.417063	0.628609
2.420990	0.642730
2.424917	0.656986
2.428844	0.671350
2.432771	0.685835
2.436698	0.700500
2.440625	0.715458
2.444552	0.730877
2.448479	0.746967
2.452406	0.763973
2.456333	0.782152
2.460260	0.801754
2.464187	0.822997
2.468114	0.846047
2.472041	0.870997
2.475968	0.897865
2.479895	0.926608
2.483822	0.957137
2.487749	0.989360
2.491676	1.023206
2.495603	1.058652
2.499530	1.095718
2.503457	1.134450
2.507384	1.174874
2.511311	1.216932
2.515238	1.260414
2.519165	1.304885
2.523092	1.349639
2.527019	1.393686
2.530946	1.435780
2.534873	1.474508
2.538800	1.508413
2.542727	1.536137
2.546654	1.556566
2.550581	1.568948
2.554508	1.572972
2.558435	1.568795
2.562362	1.557012
2.566288	1.538572
2.570215	1.514649
2.574142	1.486500
2.578069	1.455322
2.581996	1.422149
2.585923	1.387779
2.589850	1.352757
2.593777	1.317396
2.597704	1.281818
2.601631	1.246023
2.605558	1.209954
2.609485	1.173557
2.613412	1.136824
2.617339	1.099810
2.621266	1.062629
2.625193	1.025425
2.629120	0.988341
2.633047	0.951496
2.636974	0.914973
2.640901	0.878819
2.644828	0.843067
2.648755	0.807750
2.652682	0.772926
2.656609	0.738688
2.660536	0.705171
2.664463	0.672548
2.668390	0.641018
2.672317	0.610785
2.676244	0.582040
2.680171	0.554947
2.684098	0.529624
2.688025	0.506146
2.691952	0.484540
2.695879	0.464792
2.699806	0.446853
2.703733	0.430643
2.707660	0.416059
2.711587	0.402977
2.715514	0.391257
2.719441	0.380741
2.723368	0.371262
2.727295	0.362645
2.731222	0.354716
2.735149	0.347313
2.739076	0.340299
2.743003	0.333570
2.746930	0.327068
2.750857	0.320777
2.754784	0.314720
2.758711	0.308952
2.762638	0.303542
2.766565	0.298566
2.770492	0.294099
2.774419	0.290203
2.778346	0.286934
2.782273	0.284335
2.786200	0.282441
2.790127	0.281281
2.794054	0.280879
2.797981	0.281259
2.801908	0.282447
2.805835	0.284470
2.809762	0.287362
2.813689	0.291159
2.817616	0.295905
2.821543	0.301649
2.825470	0.308446
2.829397	0.316356
2.833324	0.325438
2.837251	0.335755
2.841178	0.347362
2.845105	0.360304
2.849032	0.374605
2.852959	0.390264
2.856886	0.407234
2.860813	0.425417
2.864740	0.444647
2.868667	0.464680
2.872594	0.485190
2.876521	0.505781
2.880448	0.526004
2.884375	0.545401
2.888302	0.563560
2.892229	0.580168
2.896156	0.595065
2.900083	0.608273
2.904010	0.619988
2.907937	0.630536
2.911864	0.640302
2.915791	0.649631
2.919718	0.658745
2.923645	0.667674
2.927572	0.676223
2.931499	0.683979
2.935426	0.690358
2.939353	0.694680
2.943280	0.696270
2.947207	0.694557
2.951134	0.689162
2.955061	0.679955
2.958988	0.667075
2.962915	0.650911
2.966842	0.632049
2.970769	0.611200
2.974696	0.589128
2.978623	0.566573
2.982550	0.544203
2.986477	0.522583
2.990404	0.502158
2.994330	0.483260
2.998257	0.466119
3.002184	0.450880
3.006111	0.437623
3.010038	0.426380
3.013965	0.417151
3.017892	0.409918
3.021819	0.404652
3.025746	0.401324
3.029673	0.399906
3.033600	0.400375
3.037527	0.402711
3.041454	0.406892
3.045381	0.412892
3.049308	0.420673
3.053235	0.430171
3.057162	0.441288
3.061089	0.453878
3.065016	0.467739
3.068943	0.482601
3.072870	0.498131
3.076797	0.513941
3.080724	0.529614
3.084651	0.544739
3.088578	0.558956
3.092505	0.572001
3.096432	0.583741
3.100359	0.594193
3.104286	0.603501
3.108213	0.611894
3.112140	0.619608
3.116067	0.626824
3.119994	0.633644
3.123921	0.640127
3.127848	0.646375
3.131775	0.652618
3.135702	0.659231
3.139629	0.666679
3.143556	0.675395
3.147483	0.685666
3.151410	0.697583
3.155337	0.711091
3.159264	0.726083
3.163191	0.742475
3.167118	0.760144
3.171045	0.778732
3.174972	0.797413
3.178899	0.814811
3.182826	0.829224
3.186753	0.839084
3.190680	0.843436
3.194607	0.842220
3.198534	0.836291
3.202461	0.827232
3.206388	0.816995
3.210315	0.807437
3.214242	0.799881
3.218169	0.794900
3.222096	0.792372
3.226023	0.791724
3.229950	0.792200
3.233877	0.793082
3.237804	0.793797
3.241731	0.793928
3.245658	0.793140
3.249585	0.791053
3.253512	0.787134
3.257439	0.780649
3.261366	0.770753
3.265293	0.756697
3.269220	0.738106
3.273147	0.715187
3.277074	0.688765
3.281001	0.660121
3.284928	0.630713
3.288855	0.601881
3.292782	0.574609
3.296709	0.549370
3.300636	0.526085
3.304563	0.504238
3.308490	0.483122
3.312417	0.462134
3.316344	0.440987
3.320271	0.419752
3.324198	0.398749
3.328125	0.378377
3.332052	0.358979
3.335979	0.340791
3.339906	0.323957
3.343833	0.308577
3.347760	0.294726
3.351687	0.282446
3.355614	0.271725
3.359541	0.262477
3.363468	0.254536
3.367395	0.247680
3.371322	0.241656
3.375249	0.236222
3.379176	0.231163
3.383103	0.226318
3.387030	0.221579
3.390957	0.216888
3.394884	0.212233
3.398811	0.207634
3.402738	0.203135
3.406665	0.198787
3.410592	0.194646
3.414519	0.190765
3.418446	0.187188
3.422372	0.183953
3.426299	0.181087
3.430226	0.178613
3.434153	0.176546
3.438080	0.174898
3.442007	0.173677
3.445934	0.172888
3.449861	0.172536
3.453788	0.172626
3.457715	0.173162
3.461642	0.174148
3.465569	0.175589
3.469496	0.177491
3.473423	0.179861
3.477350	0.182704
3.481277	0.186031
3.485204	0.189853
3.489131	0.194181
3.493058	0.199027
3.496985	0.204395
3.500912	0.210280
3.504839	0.216653
3.508766	0.223455
3.512693	0.230591
3.516620	0.237927
3.520547	0.245296
3.524474	0.252510
3.528401	0.259378
3.532328	0.265725
3.536255	0.271419
3.540182	0.276386
3.544109	0.280618
3.548036	0.284184
3.551963	0.287220
3.555890	0.289918
3.559817	0.292511
3.563744	0.295251
3.567671	0.298390
3.571598	0.302171
3.575525	0.306809
3.579452	0.312491
3.583379	0.319364
3.587306	0.327545
3.591233	0.337116
3.595160	0.348134
3.599087	0.360636
3.603014	0.374643
3.606941	0.390167
3.610868	0.407206
3.614795	0.425736
3.618722	0.445693
3.622649	0.466952
3.626576	0.489298
3.630503	0.512392
3.634430	0.535742
3.638357	0.558683
3.642284	0.580374
3.646211	0.599824
3.650138	0.615962
3.654065	0.627751
3.657992	0.634327
3.661919	0.635143
3.665846	0.630060
3.669773	0.619367
3.673700	0.603724
3.677627	0.584053
3.681554	0.561401
3.685481	0.536812
3.689408	0.511235
3.693335	0.485462
3.697262	0.460109
3.701189	0.435615
3.705116	0.412274
3.709043	0.390258
3.712970	0.369656
3.716897	0.350501
3.720824	0.332786
3.724751	0.316482
3.728678	0.301542
3.732605	0.287907
3.736532	0.275504
3.740459	0.264254
3.744386	0.254074
3.748313	0.244882
3.752240	0.236602
3.756167	0.229168
3.760094	0.222525
3.764021	0.216629
3.767948	0.211446
3.771875	0.206946
3.775802	0.203104
3.779729	0.199893
3.783656	0.197286
3.787583	0.195253
3.791510	0.193765
3.795437	0.192792
3.799364	0.192312
3.803291	0.192309
3.807218	0.192780
3.811145	0.193735
3.815072	0.195197
3.818999	0.197205
3.822926	0.199805
3.826853	0.203053
3.830780	0.207009
3.834707	0.211732
3.838634	0.217282
3.842561	0.223709
3.846488	0.231059
3.850414	0.239364
3.854341	0.248640
3.858268	0.258884
3.862195	0.270064
3.866122	0.282114
3.870049	0.294924
3.873976	0.308331
3.877903	0.322110
3.881830	0.335967
3.885757	0.349544
3.889684	0.362427
3.893611	0.374166
3.897538	0.384304
3.901465	0.392412
3.905392	0.398117
3.909319	0.401134
3.913246	0.401295
3.917173	0.398568
3.921100	0.393068
3.925027	0.385054
3.928954	0.374907
3.932881	0.363091
3.936808	0.350102
3.940735	0.336428
3.944662	0.322510
3.948589	0.308728
3.952516	0.295391
3.956443	0.282735
3.960370	0.270933
3.964297	0.260104
3.968224	0.250319
3.972151	0.241615
3.976078	0.233999
3.980005	0.227465
3.983932	0.221993
3.987859	0.217557
3.991786	0.214133
3.995713	0.211697
3.999640	0.210230
4.003567	0.209717
4.007494	0.210151
4.011421	0.211530
4.015348	0.213856
4.019275	0.217137
4.023202	0.221383
4.027129	0.226601
4.031056	0.232798
4.034983	0.239972
4.038910	0.248109
4.042837	0.257181
4.046764	0.267140
4.050691	0.277911
4.054618	0.289395
4.058545	0.301455
4.062472	0.313922
4.066399	0.326583
4.070326	0.339183
4.074253	0.351421
4.078180	0.362954
4.082107	0.373406
4.086034	0.382389
4.089961	0.389548
4.093888	0.394617
4.097815	0.397482
4.101742	0.398230
4.105669	0.397152
4.109596	0.394704
4.113523	0.391425
4.117450	0.387835
4.121377	0.384364
4.125304	0.381317
4.129231	0.378886
4.133158	0.377182
4.137085	0.376282
4.141012	0.376254
4.144939	0.377158
4.148866	0.379031
4.152793	0.381830
4.156720	0.385387
4.160647	0.389362
4.164574	0.393251
4.168501	0.396446
4.172428	0.398337
4.176355	0.398426
4.180282	0.396412
4.184209	0.392219
4.188136	0.385964
4.192063	0.377890
4.195990	0.368296
4.199917	0.357484
4.203844	0.345738
4.207771	0.333326
4.211698	0.320510
4.215625	0.307548
4.219552	0.294696
4.223479	0.282194
4.227406	0.270250
4.231333	0.259037
4.235260	0.248685
4.239187	0.239282
4.243114	0.230881
4.247041	0.223508
4.250968	0.217166
4.254895	0.211847
4.258822	0.207529
4.262749	0.204188
4.266676	0.201792
4.270603	0.200305
4.274530	0.199682
4.278456	0.199872
4.282383	0.200807
4.286310	0.202404
4.290237	0.204560
4.294164	0.207149
4.298091	0.210026
4.302018	0.213029
4.305945	0.215990
4.309872	0.218743
4.313799	0.221137
4.317726	0.223050
4.321653	0.224394
4.325580	0.225123
4.329507	0.225230
4.333434	0.224743
4.337361	0.223717
4.341288	0.222219
4.345215	0.220323
4.349142	0.218104
4.353069	0.215636
4.356996	0.212996
4.360923	0.210261
4.364850	0.207513
4.368777	0.204834
4.372704	0.202306
4.376631	0.200010
4.380558	0.198022
4.384485	0.196416
4.388412	0.195266
4.392339	0.194641
4.396266	0.194607
4.400193	0.195226
4.404120	0.196556
4.408047	0.198650
4.411974	0.201561
4.415901	0.205334
4.419828	0.210015
4.423755	0.215640
4.427682	0.222232
4.431609	0.229793
4.435536	0.238294
4.439463	0.247666
4.443390	0.257796
4.447317	0.268522
4.451244	0.279635
4.455171	0.290885
4.459098	0.301993
4.463025	0.312668
4.466952	0.322617
4.470879	0.331561
4.474806	0.339243
4.478733	0.345430
4.482660	0.349928
4.486587	0.352595
4.490514	0.353360
4.494441	0.352247
4.498368	0.349397
4.502295	0.345068
4.506222	0.339627
4.510149	0.333524
4.514076	0.327246
4.518003	0.321270
4.521930	0.316030
4.525857	0.311885
4.529784	0.309110
4.533711	0.307898
4.537638	0.308367
4.541565	0.310578
4.545492	0.314540
4.549419	0.320222
4.553346	0.327549
4.557273	0.336403
4.561200	0.346619
4.565127	0.357971
4.569054	0.370177
4.572981	0.382894
4.576908	0.395727
4.580835	0.408242
4.584762	0.419984
4.588689	0.430496
4.592616	0.439344
4.596543	0.446134
4.600470	0.450538
4.604397	0.452314
4.608324	0.451332
4.612251	0.447578
4.616178	0.441153
4.620105	0.432255
4.624032	0.421161
4.627959	0.408208
4.631886	0.393776
4.635813	0.378279
4.639740	0.362143
4.643667	0.345786
4.647594	0.329592
4.651521	0.313890
4.655448	0.298943
4.659375	0.284946
4.663302	0.272029
4.667229	0.260268
4.671156	0.249695
4.675083	0.240312
4.679010	0.232101
4.682937	0.225028
4.686864	0.219057
4.690791	0.214147
4.694718	0.210262
4.698645	0.207370
4.702572	0.205443
4.706498	0.204463
4.710425	0.204416
4.714352	0.205294
4.718279	0.207096
4.722206	0.209824
4.726133	0.213484
4.730060	0.218082
4.733987	0.223625
4.737914	0.230117
4.741841	0.237563
4.745768	0.245964
4.749695	0.255324
4.753622	0.265649
4.757549	0.276951
4.761476	0.289244
4.765403	0.302538
4.769330	0.316828
4.773257	0.332067
4.777184	0.348146
4.781111	0.364857
4.785038	0.381876
4.788965	0.398739
4.792892	0.414845
4.796819	0.429488
4.800746	0.441911
4.804673	0.451392
4.808600	0.457342
4.812527	0.459390
4.816454	0.457443
4.820381	0.451698
4.824308	0.442600
4.828235	0.430776
4.832162	0.416949
4.836089	0.401852
4.840016	0.386171
4.843943	0.370502
4.847870	0.355330
4.851797	0.341030
4.855724	0.327868
4.859651	0.316012
4.863578	0.305550
4.867505	0.296498
4.871432	0.288815
4.875359	0.282412
4.879286	0.277169
4.883213	0.272941
4.887140	0.269574
4.891067	0.266912
4.894994	0.264811
4.898921	0.263136
4.902848	0.261769
4.906775	0.260603
4.910702	0.259536
4.914629	0.258474
4.918556	0.257321
4.922483	0.255983
4.926410	0.254368
4.930337	0.252388
4.934264	0.249959
4.938191	0.247007
4.942118	0.243470
4.946045	0.239305
4.949972	0.234497
4.953899	0.229066
4.957826	0.223074
4.961753	0.216619
4.965680	0.209834
4.969607	0.202877
4.973534	0.195913
4.977461	0.189106
4.981388	0.182605
4.985315	0.176535
4.989242	0.171000
4.993169	0.166076
4.997096	0.161819
5.001023	0.158262
5.004950	0.155428
5.008877	0.153325
5.012804	0.151954
5.016731	0.151307
5.020658	0.151366
5.024585	0.152105
5.028512	0.153483
5.032439	0.155440
5.036366	0.157893
5.040293	0.160731
5.044220	0.163811
5.048147	0.166958
5.052074	0.169972
5.056001	0.172633
5.059928	0.174726
5.063855	0.176053
5.067782	0.176460
5.071709	0.175847
5.075636	0.174177
5.079563	0.171480
5.083490	0.167838
5.087417	0.163379
5.091344	0.158265
5.095271	0.152670
5.099198	0.146775
5.103125	0.140751
5.107052	0.134751
5.110979	0.128901
5.114906	0.123300
5.118833	0.118020
5.122760	0.113106
5.126687	0.108587
5.130614	0.104473
5.134540	0.100767
5.138467	0.097460
5.142394	0.094542
5.146321	0.091998
5.150248	0.089809
5.154175	0.087959
5.158102	0.086429
5.162029	0.085198
5.165956	0.084245
5.169883	0.083548
5.173810	0.083084
5.177737	0.082829
5.181664	0.082757
5.185591	0.082848
5.189518	0.083083
5.193445	0.083452
5.197372	0.083955
5.201299	0.084600
5.205226	0.085408
5.209153	0.086407
5.213080	0.087633
5.217007	0.089123
5.220934	0.090918
5.224861	0.093056
5.228788	0.095574
5.232715	0.098503
5.236642	0.101871
5.240569	0.105697
5.244496	0.109992
5.248423	0.114749
5.252350	0.119945
5.256277	0.125530
5.260204	0.131419
5.264131	0.137492
5.268058	0.143584
5.271985	0.149489
5.275912	0.154965
5.279839	0.159752
5.283766	0.163596
5.287693	0.166275
5.291620	0.167631
5.295547	0.167591
5.299474	0.166181
5.303401	0.163517
5.307328	0.159794
5.311255	0.155257
5.315182	0.150169
5.319109	0.144788
5.323036	0.139346
5.326963	0.134034
5.330890	0.129000
5.334817	0.124352
5.338744	0.120158
5.342671	0.116459
5.346598	0.113274
5.350525	0.110604
5.354452	0.108441
5.358379	0.106767
5.362306	0.105557
5.366233	0.104775
5.370160	0.104372
5.374087	0.104284
5.378014	0.104427
5.381941	0.104701
5.385868	0.104987
5.389795	0.105158
5.393722	0.105091
5.397649	0.104674
5.401576	0.103827
5.405503	0.102506
5.409430	0.100708
5.413357	0.098468
5.417284	0.095848
5.421211	0.092925
5.425138	0.089782
5.429065	0.086494
5.432992	0.083130
5.436919	0.079748
5.440846	0.076396
5.444773	0.073117
5.448700	0.069944
5.452627	0.066905
5.456554	0.064022
5.460481	0.061313
5.464408	0.058788
5.468335	0.056451
5.472262	0.054305
5.476189	0.052346
5.480116	0.050569
5.484043	0.048966
5.487970	0.047532
5.491897	0.046256
5.495824	0.045133
5.499751	0.044154
5.503678	0.043313
5.507605	0.042604
5.511532	0.042023
5.515459	0.041565
5.519386	0.041228
5.523313	0.041007
5.527240	0.040900
5.531167	0.040904
5.535094	0.041016
5.539021	0.041230
5.542948	0.041541
5.546875	0.041940
5.550802	0.042416
5.554729	0.042956
5.558656	0.043546
5.562582	0.044169
5.566509	0.044811
5.570436	0.045459
5.574363	0.046102
5.578290	0.046734
5.582217	0.047355
5.586144	0.047965
5.590071	0.048569
5.593998	0.049172
5.597925	0.049778
5.601852	0.050391
5.605779	0.051011
5.609706	0.051636
5.613633	0.052261
5.617560	0.052879
5.621487	0.053480
5.625414	0.054049
5.629341	0.054570
5.633268	0.055024
5.637195	0.055397
5.641122	0.055677
5.645049	0.055862
5.648976	0.055962
5.652903	0.055999
5.656830	0.056004
5.660757	0.056020
5.664684	0.056090
5.668611	0.056261
5.672538	0.056576
5.676465	0.057071
5.680392	0.057774
5.684319	0.058704
5.688246	0.059869
5.692173	0.061262
5.696100	0.062864
5.700027	0.064639
5.703954	0.066530
5.707881	0.068463
5.711808	0.070343
5.715735	0.072061
5.719662	0.073501
5.723589	0.074549
5.727516	0.075110
5.731443	0.075118
5.735370	0.074549
5.739297	0.073419
5.743224	0.071784
5.747151	0.069732
5.751078	0.067365
5.755005	0.064790
5.758932	0.062108
5.762859	0.059403
5.766786	0.056744
5.770713	0.054178
5.774640	0.051736
5.778567	0.049433
5.782494	0.047271
5.786421	0.045246
5.790348	0.043345
5.794275	0.041553
5.798202	0.039854
5.802129	0.038236
5.806056	0.036687
5.809983	0.035203
5.813910	0.033782
5.817837	0.032425
5.821764	0.031134
5.825691	0.029914
5.829618	0.028767
5.833545	0.027695
5.837472	0.026698
5.841399	0.025776
5.845326	0.024926
5.849253	0.024146
5.853180	0.023433
5.857107	0.022783
5.861034	0.022195
5.864961	0.021663
5.868888	0.021186
5.872815	0.020761
5.876742	0.020384
5.880669	0.020055
5.884596	0.019770
5.888523	0.019529
5.892450	0.019327
5.896377	0.019165
5.900304	0.019038
5.904231	0.018943
5.908158	0.018877
5.912085	0.018835
5.916012	0.018812
5.919939	0.018801
5.923866	0.018797
5.927793	0.018791
5.931720	0.018776
5.935647	0.018747
5.939574	0.018694
5.943501	0.018614
5.947428	0.018501
5.951355	0.018353
5.955282	0.018166
5.959209	0.017942
5.963136	0.017681
5.967063	0.017386
5.970990	0.017062
5.974917	0.016715
5.978844	0.016351
5.982771	0.015978
5.986698	0.015602
5.990624	0.015231
5.994551	0.014868
5.998478	0.014519
6.002405	0.014187
6.006332	0.013873
6.010259	0.013578
6.014186	0.013303
6.018113	0.013048
6.022040	0.012812
6.025967	0.012594
6.029894	0.012394
6.033821	0.012210
6.037748	0.012042
6.041675	0.011889
6.045602	0.011749
6.049529	0.011623
6.053456	0.011510
6.057383	0.011410
6.061310	0.011321
6.065237	0.011244
6.069164	0.011178
6.073091	0.011124
6.077018	0.011082
6.080945	0.011052
6.084872	0.011034
6.088799	0.011029
6.092726	0.011036
6.096653	0.011057
6.100580	0.011093
6.104507	0.011143
6.108434	0.011209
6.112361	0.011291
6.116288	0.011389
6.120215	0.011504
6.124142	0.011635
6.128069	0.011780
6.131996	0.011938
6.135923	0.012106
6.139850	0.012279
6.143777	0.012453
6.147704	0.012619
6.151631	0.012772
6.155558	0.012903
6.159485	0.013006
6.163412	0.013073
6.167339	0.013101
6.171266	0.013086
6.175193	0.013028
6.179120	0.012929
6.183047	0.012791
6.186974	0.012619
6.190901	0.012420
6.194828	0.012198
6.198755	0.011963
6.202682	0.011720
6.206609	0.011475
6.210536	0.011235
6.214463	0.011002
6.218390	0.010782
6.222317	0.010575
6.226244	0.010384
6.230171	0.010208
6.234098	0.010049
6.238025	0.009906
6.241952	0.009779
6.245879	0.009667
6.249806	0.009569
6.253733	0.009486
6.257660	0.009416
6.261587	0.009360
6.265514	0.009317
6.269441	0.009286
6.273368	0.009269
6.277295	0.009264
6.281222	0.009272
6.285149	0.009294
6.289076	0.009329
6.293003	0.009379
6.296930	0.009443
6.300857	0.009523
6.304784	0.009619
6.308711	0.009732
6.312638	0.009862
6.316565	0.010010
6.320492	0.010175
6.324419	0.010357
6.328346	0.010554
6.332273	0.010765
6.336200	0.010985
6.340127	0.011210
6.344054	0.011435
6.347981	0.011652
6.351908	0.011855
6.355835	0.012035
6.359762	0.012185
6.363689	0.012300
6.367616	0.012376
6.371543	0.012411
6.375470	0.012405
6.379397	0.012362
6.383324	0.012287
6.387251	0.012184
6.391178	0.012059
6.395105	0.011919
6.399032	0.011767
6.402959	0.011606
6.406886	0.011438
6.410813	0.011264
6.414739	0.011084
6.418666	0.010900
6.422593	0.010713
6.426520	0.010527
6.430447	0.010343
6.434374	0.010164
6.438301	0.009995
6.442228	0.009838
6.446155	0.009695
6.450082	0.009568
6.454009	0.009458
6.457936	0.009366
6.461863	0.009293
6.465790	0.009240
6.469717	0.009205
6.473644	0.009191
6.477571	0.009196
6.481498	0.009221
6.485425	0.009267
6.489352	0.009334
6.493279	0.009423
6.497206	0.009534
6.501133	0.009668
6.505060	0.009825
6.508987	0.010007
6.512914	0.010212
6.516841	0.010440
6.520768	0.010689
6.524695	0.010956
6.528622	0.011239
6.532549	0.011530
6.536476	0.011823
6.540403	0.012110
6.544330	0.012381
6.548257	0.012627
6.552184	0.012838
6.556111	0.013006
6.560038	0.013124
6.563965	0.013188
6.567892	0.013196
6.571819	0.013148
6.575746	0.013046
6.579673	0.012894
6.583600	0.012696
6.587527	0.012461
6.591454	0.012195
6.595381	0.011907
6.599308	0.011608
6.603235	0.011304
6.607162	0.011004
6.611089	0.010714
6.615016	0.010440
6.618943	0.010186
6.622870	0.009953
6.626797	0.009744
6.630724	0.009558
6.634651	0.009397
6.638578	0.009259
6.642505	0.009146
6.646432	0.009055
6.650359	0.008986
6.654286	0.008940
6.658213	0.008915
6.662140	0.008912
6.666067	0.008931
6.669994	0.008972
6.673921	0.009035
6.677848	0.009122
6.681775	0.009232
6.685702	0.009368
6.689629	0.009529
6.693556	0.009719
6.697483	0.009936
6.701410	0.010184
6.705337	0.010461
6.709264	0.010769
6.713191	0.011107
6.717118	0.011473
6.721045	0.011864
6.724972	0.012275
6.728899	0.012699
6.732826	0.013126
6.736753	0.013545
6.740680	0.013943
6.744607	0.014305
6.748534	0.014616
6.752461	0.014862
6.756388	0.015032
6.760315	0.015116
6.764242	0.015111
6.768169	0.015014
6.772096	0.014832
6.776023	0.014571
6.779950	0.014245
6.783877	0.013867
6.787804	0.013453
6.791731	0.013018
6.795658	0.012577
6.799585	0.012142
6.803512	0.011723
6.807439	0.011326
6.811366	0.010957
6.815293	0.010620
6.819220	0.010314
6.823147	0.010042
6.827074	0.009802
6.831001	0.009595
6.834928	0.009419
6.838855	0.009273
6.842781	0.009156
6.846708	0.009068
6.850635	0.009008
6.854562	0.008975
6.858489	0.008969
6.862416	0.008990
6.866343	0.009038
6.870270	0.009113
6.874197	0.009215
6.878124	0.009343
6.882051	0.009498
6.885978	0.009677
6.889905	0.009878
6.893832	0.010099
6.897759	0.010335
6.901686	0.010579
6.905613	0.010823
6.909540	0.011058
6.913467	0.011275
6.917394	0.011462
6.921321	0.011613
6.925248	0.011719
6.929175	0.011779
6.933102	0.011792
6.937029	0.011762
6.940956	0.011694
6.944883	0.011596
6.948810	0.011472
6.952737	0.011331
6.956664	0.011174
6.960591	0.011005
6.964518	0.010824
6.968445	0.010632
6.972372	0.010428
6.976299	0.010214
6.980226	0.009989
6.984153	0.009758
6.988080	0.009522
6.992007	0.009287
6.995934	0.009056
6.999861	0.008833
7.003788	0.008622
7.007715	0.008425
7.011642	0.008245
7.015569	0.008083
7.019496	0.007940
7.023423	0.007816
7.027350	0.007711
7.031277	0.007625
7.035204	0.007558
7.039131	0.007510
7.043058	0.007479
7.046985	0.007468
7.050912	0.007475
7.054839	0.007500
7.058766	0.007545
7.062693	0.007609
7.066620	0.007693
7.070547	0.007798
7.074474	0.007925
7.078401	0.008075
7.082328	0.008248
7.086255	0.008445
7.090182	0.008667
7.094109	0.008912
7.098036	0.009180
7.101963	0.009469
7.105890	0.009775
7.109817	0.010092
7.113744	0.010413
7.117671	0.010730
7.121598	0.011033
7.125525	0.011312
7.129452	0.011556
7.133379	0.011759
7.137306	0.011916
7.141233	0.012026
7.145160	0.012089
7.149087	0.012108
7.153014	0.012089
7.156941	0.012035
7.160868	0.011948
7.164795	0.011831
7.168722	0.011685
7.172649	0.011509
7.176576	0.011305
7.180503	0.011073
7.184430	0.010816
7.188357	0.010540
7.192284	0.010248
7.196211	0.009948
7.200138	0.009646
7.204065	0.009349
7.207992	0.009062
7.211919	0.008791
7.215846	0.008538
7.219773	0.008307
7.223700	0.008098
7.227627	0.007913
7.231554	0.007751
7.235481	0.007613
7.239408	0.007498
7.243335	0.007406
7.247262	0.007336
7.251189	0.007288
7.255116	0.007261
7.259043	0.007256
7.262970	0.007272
7.266897	0.007309
7.270823	0.007367
7.274750	0.007447
7.278677	0.007546
7.282604	0.007666
7.286531	0.007804
7.290458	0.007958
7.294385	0.008126
7.298312	0.008302
7.302239	0.008483
7.306166	0.008661
7.310093	0.008831
7.314020	0.008984
7.317947	0.009116
7.321874	0.009221
7.325801	0.009299
7.329728	0.009349
7.333655	0.009374
7.337582	0.009377
7.341509	0.009362
7.345436	0.009333
7.349363	0.009293
7.353290	0.009243
7.357217	0.009183
7.361144	0.009115
7.365071	0.009039
7.368998	0.008957
7.372925	0.008871
7.376852	0.008782
7.380779	0.008693
7.384706	0.008606
7.388633	0.008521
7.392560	0.008438
7.396487	0.008356
7.400414	0.008271
7.404341	0.008181
7.408268	0.008084
7.412195	0.007979
7.416122	0.007863
7.420049	0.007739
7.423976	0.007609
7.427903	0.007474
7.431830	0.007340
7.435757	0.007209
7.439684	0.007085
7.443611	0.006970
7.447538	0.006867
7.451465	0.006777
7.455392	0.006700
7.459319	0.006636
7.463246	0.006582
7.467173	0.006536
7.471100	0.006497
7.475027	0.006460
7.478954	0.006422
7.482881	0.006382
7.486808	0.006337
7.490735	0.006287
7.494662	0.006233
7.498589	0.006176
7.502516	0.006118
7.506443	0.006062
7.510370	0.006011
7.514297	0.005967
7.518224	0.005933
7.522151	0.005910
7.526078	0.005899
7.530005	0.005901
7.533932	0.005917
7.537859	0.005945
7.541786	0.005985
7.545713	0.006035
7.549640	0.006095
7.553567	0.006160
7.557494	0.006229
7.561421	0.006299
7.565348	0.006366
7.569275	0.006428
7.573202	0.006482
7.577129	0.006525
7.581056	0.006557
7.584983	0.006574
7.588910	0.006576
7.592837	0.006562
7.596764	0.006530
7.600691	0.006481
7.604618	0.006414
7.608545	0.006331
7.612472	0.006234
7.616399	0.006125
7.620326	0.006008
7.624253	0.005886
7.628180	0.005763
7.632107	0.005642
7.636034	0.005526
7.639961	0.005416
7.643888	0.005316
7.647815	0.005225
7.651742	0.005146
7.655669	0.005077
7.659596	0.005018
7.663523	0.004970
7.667450	0.004932
7.671377	0.004902
7.675304	0.004879
7.679231	0.004862
7.683158	0.004848
7.687085	0.004837
7.691012	0.004825
7.694939	0.004813
7.698865	0.004798
7.702792	0.004780
7.706719	0.004760
7.710646	0.004739
7.714573	0.004718
7.718500	0.004699
7.722427	0.004683
7.726354	0.004672
7.730281	0.004668
7.734208	0.004671
7.738135	0.004683
7.742062	0.004704
7.745989	0.004736
7.749916	0.004777
7.753843	0.004829
7.757770	0.004891
7.761697	0.004961
7.765624	0.005039
7.769551	0.005124
7.773478	0.005211
7.777405	0.005299
7.781332	0.005383
7.785259	0.005461
7.789186	0.005528
7.793113	0.005580
7.797040	0.005617
7.800967	0.005635
7.804894	0.005635
7.808821	0.005617
7.812748	0.005582
7.816675	0.005531
7.820602	0.005466
7.824529	0.005390
7.828456	0.005302
7.832383	0.005207
7.836310	0.005107
7.840237	0.005004
7.844164	0.004900
7.848091	0.004799
7.852018	0.004702
7.855945	0.004611
7.859872	0.004527
7.863799	0.004451
7.867726	0.004384
7.871653	0.004325
7.875580	0.004274
7.879507	0.004232
7.883434	0.004196
7.887361	0.004166
7.891288	0.004141
7.895215	0.004120
7.899142	0.004101
7.903069	0.004083
7.906996	0.004065
7.910923	0.004046
7.914850	0.004026
7.918777	0.004004
7.922704	0.003983
7.926631	0.003962
7.930558	0.003942
7.934485	0.003925
7.938412	0.003912
7.942339	0.003903
7.946266	0.003900
7.950193	0.003904
7.954120	0.003914
7.958047	0.003931
7.961974	0.003956
7.965901	0.003989
7.969828	0.004031
7.973755	0.004080
7.977682	0.004138
7.981609	0.004203
7.985536	0.004276
7.989463	0.004354
7.993390	0.004437
7.997317	0.004521
8.001244	0.004606
8.005171	0.004687
8.009098	0.004760
8.013025	0.004823
8.016952	0.004872
8.020879	0.004903
8.024806	0.004914
8.028733	0.004905
8.032660	0.004875
8.036587	0.004825
8.040514	0.004757
8.044441	0.004675
8.048368	0.004582
8.052295	0.004482
8.056222	0.004378
8.060149	0.004274
8.064076	0.004172
8.068003	0.004074
8.071930	0.003982
8.075857	0.003897
8.079784	0.003818
8.083711	0.003747
8.087638	0.003684
8.091565	0.003628
8.095492	0.003579
8.099419	0.003537
8.103346	0.003501
8.107273	0.003471
8.111200	0.003447
8.115127	0.003429
8.119054	0.003417
8.122981	0.003409
8.126907	0.003405
8.130834	0.003406
8.134761	0.003411
8.138688	0.003418
8.142615	0.003428
8.146542	0.003440
8.150469	0.003453
8.154396	0.003468
8.158323	0.003483
8.162250	0.003498
8.166177	0.003515
8.170104	0.003534
8.174031	0.003555
8.177958	0.003580
8.181885	0.003610
8.185812	0.003645
8.189739	0.003686
8.193666	0.003734
8.197593	0.003789
8.201520	0.003850
8.205447	0.003919
8.209374	0.003993
8.213301	0.004072
8.217228	0.004154
8.221155	0.004235
8.225082	0.004313
8.229009	0.004385
8.232936	0.004446
8.236863	0.004493
8.240790	0.004524
8.244717	0.004535
8.248644	0.004525
8.252571	0.004496
8.256498	0.004448
8.260425	0.004383
8.264352	0.004305
8.268279	0.004217
8.272206	0.004122
8.276133	0.004024
8.280060	0.003926
8.283987	0.003829
8.287914	0.003737
8.291841	0.003649
8.295768	0.003567
8.299695	0.003492
8.303622	0.003424
8.307549	0.003362
8.311476	0.003308
8.315403	0.003259
8.319330	0.003217
8.323257	0.003180
8.327184	0.003149
8.331111	0.003124
8.335038	0.003103
8.338965	0.003087
8.342892	0.003075
8.346819	0.003067
8.350746	0.003062
8.354673	0.003060
8.358600	0.003061
8.362527	0.003063
8.366454	0.003067
8.370381	0.003073
8.374308	0.003080
8.378235	0.003087
8.382162	0.003097
8.386089	0.003108
8.390016	0.003121
8.393943	0.003138
8.397870	0.003158
8.401797	0.003183
8.405724	0.003213
8.409651	0.003248
8.413578	0.003288
8.417505	0.003335
8.421432	0.003386
8.425359	0.003443
8.429286	0.003505
8.433213	0.003570
8.437140	0.003638
8.441067	0.003707
8.444994	0.003775
8.448921	0.003841
8.452848	0.003901
8.456775	0.003955
8.460702	0.003999
8.464629	0.004033
8.468556	0.004053
8.472483	0.004060
8.476410	0.004052
8.480337	0.004028
8.484264	0.003991
8.488191	0.003940
8.492118	0.003878
8.496045	0.003807
8.499972	0.003729
8.503899	0.003648
8.507826	0.003565
8.511753	0.003484
8.515680	0.003405
8.519607	0.003331
8.523534	0.003262
8.527461	0.003198
8.531388	0.003141
8.535315	0.003089
8.539242	0.003044
8.543169	0.003004
8.547096	0.002970
8.551023	0.002940
8.554949	0.002916
8.558876	0.002896
8.562803	0.002881
8.566730	0.002868
8.570657	0.002859
8.574584	0.002852
8.578511	0.002847
8.582438	0.002844
8.586365	0.002842
8.590292	0.002842
8.594219	0.002843
8.598146	0.002846
8.602073	0.002851
8.606000	0.002859
8.609927	0.002870
8.613854	0.002884
8.617781	0.002903
8.621708	0.002927
8.625635	0.002955
8.629562	0.002990
8.633489	0.003030
8.637416	0.003077
8.641343	0.003129
8.645270	0.003188
8.649197	0.003253
8.653124	0.003324
8.657051	0.003399
8.660978	0.003477
8.664905	0.003556
8.668832	0.003634
8.672759	0.003708
8.676686	0.003775
8.680613	0.003832
8.684540	0.003875
8.688467	0.003903
8.692394	0.003915
8.696321	0.003910
8.700248	0.003889
8.704175	0.003853
8.708102	0.003804
8.712029	0.003745
8.715956	0.003677
8.719883	0.003603
8.723810	0.003525
8.727737	0.003445
8.731664	0.003365
8.735591	0.003287
8.739518	0.003211
8.743445	0.003140
8.747372	0.003073
8.751299	0.003012
8.755226	0.002956
8.759153	0.002906
8.763080	0.002862
8.767007	0.002824
8.770934	0.002791
8.774861	0.002764
8.778788	0.002741
8.782715	0.002723
8.786642	0.002709
8.790569	0.002698
8.794496	0.002691
8.798423	0.002687
8.802350	0.002686
8.806277	0.002687
8.810204	0.002690
8.814131	0.002694
8.818058	0.002702
8.821985	0.002711
8.825912	0.002723
8.829839	0.002739
8.833766	0.002758
8.837693	0.002781
8.841620	0.002809
8.845547	0.002840
8.849474	0.002875
8.853401	0.002914
8.857328	0.002955
8.861255	0.002998
8.865182	0.003041
8.869109	0.003082
8.873036	0.003121
8.876963	0.003155
8.880890	0.003182
8.884817	0.003203
8.888744	0.003216
8.892671	0.003220
8.896598	0.003217
8.900525	0.003206
8.904452	0.003187
8.908379	0.003162
8.912306	0.003130
8.916233	0.003093
8.920160	0.003051
8.924087	0.003005
8.928014	0.002956
8.931941	0.002904
8.935868	0.002850
8.939795	0.002794
8.943722	0.002739
8.947649	0.002685
8.951576	0.002632
8.955503	0.002582
8.959430	0.002534
8.963357	0.002490
8.967284	0.002449
8.971211	0.002411
8.975138	0.002377
8.979065	0.002347
8.982991	0.002320
8.986918	0.002296
8.990845	0.002275
8.994772	0.002257
8.998699	0.002242
9.002626	0.002229
9.006553	0.002219
9.010480	0.002210
9.014407	0.002203
9.018334	0.002198
9.022261	0.002193
9.026188	0.002190
9.030115	0.002187
9.034042	0.002185
9.037969	0.002183
9.041896	0.002182
9.045823	0.002182
9.049750	0.002183
9.053677	0.002186
9.057604	0.002190
9.061531	0.002196
9.065458	0.002204
9.069385	0.002215
9.073312	0.002228
9.077239	0.002244
9.081166	0.002262
9.085093	0.002283
9.089020	0.002305
9.092947	0.002330
9.096874	0.002356
9.100801	0.002383
9.104728	0.002411
9.108655	0.002437
9.112582	0.002463
9.116509	0.002487
9.120436	0.002508
9.124363	0.002526
9.128290	0.002539
9.132217	0.002547
9.136144	0.002549
9.140071	0.002545
9.143998	0.002534
9.147925	0.002517
9.151852	0.002493
9.155779	0.002464
9.159706	0.002431
9.163633	0.002395
9.167560	0.002356
9.171487	0.002317
9.175414	0.002278
9.179341	0.002241
9.183268	0.002205
9.187195	0.002171
9.191122	0.002140
9.195049	0.002111
9.198976	0.002085
9.202903	0.002062
9.206830	0.002041
9.210757	0.002023
9.214684	0.002007
9.218611	0.001993
9.222538	0.001981
9.226465	0.001971
9.230392	0.001962
9.234319	0.001954
9.238246	0.001947
9.242173	0.001941
9.246100	0.001935
9.250027	0.001930
9.253954	0.001925
9.257881	0.001921
9.261808	0.001918
9.265735	0.001915
9.269662	0.001913
9.273589	0.001913
9.277516	0.001914
9.281443	0.001916
9.285370	0.001920
9.289297	0.001926
9.293224	0.001935
9.297151	0.001945
9.301078	0.001957
9.305005	0.001971
9.308932	0.001988
9.312859	0.002006
9.316786	0.002026
9.320713	0.002048
9.324640	0.002071
9.328567	0.002094
9.332494	0.002118
9.336421	0.002140
9.340348	0.002160
9.344275	0.002178
9.348202	0.002192
9.352129	0.002203
9.356056	0.002209
9.359983	0.002211
9.363910	0.002209
9.367837	0.002203
9.371764	0.002193
9.375691	0.002179
9.379618	0.002162
9.383545	0.002143
9.387472	0.002122
9.391399	0.002098
9.395326	0.002074
9.399253	0.002049
9.403180	0.002023
9.407107	0.001997
9.411033	0.001972
9.414960	0.001946
9.418887	0.001922
9.422814	0.001898
9.426741	0.001876
9.430668	0.001855
9.434595	0.001836
9.438522	0.001819
9.442449	0.001803
9.446376	0.001788
9.450303	0.001775
9.454230	0.001764
9.458157	0.001754
9.462084	0.001744
9.466011	0.001736
9.469938	0.001728
9.473865	0.001721
9.477792	0.001714
9.481719	0.001708
9.485646	0.001702
9.489573	0.001696
9.493500	0.001691
9.497427	0.001686
9.501354	0.001682
9.505281	0.001679
9.509208	0.001677
9.513135	0.001675
9.517062	0.001674
9.520989	0.001675
9.524916	0.001676
9.528843	0.001679
9.532770	0.001683
9.536697	0.001689
9.540624	0.001695
9.544551	0.001704
9.548478	0.001713
9.552405	0.001725
9.556332	0.001737
9.560259	0.001751
9.564186	0.001767
9.568113	0.001783
9.572040	0.001800
9.575967	0.001818
9.579894	0.001835
9.583821	0.001852
9.587748	0.001868
9.591675	0.001881
9.595602	0.001893
9.599529	0.001901
9.603456	0.001906
9.607383	0.001907
9.611310	0.001906
9.615237	0.001901
9.619164	0.001893
9.623091	0.001882
9.627018	0.001868
9.630945	0.001852
9.634872	0.001835
9.638799	0.001816
9.642726	0.001796
9.646653	0.001775
9.650580	0.001755
9.654507	0.001734
9.658434	0.001715
9.662361	0.001696
9.666288	0.001679
9.670215	0.001662
9.674142	0.001647
9.678069	0.001633
9.681996	0.001621
9.685923	0.001609
9.689850	0.001599
9.693777	0.001589
9.697704	0.001580
9.701631	0.001572
9.705558	0.001564
9.709485	0.001557
9.713412	0.001550
9.717339	0.001544
9.721266	0.001539
9.725193	0.001534
9.729120	0.001529
9.733047	0.001526
9.736974	0.001523
9.740901	0.001520
9.744828	0.001519
9.748755	0.001518
9.752682	0.001518
9.756609	0.001519
9.760536	0.001521
9.764463	0.001524
9.768390	0.001528
9.772317	0.001532
9.776244	0.001538
9.780171	0.001544
9.784098	0.001551
9.788025	0.001558
9.791952	0.001566
9.795879	0.001574
9.799806	0.001583
9.803733	0.001591
9.807660	0.001599
9.811587	0.001607
9.815514	0.001615
9.819441	0.001622
