-9.819441	0.001241
-9.815514	0.001243
-9.811587	0.001244
-9.807660	0.001245
-9.803733	0.001246
-9.799806	0.001247
-9.795879	0.001247
-9.791952	0.001247
-9.788025	0.001247
-9.784098	0.001247
-9.780171	0.001247
-9.776244	0.001247
-9.772317	0.001247
-9.768390	0.001247
-9.764463	0.001247
-9.760536	0.001247
-9.756609	0.001247
-9.752682	0.001247
-9.748755	0.001248
-9.744828	0.001248
-9.740901	0.001249
-9.736974	0.001249
-9.733047	0.001250
-9.729120	0.001251
-9.725193	0.001252
-9.721266	0.001253
-9.717339	0.001254
-9.713412	0.001256
-9.709485	0.001257
-9.705558	0.001259
-9.701631	0.001260
-9.697704	0.001262
-9.693777	0.001264
-9.689850	0.001266
-9.685923	0.001268
-9.681996	0.001271
-9.678069	0.001273
-9.674142	0.001276
-9.670215	0.001279
-9.666288	0.001282
-9.662361	0.001285
-9.658434	0.001288
-9.654507	0.001291
-9.650580	0.001295
-9.646653	0.001298
-9.642726	0.001302
-9.638799	0.001305
-9.634872	0.001308
-9.630945	0.001311
-9.627018	0.001314
-9.623091	0.001317
-9.619164	0.001319
-9.615237	0.001321
-9.611310	0.001323
-9.607383	0.001324
-9.603456	0.001326
-9.599529	0.001327
-9.595602	0.001327
-9.591675	0.001328
-9.587748	0.001328
-9.583821	0.001328
-9.579894	0.001328
-9.575967	0.001328
-9.572040	0.001327
-9.568113	0.001327
-9.564186	0.001327
-9.560259	0.001326
-9.556332	0.001326
-9.552405	0.001326
-9.548478	0.001326
-9.544551	0.001326
-9.540624	0.001326
-9.536697	0.001326
-9.532770	0.001327
-9.528843	0.001328
-9.524916	0.001328
-9.520989	0.001329
-9.517062	0.001331
-9.513135	0.001332
-9.509208	0.001333
-9.505281	0.001335
-9.501354	0.001337
-9.497427	0.001338
-9.493500	0.001340
-9.489573	0.001343
-9.485646	0.001345
-9.481719	0.001347
-9.477792	0.001350
-9.473865	0.001353
-9.469938	0.001356
-9.466011	0.001359
-9.462084	0.001362
-9.458157	0.001366
-9.454230	0.001370
-9.450303	0.001374
-9.446376	0.001379
-9.442449	0.001383
-9.438522	0.001388
-9.434595	0.001393
-9.430668	0.001398
-9.426741	0.001403
-9.422814	0.001408
-9.418887	0.001413
-9.414960	0.001417
-9.411033	0.001422
-9.407107	0.001426
-9.403180	0.001429
-9.399253	0.001432
-9.395326	0.001435
-9.391399	0.001437
-9.387472	0.001439
-9.383545	0.001440
-9.379618	0.001440
-9.375691	0.001440
-9.371764	0.001440
-9.367837	0.001439
-9.363910	0.001438
-9.359983	0.001436
-9.356056	0.001435
-9.352129	0.001434
-9.348202	0.001432
-9.344275	0.001431
-9.340348	0.001430
-9.336421	0.001429
-9.332494	0.001428
-9.328567	0.001428
-9.324640	0.001428
-9.320713	0.001428
-9.316786	0.001429
-9.312859	0.001429
-9.308932	0.001431
-9.305005	0.001432
-9.301078	0.001433
-9.297151	0.001435
-9.293224	0.001437
-9.289297	0.001440
-9.285370	0.001442
-9.281443	0.001445
-9.277516	0.001448
-9.273589	0.001452
-9.269662	0.001456
-9.265735	0.001460
-9.261808	0.001464
-9.257881	0.001469
-9.253954	0.001475
-9.250027	0.001480
-9.246100	0.001486
-9.242173	0.001493
-9.238246	0.001499
-9.234319	0.001506
-9.230392	0.001513
-9.226465	0.001520
-9.222538	0.001527
-9.218611	0.001533
-9.214684	0.001539
-9.210757	0.001545
-9.206830	0.001549
-9.202903	0.001553
-9.198976	0.001556
-9.195049	0.001559
-9.191122	0.001560
-9.187195	0.001561
-9.183268	0.001561
-9.179341	0.001560
-9.175414	0.001559
-9.171487	0.001557
-9.167560	0.001556
-9.163633	0.001553
-9.159706	0.001551
-9.155779	0.001549
-9.151852	0.001547
-9.147925	0.001544
-9.143998	0.001542
-9.140071	0.001540
-9.136144	0.001539
-9.132217	0.001538
-9.128290	0.001536
-9.124363	0.001536
-9.120436	0.001535
-9.116509	0.001535
-9.112582	0.001536
-9.108655	0.001537
-9.104728	0.001538
-9.100801	0.001539
-9.096874	0.001541
-9.092947	0.001543
-9.089020	0.001545
-9.085093	0.001548
-9.081166	0.001551
-9.077239	0.001555
-9.073312	0.001559
-9.069385	0.001563
-9.065458	0.001568
-9.061531	0.001573
-9.057604	0.001578
-9.053677	0.001585
-9.049750	0.001591
-9.045823	0.001599
-9.041896	0.001607
-9.037969	0.001615
-9.034042	0.001624
-9.030115	0.001633
-9.026188	0.001643
-9.022261	0.001652
-9.018334	0.001662
-9.014407	0.001671
-9.010480	0.001680
-9.006553	0.001687
-9.002626	0.001694
-8.998699	0.001699
-8.994772	0.001703
-8.990845	0.001705
-8.986918	0.001707
-8.982991	0.001707
-8.979065	0.001707
-8.975138	0.001706
-8.971211	0.001705
-8.967284	0.001703
-8.963357	0.001700
-8.959430	0.001698
-8.955503	0.001695
-8.951576	0.001692
-8.947649	0.001689
-8.943722	0.001686
-8.939795	0.001683
-8.935868	0.001680
-8.931941	0.001677
-8.928014	0.001674
-8.924087	0.001672
-8.920160	0.001670
-8.916233	0.001669
-8.912306	0.001668
-8.908379	0.001668
-8.904452	0.001668
-8.900525	0.001669
-8.896598	0.001670
-8.892671	0.001671
-8.888744	0.001674
-8.884817	0.001676
-8.880890	0.001679
-8.876963	0.001682
-8.873036	0.001686
-8.869109	0.001691
-8.865182	0.001696
-8.861255	0.001701
-8.857328	0.001707
-8.853401	0.001714
-8.849474	0.001722
-8.845547	0.001730
-8.841620	0.001739
-8.837693	0.001749
-8.833766	0.001760
-8.829839	0.001771
-8.825912	0.001783
-8.821985	0.001796
-8.818058	0.001809
-8.814131	0.001822
-8.810204	0.001834
-8.806277	0.001846
-8.802350	0.001857
-8.798423	0.001867
-8.794496	0.001875
-8.790569	0.001881
-8.786642	0.001886
-8.782715	0.001890
-8.778788	0.001891
-8.774861	0.001892
-8.770934	0.001891
-8.767007	0.001889
-8.763080	0.001887
-8.759153	0.001884
-8.755226	0.001881
-8.751299	0.001877
-8.747372	0.001874
-8.743445	0.001871
-8.739518	0.001867
-8.735591	0.001865
-8.731664	0.001862
-8.727737	0.001860
-8.723810	0.001858
-8.719883	0.001856
-8.715956	0.001854
-8.712029	0.001853
-8.708102	0.001853
-8.704175	0.001852
-8.700248	0.001853
-8.696321	0.001853
-8.692394	0.001855
-8.688467	0.001857
-8.684540	0.001860
-8.680613	0.001863
-8.676686	0.001868
-8.672759	0.001873
-8.668832	0.001879
-8.664905	0.001886
-8.660978	0.001895
-8.657051	0.001904
-8.653124	0.001915
-8.649197	0.001927
-8.645270	0.001940
-8.641343	0.001954
-8.637416	0.001969
-8.633489	0.001986
-8.629562	0.002003
-8.625635	0.002020
-8.621708	0.002038
-8.617781	0.002055
-8.613854	0.002071
-8.609927	0.002087
-8.606000	0.002100
-8.602073	0.002112
-8.598146	0.002123
-8.594219	0.002131
-8.590292	0.002138
-8.586365	0.002142
-8.582438	0.002146
-8.578511	0.002147
-8.574584	0.002147
-8.570657	0.002146
-8.566730	0.002144
-8.562803	0.002140
-8.558876	0.002135
-8.554949	0.002129
-8.551023	0.002123
-8.547096	0.002116
-8.543169	0.002109
-8.539242	0.002101
-8.535315	0.002094
-8.531388	0.002087
-8.527461	0.002080
-8.523534	0.002073
-8.519607	0.002067
-8.515680	0.002062
-8.511753	0.002057
-8.507826	0.002054
-8.503899	0.002051
-8.499972	0.002049
-8.496045	0.002048
-8.492118	0.002049
-8.488191	0.002050
-8.484264	0.002052
-8.480337	0.002056
-8.476410	0.002060
-8.472483	0.002066
-8.468556	0.002073
-8.464629	0.002082
-8.460702	0.002092
-8.456775	0.002103
-8.452848	0.002116
-8.448921	0.002131
-8.444994	0.002148
-8.441067	0.002166
-8.437140	0.002185
-8.433213	0.002206
-8.429286	0.002228
-8.425359	0.002250
-8.421432	0.002273
-8.417505	0.002295
-8.413578	0.002316
-8.409651	0.002336
-8.405724	0.002354
-8.401797	0.002369
-8.397870	0.002382
-8.393943	0.002392
-8.390016	0.002399
-8.386089	0.002403
-8.382162	0.002405
-8.378235	0.002405
-8.374308	0.002402
-8.370381	0.002398
-8.366454	0.002393
-8.362527	0.002386
-8.358600	0.002378
-8.354673	0.002369
-8.350746	0.002359
-8.346819	0.002349
-8.342892	0.002339
-8.338965	0.002329
-8.335038	0.002318
-8.331111	0.002308
-8.327184	0.002299
-8.323257	0.002290
-8.319330	0.002282
-8.315403	0.002275
-8.311476	0.002269
-8.307549	0.002265
-8.303622	0.002262
-8.299695	0.002261
-8.295768	0.002260
-8.291841	0.002261
-8.287914	0.002263
-8.283987	0.002266
-8.280060	0.002271
-8.276133	0.002276
-8.272206	0.002284
-8.268279	0.002293
-8.264352	0.002303
-8.260425	0.002316
-8.256498	0.002331
-8.252571	0.002348
-8.248644	0.002367
-8.244717	0.002388
-8.240790	0.002412
-8.236863	0.002438
-8.232936	0.002466
-8.229009	0.002497
-8.225082	0.002529
-8.221155	0.002562
-8.217228	0.002596
-8.213301	0.002629
-8.209374	0.002662
-8.205447	0.002691
-8.201520	0.002717
-8.197593	0.002739
-8.193666	0.002756
-8.189739	0.002767
-8.185812	0.002772
-8.181885	0.002773
-8.177958	0.002769
-8.174031	0.002761
-8.170104	0.002751
-8.166177	0.002739
-8.162250	0.002727
-8.158323	0.002714
-8.154396	0.002703
-8.150469	0.002693
-8.146542	0.002685
-8.142615	0.002678
-8.138688	0.002672
-8.134761	0.002668
-8.130834	0.002664
-8.126907	0.002660
-8.122981	0.002657
-8.119054	0.002652
-8.115127	0.002648
-8.111200	0.002643
-8.107273	0.002637
-8.103346	0.002632
-8.099419	0.002627
-8.095492	0.002622
-8.091565	0.002619
-8.087638	0.002617
-8.083711	0.002618
-8.079784	0.002620
-8.075857	0.002625
-8.071930	0.002632
-8.068003	0.002643
-8.064076	0.002656
-8.060149	0.002673
-8.056222	0.002693
-8.052295	0.002716
-8.048368	0.002743
-8.044441	0.002773
-8.040514	0.002806
-8.036587	0.002841
-8.032660	0.002879
-8.028733	0.002918
-8.024806	0.002957
-8.020879	0.002997
-8.016952	0.003035
-8.013025	0.003071
-8.009098	0.003104
-8.005171	0.003133
-8.001244	0.003157
-7.997317	0.003176
-7.993390	0.003190
-7.989463	0.003199
-7.985536	0.003203
-7.981609	0.003202
-7.977682	0.003197
-7.973755	0.003188
-7.969828	0.003176
-7.965901	0.003161
-7.961974	0.003145
-7.958047	0.003127
-7.954120	0.003107
-7.950193	0.003086
-7.946266	0.003065
-7.942339	0.003043
-7.938412	0.003021
-7.934485	0.003000
-7.930558	0.002981
-7.926631	0.002963
-7.922704	0.002946
-7.918777	0.002932
-7.914850	0.002919
-7.910923	0.002908
-7.906996	0.002899
-7.903069	0.002891
-7.899142	0.002886
-7.895215	0.002883
-7.891288	0.002882
-7.887361	0.002883
-7.883434	0.002887
-7.879507	0.002894
-7.875580	0.002905
-7.871653	0.002919
-7.867726	0.002936
-7.863799	0.002957
-7.859872	0.002982
-7.855945	0.003011
-7.852018	0.003043
-7.848091	0.003080
-7.844164	0.003120
-7.840237	0.003163
-7.836310	0.003209
-7.832383	0.003257
-7.828456	0.003307
-7.824529	0.003357
-7.820602	0.003407
-7.816675	0.003456
-7.812748	0.003502
-7.808821	0.003544
-7.804894	0.003582
-7.800967	0.003614
-7.797040	0.003640
-7.793113	0.003659
-7.789186	0.003671
-7.785259	0.003677
-7.781332	0.003676
-7.777405	0.003670
-7.773478	0.003658
-7.769551	0.003641
-7.765624	0.003620
-7.761697	0.003596
-7.757770	0.003570
-7.753843	0.003543
-7.749916	0.003515
-7.745989	0.003488
-7.742062	0.003463
-7.738135	0.003439
-7.734208	0.003418
-7.730281	0.003399
-7.726354	0.003384
-7.722427	0.003371
-7.718500	0.003361
-7.714573	0.003354
-7.710646	0.003349
-7.706719	0.003348
-7.702792	0.003350
-7.698865	0.003356
-7.694939	0.003366
-7.691012	0.003380
-7.687085	0.003399
-7.683158	0.003424
-7.679231	0.003454
-7.675304	0.003490
-7.671377	0.003532
-7.667450	0.003580
-7.663523	0.003634
-7.659596	0.003695
-7.655669	0.003762
-7.651742	0.003834
-7.647815	0.003910
-7.643888	0.003990
-7.639961	0.004072
-7.636034	0.004153
-7.632107	0.004232
-7.628180	0.004305
-7.624253	0.004370
-7.620326	0.004424
-7.616399	0.004467
-7.612472	0.004497
-7.608545	0.004514
-7.604618	0.004518
-7.600691	0.004511
-7.596764	0.004495
-7.592837	0.004471
-7.588910	0.004442
-7.584983	0.004408
-7.581056	0.004372
-7.577129	0.004333
-7.573202	0.004293
-7.569275	0.004251
-7.565348	0.004209
-7.561421	0.004166
-7.557494	0.004123
-7.553567	0.004080
-7.549640	0.004039
-7.545713	0.003999
-7.541786	0.003961
-7.537859	0.003927
-7.533932	0.003895
-7.530005	0.003868
-7.526078	0.003845
-7.522151	0.003826
-7.518224	0.003813
-7.514297	0.003806
-7.510370	0.003804
-7.506443	0.003809
-7.502516	0.003820
-7.498589	0.003838
-7.494662	0.003863
-7.490735	0.003895
-7.486808	0.003934
-7.482881	0.003981
-7.478954	0.004034
-7.475027	0.004095
-7.471100	0.004163
-7.467173	0.004236
-7.463246	0.004316
-7.459319	0.004399
-7.455392	0.004486
-7.451465	0.004574
-7.447538	0.004662
-7.443611	0.004746
-7.439684	0.004826
-7.435757	0.004900
-7.431830	0.004965
-7.427903	0.005020
-7.423976	0.005064
-7.420049	0.005096
-7.416122	0.005117
-7.412195	0.005126
-7.408268	0.005122
-7.404341	0.005108
-7.400414	0.005082
-7.396487	0.005047
-7.392560	0.005003
-7.388633	0.004952
-7.384706	0.004895
-7.380779	0.004834
-7.376852	0.004771
-7.372925	0.004707
-7.368998	0.004644
-7.365071	0.004582
-7.361144	0.004522
-7.357217	0.004466
-7.353290	0.004414
-7.349363	0.004367
-7.345436	0.004324
-7.341509	0.004287
-7.337582	0.004256
-7.333655	0.004231
-7.329728	0.004213
-7.325801	0.004202
-7.321874	0.004198
-7.317947	0.004202
-7.314020	0.004213
-7.310093	0.004231
-7.306166	0.004258
-7.302239	0.004292
-7.298312	0.004334
-7.294385	0.004383
-7.290458	0.004441
-7.286531	0.004506
-7.282604	0.004578
-7.278677	0.004656
-7.274750	0.004740
-7.270823	0.004827
-7.266897	0.004918
-7.262970	0.005009
-7.259043	0.005098
-7.255116	0.005184
-7.251189	0.005265
-7.247262	0.005339
-7.243335	0.005404
-7.239408	0.005461
-7.235481	0.005507
-7.231554	0.005543
-7.227627	0.005568
-7.223700	0.005581
-7.219773	0.005582
-7.215846	0.005571
-7.211919	0.005548
-7.207992	0.005514
-7.204065	0.005470
-7.200138	0.005417
-7.196211	0.005360
-7.192284	0.005299
-7.188357	0.005237
-7.184430	0.005177
-7.180503	0.005120
-7.176576	0.005066
-7.172649	0.005017
-7.168722	0.004972
-7.164795	0.004931
-7.160868	0.004894
-7.156941	0.004862
-7.153014	0.004834
-7.149087	0.004811
-7.145160	0.004792
-7.141233	0.004780
-7.137306	0.004774
-7.133379	0.004775
-7.129452	0.004784
-7.125525	0.004801
-7.121598	0.004826
-7.117671	0.004861
-7.113744	0.004905
-7.109817	0.004958
-7.105890	0.005022
-7.101963	0.005096
-7.098036	0.005179
-7.094109	0.005273
-7.090182	0.005376
-7.086255	0.005488
-7.082328	0.005608
-7.078401	0.005733
-7.074474	0.005863
-7.070547	0.005994
-7.066620	0.006124
-7.062693	0.006251
-7.058766	0.006370
-7.054839	0.006479
-7.050912	0.006575
-7.046985	0.006657
-7.043058	0.006722
-7.039131	0.006770
-7.035204	0.006800
-7.031277	0.006815
-7.027350	0.006814
-7.023423	0.006799
-7.019496	0.006771
-7.015569	0.006730
-7.011642	0.006677
-7.007715	0.006614
-7.003788	0.006541
-6.999861	0.006461
-6.995934	0.006376
-6.992007	0.006287
-6.988080	0.006196
-6.984153	0.006107
-6.980226	0.006021
-6.976299	0.005939
-6.972372	0.005863
-6.968445	0.005795
-6.964518	0.005736
-6.960591	0.005687
-6.956664	0.005649
-6.952737	0.005621
-6.948810	0.005605
-6.944883	0.005602
-6.940956	0.005610
-6.937029	0.005631
-6.933102	0.005664
-6.929175	0.005710
-6.925248	0.005769
-6.921321	0.005842
-6.917394	0.005928
-6.913467	0.006028
-6.909540	0.006142
-6.905613	0.006270
-6.901686	0.006410
-6.897759	0.006562
-6.893832	0.006724
-6.889905	0.006893
-6.885978	0.007067
-6.882051	0.007240
-6.878124	0.007409
-6.874197	0.007567
-6.870270	0.007711
-6.866343	0.007834
-6.862416	0.007931
-6.858489	0.008001
-6.854562	0.008039
-6.850635	0.008045
-6.846708	0.008021
-6.842781	0.007970
-6.838855	0.007895
-6.834928	0.007801
-6.831001	0.007695
-6.827074	0.007580
-6.823147	0.007462
-6.819220	0.007342
-6.815293	0.007223
-6.811366	0.007108
-6.807439	0.006997
-6.803512	0.006892
-6.799585	0.006794
-6.795658	0.006705
-6.791731	0.006625
-6.787804	0.006555
-6.783877	0.006498
-6.779950	0.006452
-6.776023	0.006420
-6.772096	0.006401
-6.768169	0.006396
-6.764242	0.006405
-6.760315	0.006429
-6.756388	0.006467
-6.752461	0.006520
-6.748534	0.006588
-6.744607	0.006671
-6.740680	0.006770
-6.736753	0.006884
-6.732826	0.007014
-6.728899	0.007160
-6.724972	0.007319
-6.721045	0.007492
-6.717118	0.007676
-6.713191	0.007870
-6.709264	0.008069
-6.705337	0.008272
-6.701410	0.008473
-6.697483	0.008669
-6.693556	0.008857
-6.689629	0.009032
-6.685702	0.009191
-6.681775	0.009332
-6.677848	0.009450
-6.673921	0.009544
-6.669994	0.009611
-6.666067	0.009650
-6.662140	0.009662
-6.658213	0.009645
-6.654286	0.009604
-6.650359	0.009540
-6.646432	0.009458
-6.642505	0.009362
-6.638578	0.009255
-6.634651	0.009142
-6.630724	0.009026
-6.626797	0.008907
-6.622870	0.008789
-6.618943	0.008673
-6.615016	0.008560
-6.611089	0.008451
-6.607162	0.008350
-6.603235	0.008258
-6.599308	0.008178
-6.595381	0.008112
-6.591454	0.008062
-6.587527	0.008030
-6.583600	0.008017
-6.579673	0.008024
-6.575746	0.008052
-6.571819	0.008102
-6.567892	0.008174
-6.563965	0.008269
-6.560038	0.008388
-6.556111	0.008530
-6.552184	0.008694
-6.548257	0.008881
-6.544330	0.009089
-6.540403	0.009315
-6.536476	0.009555
-6.532549	0.009804
-6.528622	0.010056
-6.524695	0.010301
-6.520768	0.010532
-6.516841	0.010737
-6.512914	0.010908
-6.508987	0.011038
-6.505060	0.011122
-6.501133	0.011157
-6.497206	0.011146
-6.493279	0.011093
-6.489352	0.011006
-6.485425	0.010892
-6.481498	0.010761
-6.477571	0.010621
-6.473644	0.010480
-6.469717	0.010341
-6.465790	0.010209
-6.461863	0.010085
-6.457936	0.009970
-6.454009	0.009862
-6.450082	0.009762
-6.446155	0.009668
-6.442228	0.009581
-6.438301	0.009501
-6.434374	0.009430
-6.430447	0.009370
-6.426520	0.009324
-6.422593	0.009295
-6.418666	0.009283
-6.414739	0.009293
-6.410813	0.009324
-6.406886	0.009380
-6.402959	0.009460
-6.399032	0.009566
-6.395105	0.009699
-6.391178	0.009858
-6.387251	0.010046
-6.383324	0.010260
-6.379397	0.010500
-6.375470	0.010765
-6.371543	0.011052
-6.367616	0.011357
-6.363689	0.011674
-6.359762	0.011997
-6.355835	0.012319
-6.351908	0.012631
-6.347981	0.012926
-6.344054	0.013196
-6.340127	0.013436
-6.336200	0.013642
-6.332273	0.013811
-6.328346	0.013944
-6.324419	0.014039
-6.320492	0.014101
-6.316565	0.014130
-6.312638	0.014133
-6.308711	0.014112
-6.304784	0.014075
-6.300857	0.014028
-6.296930	0.013977
-6.293003	0.013928
-6.289076	0.013887
-6.285149	0.013856
-6.281222	0.013835
-6.277295	0.013824
-6.273368	0.013818
-6.269441	0.013811
-6.265514	0.013796
-6.261587	0.013767
-6.257660	0.013718
-6.253733	0.013648
-6.249806	0.013557
-6.245879	0.013449
-6.241952	0.013331
-6.238025	0.013211
-6.234098	0.013097
-6.230171	0.012999
-6.226244	0.012923
-6.222317	0.012876
-6.218390	0.012863
-6.214463	0.012886
-6.210536	0.012949
-6.206609	0.013053
-6.202682	0.013197
-6.198755	0.013382
-6.194828	0.013604
-6.190901	0.013860
-6.186974	0.014147
-6.183047	0.014456
-6.179120	0.014780
-6.175193	0.015109
-6.171266	0.015435
-6.167339	0.015745
-6.163412	0.016032
-6.159485	0.016287
-6.155558	0.016503
-6.151631	0.016677
-6.147704	0.016805
-6.143777	0.016887
-6.139850	0.016923
-6.135923	0.016912
-6.131996	0.016856
-6.128069	0.016755
-6.124142	0.016612
-6.120215	0.016428
-6.116288	0.016210
-6.112361	0.015964
-6.108434	0.015698
-6.104507	0.015422
-6.100580	0.015147
-6.096653	0.014882
-6.092726	0.014636
-6.088799	0.014417
-6.084872	0.014231
-6.080945	0.014081
-6.077018	0.013970
-6.073091	0.013902
-6.069164	0.013877
-6.065237	0.013898
-6.061310	0.013964
-6.057383	0.014077
-6.053456	0.014239
-6.049529	0.014451
-6.045602	0.014713
-6.041675	0.015029
-6.037748	0.015398
-6.033821	0.015824
-6.029894	0.016306
-6.025967	0.016844
-6.022040	0.017438
-6.018113	0.018082
-6.014186	0.018771
-6.010259	0.019495
-6.006332	0.020239
-6.002405	0.020984
-5.998478	0.021708
-5.994551	0.022382
-5.990624	0.022978
-5.986698	0.023467
-5.982771	0.023823
-5.978844	0.024029
-5.974917	0.024073
-5.970990	0.023956
-5.967063	0.023689
-5.963136	0.023289
-5.959209	0.022781
-5.955282	0.022192
-5.951355	0.021551
-5.947428	0.020882
-5.943501	0.020211
-5.939574	0.019555
-5.935647	0.018930
-5.931720	0.018346
-5.927793	0.017811
-5.923866	0.017329
-5.919939	0.016902
-5.916012	0.016531
-5.912085	0.016216
-5.908158	0.015954
-5.904231	0.015744
-5.900304	0.015585
-5.896377	0.015476
-5.892450	0.015415
-5.888523	0.015401
-5.884596	0.015435
-5.880669	0.015515
-5.876742	0.015643
-5.872815	0.015818
-5.868888	0.016043
-5.864961	0.016317
-5.861034	0.016644
-5.857107	0.017024
-5.853180	0.017458
-5.849253	0.017948
-5.845326	0.018493
-5.841399	0.019091
-5.837472	0.019739
-5.833545	0.020432
-5.829618	0.021158
-5.825691	0.021906
-5.821764	0.022659
-5.817837	0.023395
-5.813910	0.024091
-5.809983	0.024720
-5.806056	0.025257
-5.802129	0.025678
-5.798202	0.025963
-5.794275	0.026102
-5.790348	0.026089
-5.786421	0.025933
-5.782494	0.025648
-5.778567	0.025256
-5.774640	0.024785
-5.770713	0.024262
-5.766786	0.023717
-5.762859	0.023173
-5.758932	0.022653
-5.755005	0.022173
-5.751078	0.021745
-5.747151	0.021378
-5.743224	0.021078
-5.739297	0.020848
-5.735370	0.020691
-5.731443	0.020607
-5.727516	0.020598
-5.723589	0.020663
-5.719662	0.020802
-5.715735	0.021015
-5.711808	0.021302
-5.707881	0.021662
-5.703954	0.022094
-5.700027	0.022595
-5.696100	0.023161
-5.692173	0.023785
-5.688246	0.024460
-5.684319	0.025172
-5.680392	0.025908
-5.676465	0.026650
-5.672538	0.027380
-5.668611	0.028080
-5.664684	0.028731
-5.660757	0.029321
-5.656830	0.029838
-5.652903	0.030275
-5.648976	0.030629
-5.645049	0.030900
-5.641122	0.031088
-5.637195	0.031199
-5.633268	0.031237
-5.629341	0.031205
-5.625414	0.031109
-5.621487	0.030955
-5.617560	0.030749
-5.613633	0.030498
-5.609706	0.030212
-5.605779	0.029902
-5.601852	0.029583
-5.597925	0.029270
-5.593998	0.028978
-5.590071	0.028724
-5.586144	0.028522
-5.582217	0.028387
-5.578290	0.028329
-5.574363	0.028359
-5.570436	0.028484
-5.566509	0.028711
-5.562582	0.029047
-5.558656	0.029496
-5.554729	0.030065
-5.550802	0.030759
-5.546875	0.031585
-5.542948	0.032548
-5.539021	0.033655
-5.535094	0.034913
-5.531167	0.036326
-5.527240	0.037900
-5.523313	0.039636
-5.519386	0.041531
-5.515459	0.043579
-5.511532	0.045767
-5.507605	0.048073
-5.503678	0.050467
-5.499751	0.052909
-5.495824	0.055351
-5.491897	0.057732
-5.487970	0.059987
-5.484043	0.062039
-5.480116	0.063812
-5.476189	0.065227
-5.472262	0.066211
-5.468335	0.066708
-5.464408	0.066683
-5.460481	0.066136
-5.456554	0.065096
-5.452627	0.063624
-5.448700	0.061805
-5.444773	0.059737
-5.440846	0.057519
-5.436919	0.055241
-5.432992	0.052983
-5.429065	0.050808
-5.425138	0.048762
-5.421211	0.046877
-5.417284	0.045174
-5.413357	0.043664
-5.409430	0.042350
-5.405503	0.041234
-5.401576	0.040311
-5.397649	0.039576
-5.393722	0.039024
-5.389795	0.038648
-5.385868	0.038441
-5.381941	0.038395
-5.378014	0.038503
-5.374087	0.038753
-5.370160	0.039136
-5.366233	0.039639
-5.362306	0.040246
-5.358379	0.040941
-5.354452	0.041706
-5.350525	0.042524
-5.346598	0.043375
-5.342671	0.044240
-5.338744	0.045101
-5.334817	0.045937
-5.330890	0.046724
-5.326963	0.047436
-5.323036	0.048042
-5.319109	0.048513
-5.315182	0.048819
-5.311255	0.048937
-5.307328	0.048854
-5.303401	0.048567
-5.299474	0.048086
-5.295547	0.047432
-5.291620	0.046635
-5.287693	0.045727
-5.283766	0.044747
-5.279839	0.043730
-5.275912	0.042714
-5.271985	0.041729
-5.268058	0.040803
-5.264131	0.039960
-5.260204	0.039217
-5.256277	0.038588
-5.252350	0.038081
-5.248423	0.037703
-5.244496	0.037458
-5.240569	0.037348
-5.236642	0.037376
-5.232715	0.037543
-5.228788	0.037851
-5.224861	0.038302
-5.220934	0.038898
-5.217007	0.039640
-5.213080	0.040530
-5.209153	0.041568
-5.205226	0.042753
-5.201299	0.044079
-5.197372	0.045536
-5.193445	0.047110
-5.189518	0.048777
-5.185591	0.050504
-5.181664	0.052250
-5.177737	0.053967
-5.173810	0.055596
-5.169883	0.057079
-5.165956	0.058359
-5.162029	0.059386
-5.158102	0.060124
-5.154175	0.060552
-5.150248	0.060672
-5.146321	0.060502
-5.142394	0.060080
-5.138467	0.059454
-5.134540	0.058684
-5.130614	0.057830
-5.126687	0.056954
-5.122760	0.056112
-5.118833	0.055352
-5.114906	0.054716
-5.110979	0.054234
-5.107052	0.053933
-5.103125	0.053832
-5.099198	0.053946
-5.095271	0.054285
-5.091344	0.054862
-5.087417	0.055685
-5.083490	0.056764
-5.079563	0.058110
-5.075636	0.059735
-5.071709	0.061650
-5.067782	0.063867
-5.063855	0.066400
-5.059928	0.069256
-5.056001	0.072443
-5.052074	0.075959
-5.048147	0.079794
-5.044220	0.083924
-5.040293	0.088304
-5.036366	0.092868
-5.032439	0.097521
-5.028512	0.102137
-5.024585	0.106563
-5.020658	0.110619
-5.016731	0.114114
-5.012804	0.116863
-5.008877	0.118706
-5.004950	0.119533
-5.001023	0.119299
-4.997096	0.118035
-4.993169	0.115842
-4.989242	0.112877
-4.985315	0.109329
-4.981388	0.105399
-4.977461	0.101276
-4.973534	0.097124
-4.969607	0.093078
-4.965680	0.089239
-4.961753	0.085678
-4.957826	0.082440
-4.953899	0.079554
-4.949972	0.077030
-4.946045	0.074872
-4.942118	0.073073
-4.938191	0.071626
-4.934264	0.070520
-4.930337	0.069742
-4.926410	0.069279
-4.922483	0.069119
-4.918556	0.069247
-4.914629	0.069647
-4.910702	0.070303
-4.906775	0.071199
-4.902848	0.072314
-4.898921	0.073630
-4.894994	0.075131
-4.891067	0.076801
-4.887140	0.078627
-4.883213	0.080596
-4.879286	0.082693
-4.875359	0.084897
-4.871432	0.087172
-4.867505	0.089470
-4.863578	0.091720
-4.859651	0.093837
-4.855724	0.095724
-4.851797	0.097279
-4.847870	0.098414
-4.843943	0.099063
-4.840016	0.099197
-4.836089	0.098826
-4.832162	0.098003
-4.828235	0.096812
-4.824308	0.095362
-4.820381	0.093770
-4.816454	0.092153
-4.812527	0.090616
-4.808600	0.089248
-4.804673	0.088123
-4.800746	0.087294
-4.796819	0.086802
-4.792892	0.086676
-4.788965	0.086933
-4.785038	0.087582
-4.781111	0.088624
-4.777184	0.090052
-4.773257	0.091850
-4.769330	0.093988
-4.765403	0.096423
-4.761476	0.099094
-4.757549	0.101918
-4.753622	0.104796
-4.749695	0.107609
-4.745768	0.110226
-4.741841	0.112519
-4.737914	0.114372
-4.733987	0.115695
-4.730060	0.116434
-4.726133	0.116579
-4.722206	0.116152
-4.718279	0.115209
-4.714352	0.113824
-4.710425	0.112080
-4.706498	0.110062
-4.702572	0.107853
-4.698645	0.105530
-4.694718	0.103163
-4.690791	0.100819
-4.686864	0.098559
-4.682937	0.096438
-4.679010	0.094504
-4.675083	0.092797
-4.671156	0.091350
-4.667229	0.090188
-4.663302	0.089328
-4.659375	0.088785
-4.655448	0.088566
-4.651521	0.088679
-4.647594	0.089129
-4.643667	0.089922
-4.639740	0.091066
-4.635813	0.092569
-4.631886	0.094442
-4.627959	0.096697
-4.624032	0.099350
-4.620105	0.102417
-4.616178	0.105916
-4.612251	0.109865
-4.608324	0.114280
-4.604397	0.119172
-4.600470	0.124547
-4.596543	0.130398
-4.592616	0.136703
-4.588689	0.143420
-4.584762	0.150482
-4.580835	0.157794
-4.576908	0.165230
-4.572981	0.172640
-4.569054	0.179860
-4.565127	0.186722
-4.561200	0.193074
-4.557273	0.198801
-4.553346	0.203841
-4.549419	0.208194
-4.545492	0.211923
-4.541565	0.215148
-4.537638	0.218029
-4.533711	0.220749
-4.529784	0.223493
-4.525857	0.226439
-4.521930	0.229751
-4.518003	0.233572
-4.514076	0.238023
-4.510149	0.243200
-4.506222	0.249160
-4.502295	0.255916
-4.498368	0.263422
-4.494441	0.271555
-4.490514	0.280113
-4.486587	0.288806
-4.482660	0.297266
-4.478733	0.305059
-4.474806	0.311725
-4.470879	0.316811
-4.466952	0.319929
-4.463025	0.320802
-4.459098	0.319301
-4.455171	0.315464
-4.451244	0.309485
-4.447317	0.301685
-4.443390	0.292461
-4.439463	0.282237
-4.435536	0.271414
-4.431609	0.260347
-4.427682	0.249324
-4.423755	0.238567
-4.419828	0.228243
-4.415901	0.218474
-4.411974	0.209350
-4.408047	0.200935
-4.404120	0.193275
-4.400193	0.186402
-4.396266	0.180334
-4.392339	0.175079
-4.388412	0.170635
-4.384485	0.166997
-4.380558	0.164157
-4.376631	0.162105
-4.372704	0.160834
-4.368777	0.160339
-4.364850	0.160621
-4.360923	0.161685
-4.356996	0.163541
-4.353069	0.166206
-4.349142	0.169699
-4.345215	0.174043
-4.341288	0.179262
-4.337361	0.185377
-4.333434	0.192399
-4.329507	0.200329
-4.325580	0.209139
-4.321653	0.218771
-4.317726	0.229118
-4.313799	0.240017
-4.309872	0.251236
-4.305945	0.262472
-4.302018	0.273358
-4.298091	0.283481
-4.294164	0.292417
-4.290237	0.299771
-4.286310	0.305222
-4.282383	0.308557
-4.278456	0.309693
-4.274530	0.308671
-4.270603	0.305646
-4.266676	0.300856
-4.262749	0.294601
-4.258822	0.287217
-4.254895	0.279056
-4.250968	0.270472
-4.247041	0.261800
-4.243114	0.253346
-4.239187	0.245371
-4.235260	0.238090
-4.231333	0.231667
-4.227406	0.226218
-4.223479	0.221817
-4.219552	0.218500
-4.215625	0.216273
-4.211698	0.215109
-4.207771	0.214954
-4.203844	0.215725
-4.199917	0.217306
-4.195990	0.219550
-4.192063	0.222276
-4.188136	0.225274
-4.184209	0.228316
-4.180282	0.231166
-4.176355	0.233600
-4.172428	0.235421
-4.168501	0.236481
-4.164574	0.236683
-4.160647	0.235987
-4.156720	0.234403
-4.152793	0.231983
-4.148866	0.228806
-4.144939	0.224973
-4.141012	0.220606
-4.137085	0.215838
-4.133158	0.210820
-4.129231	0.205712
-4.125304	0.200676
-4.121377	0.195870
-4.117450	0.191438
-4.113523	0.187509
-4.109596	0.184186
-4.105669	0.181550
-4.101742	0.179663
-4.097815	0.178566
-4.093888	0.178287
-4.089961	0.178837
-4.086034	0.180217
-4.082107	0.182412
-4.078180	0.185395
-4.074253	0.189117
-4.070326	0.193512
-4.066399	0.198488
-4.062472	0.203927
-4.058545	0.209691
-4.054618	0.215620
-4.050691	0.221539
-4.046764	0.227269
-4.042837	0.232626
-4.038910	0.237432
-4.034983	0.241513
-4.031056	0.244711
-4.027129	0.246890
-4.023202	0.247954
-4.019275	0.247856
-4.015348	0.246616
-4.011421	0.244324
-4.007494	0.241133
-4.003567	0.237251
-3.999640	0.232922
-3.995713	0.228401
-3.991786	0.223942
-3.987859	0.219776
-3.983932	0.216105
-3.980005	0.213095
-3.976078	0.210878
-3.972151	0.209551
-3.968224	0.209176
-3.964297	0.209790
-3.960370	0.211400
-3.956443	0.213983
-3.952516	0.217487
-3.948589	0.221826
-3.944662	0.226873
-3.940735	0.232461
-3.936808	0.238376
-3.932881	0.244363
-3.928954	0.250127
-3.925027	0.255349
-3.921100	0.259702
-3.917173	0.262877
-3.913246	0.264606
-3.909319	0.264695
-3.905392	0.263052
-3.901465	0.259701
-3.897538	0.254784
-3.893611	0.248548
-3.889684	0.241310
-3.885757	0.233421
-3.881830	0.225225
-3.877903	0.217034
-3.873976	0.209108
-3.870049	0.201649
-3.866122	0.194807
-3.862195	0.188683
-3.858268	0.183338
-3.854341	0.178810
-3.850414	0.175112
-3.846488	0.172248
-3.842561	0.170213
-3.838634	0.168996
-3.834707	0.168586
-3.830780	0.168967
-3.826853	0.170123
-3.822926	0.172029
-3.818999	0.174653
-3.815072	0.177951
-3.811145	0.181858
-3.807218	0.186288
-3.803291	0.191127
-3.799364	0.196229
-3.795437	0.201423
-3.791510	0.206513
-3.787583	0.211288
-3.783656	0.215539
-3.779729	0.219073
-3.775802	0.221732
-3.771875	0.223405
-3.767948	0.224042
-3.764021	0.223657
-3.760094	0.222330
-3.756167	0.220199
-3.752240	0.217448
-3.748313	0.214291
-3.744386	0.210956
-3.740459	0.207664
-3.736532	0.204622
-3.732605	0.202013
-3.728678	0.199987
-3.724751	0.198666
-3.720824	0.198146
-3.716897	0.198498
-3.712970	0.199776
-3.709043	0.202015
-3.705116	0.205238
-3.701189	0.209452
-3.697262	0.214646
-3.693335	0.220788
-3.689408	0.227818
-3.685481	0.235639
-3.681554	0.244109
-3.677627	0.253041
-3.673700	0.262192
-3.669773	0.271275
-3.665846	0.279967
-3.661919	0.287928
-3.657992	0.294825
-3.654065	0.300360
-3.650138	0.304294
-3.646211	0.306473
-3.642284	0.306839
-3.638357	0.305443
-3.634430	0.302437
-3.630503	0.298065
-3.626576	0.292637
-3.622649	0.286500
-3.618722	0.280008
-3.614795	0.273497
-3.610868	0.267261
-3.606941	0.261543
-3.603014	0.256525
-3.599087	0.252327
-3.595160	0.249014
-3.591233	0.246598
-3.587306	0.245050
-3.583379	0.244310
-3.579452	0.244297
-3.575525	0.244925
-3.571598	0.246112
-3.567671	0.247789
-3.563744	0.249902
-3.559817	0.252408
-3.555890	0.255262
-3.551963	0.258405
-3.548036	0.261743
-3.544109	0.265142
-3.540182	0.268424
-3.536255	0.271379
-3.532328	0.273788
-3.528401	0.275451
-3.524474	0.276219
-3.520547	0.276017
-3.516620	0.274861
-3.512693	0.272849
-3.508766	0.270151
-3.504839	0.266980
-3.500912	0.263572
-3.496985	0.260163
-3.493058	0.256977
-3.489131	0.254215
-3.485204	0.252061
-3.481277	0.250669
-3.477350	0.250173
-3.473423	0.250676
-3.469496	0.252257
-3.465569	0.254965
-3.461642	0.258817
-3.457715	0.263797
-3.453788	0.269846
-3.449861	0.276863
-3.445934	0.284691
-3.442007	0.293117
-3.438080	0.301866
-3.434153	0.310604
-3.430226	0.318951
-3.426299	0.326498
-3.422372	0.332840
-3.418446	0.337608
-3.414519	0.340518
-3.410592	0.341410
-3.406665	0.340277
-3.402738	0.337281
-3.398811	0.332727
-3.394884	0.327026
-3.390957	0.320635
-3.387030	0.313999
-3.383103	0.307516
-3.379176	0.301511
-3.375249	0.296238
-3.371322	0.291883
-3.367395	0.288573
-3.363468	0.286382
-3.359541	0.285336
-3.355614	0.285413
-3.351687	0.286540
-3.347760	0.288597
-3.343833	0.291412
-3.339906	0.294766
-3.335979	0.298401
-3.332052	0.302033
-3.328125	0.305369
-3.324198	0.308130
-3.320271	0.310070
-3.316344	0.310993
-3.312417	0.310772
-3.308490	0.309351
-3.304563	0.306748
-3.300636	0.303051
-3.296709	0.298405
-3.292782	0.293003
-3.288855	0.287071
-3.284928	0.280852
-3.281001	0.274589
-3.277074	0.268515
-3.273147	0.262837
-3.269220	0.257737
-3.265293	0.253362
-3.261366	0.249831
-3.257439	0.247231
-3.253512	0.245626
-3.249585	0.245061
-3.245658	0.245559
-3.241731	0.247130
-3.237804	0.249770
-3.233877	0.253456
-3.229950	0.258145
-3.226023	0.263771
-3.222096	0.270237
-3.218169	0.277410
-3.214242	0.285122
-3.210315	0.293168
-3.206388	0.301316
-3.202461	0.309320
-3.198534	0.316943
-3.194607	0.323982
-3.190680	0.330291
-3.186753	0.335805
-3.182826	0.340550
-3.178899	0.344644
-3.174972	0.348282
-3.171045	0.351720
-3.167118	0.355248
-3.163191	0.359161
-3.159264	0.363740
-3.155337	0.369226
-3.151410	0.375804
-3.147483	0.383580
-3.143556	0.392574
-3.139629	0.402706
-3.135702	0.413784
-3.131775	0.425510
-3.127848	0.437487
-3.123921	0.449244
-3.119994	0.460279
-3.116067	0.470112
-3.112140	0.478340
-3.108213	0.484687
-3.104286	0.489023
-3.100359	0.491360
-3.096432	0.491814
-3.092505	0.490561
-3.088578	0.487783
-3.084651	0.483641
-3.080724	0.478258
-3.076797	0.471740
-3.072870	0.464203
-3.068943	0.455809
-3.065016	0.446783
-3.061089	0.437417
-3.057162	0.428044
-3.053235	0.419007
-3.049308	0.410624
-3.045381	0.403160
-3.041454	0.396811
-3.037527	0.391699
-3.033600	0.387875
-3.029673	0.385330
-3.025746	0.384007
-3.021819	0.383807
-3.017892	0.384589
-3.013965	0.386167
-3.010038	0.388291
-3.006111	0.390644
-3.002184	0.392842
-2.998257	0.394464
-2.994330	0.395092
-2.990404	0.394371
-2.986477	0.392058
-2.982550	0.388064
-2.978623	0.382457
-2.974696	0.375449
-2.970769	0.367364
-2.966842	0.358589
-2.962915	0.349529
-2.958988	0.340571
-2.955061	0.332050
-2.951134	0.324242
-2.947207	0.317350
-2.943280	0.311508
-2.939353	0.306786
-2.935426	0.303194
-2.931499	0.300694
-2.927572	0.299201
-2.923645	0.298600
-2.919718	0.298750
-2.915791	0.299506
-2.911864	0.300723
-2.907937	0.302274
-2.904010	0.304049
-2.900083	0.305964
-2.896156	0.307947
-2.892229	0.309933
-2.888302	0.311851
-2.884375	0.313616
-2.880448	0.315125
-2.876521	0.316272
-2.872594	0.316962
-2.868667	0.317130
-2.864740	0.316771
-2.860813	0.315940
-2.856886	0.314764
-2.852959	0.313418
-2.849032	0.312115
-2.845105	0.311075
-2.841178	0.310506
-2.837251	0.310588
-2.833324	0.311456
-2.829397	0.313200
-2.825470	0.315860
-2.821543	0.319422
-2.817616	0.323826
-2.813689	0.328962
-2.809762	0.334677
-2.805835	0.340786
-2.801908	0.347080
-2.797981	0.353347
-2.794054	0.359390
-2.790127	0.365057
-2.786200	0.370261
-2.782273	0.375002
-2.778346	0.379373
-2.774419	0.383555
-2.770492	0.387802
-2.766565	0.392410
-2.762638	0.397694
-2.758711	0.403956
-2.754784	0.411469
-2.750857	0.420460
-2.746930	0.431102
-2.743003	0.443507
-2.739076	0.457716
-2.735149	0.473697
-2.731222	0.491326
-2.727295	0.510387
-2.723368	0.530557
-2.719441	0.551411
-2.715514	0.572434
-2.711587	0.593050
-2.707660	0.612659
-2.703733	0.630688
-2.699806	0.646639
-2.695879	0.660120
-2.691952	0.670877
-2.688025	0.678801
-2.684098	0.683934
-2.680171	0.686473
-2.676244	0.686757
-2.672317	0.685254
-2.668390	0.682531
-2.664463	0.679216
-2.660536	0.675959
-2.656609	0.673387
-2.652682	0.672066
-2.648755	0.672469
-2.644828	0.674953
-2.640901	0.679738
-2.636974	0.686896
-2.633047	0.696352
-2.629120	0.707888
-2.625193	0.721156
-2.621266	0.735701
-2.617339	0.750995
-2.613412	0.766462
-2.609485	0.781509
-2.605558	0.795545
-2.601631	0.808001
-2.597704	0.818353
-2.593777	0.826155
-2.589850	0.831075
-2.585923	0.832926
-2.581996	0.831681
-2.578069	0.827471
-2.574142	0.820548
-2.570215	0.811257
-2.566288	0.799985
-2.562362	0.787135
-2.558435	0.773085
-2.554508	0.758171
-2.550581	0.742673
-2.546654	0.726800
-2.542727	0.710707
-2.538800	0.694503
-2.534873	0.678286
-2.530946	0.662172
-2.527019	0.646316
-2.523092	0.630920
-2.519165	0.616214
-2.515238	0.602423
-2.511311	0.589734
-2.507384	0.578267
-2.503457	0.568067
-2.499530	0.559112
-2.495603	0.551340
-2.491676	0.544673
-2.487749	0.539048
-2.483822	0.534429
-2.479895	0.530823
-2.475968	0.528272
-2.472041	0.526851
-2.468114	0.526642
-2.464187	0.527717
-2.460260	0.530116
-2.456333	0.533829
-2.452406	0.538798
-2.448479	0.544925
-2.444552	0.552104
-2.440625	0.560255
-2.436698	0.569347
-2.432771	0.579418
-2.428844	0.590570
-2.424917	0.602943
-2.420990	0.616684
-2.417063	0.631901
-2.413136	0.648619
-2.409209	0.666748
-2.405282	0.686067
-2.401355	0.706243
-2.397428	0.726871
-2.393501	0.747537
-2.389574	0.767863
-2.385647	0.787505
-2.381720	0.806120
-2.377793	0.823310
-2.373866	0.838598
-2.369939	0.851479
-2.366012	0.861551
-2.362085	0.868718
-2.358158	0.873358
-2.354231	0.876378
-2.350304	0.879085
-2.346377	0.882902
-2.342450	0.889051
-2.338523	0.898326
-2.334596	0.911006
-2.330669	0.926885
-2.326742	0.945339
-2.322815	0.965384
-2.318888	0.985728
-2.314961	1.004875
-2.311034	1.021278
-2.307107	1.033549
-2.303180	1.040630
-2.299253	1.041908
-2.295326	1.037244
-2.291399	1.026957
-2.287472	1.011763
-2.283545	0.992688
-2.279618	0.970939
-2.275691	0.947760
-2.271764	0.924305
-2.267837	0.901537
-2.263910	0.880185
-2.259983	0.860726
-2.256056	0.843406
-2.252129	0.828265
-2.248202	0.815177
-2.244275	0.803887
-2.240348	0.794064
-2.236421	0.785351
-2.232494	0.777421
-2.228567	0.770023
-2.224640	0.763006
-2.220713	0.756327
-2.216786	0.750036
-2.212859	0.744249
-2.208932	0.739118
-2.205005	0.734800
-2.201078	0.731439
-2.197151	0.729149
-2.193224	0.728014
-2.189297	0.728082
-2.185370	0.729382
-2.181443	0.731927
-2.177516	0.735741
-2.173589	0.740873
-2.169662	0.747409
-2.165735	0.755472
-2.161808	0.765211
-2.157881	0.776770
-2.153954	0.790248
-2.150027	0.805657
-2.146100	0.822882
-2.142173	0.841652
-2.138246	0.861530
-2.134320	0.881931
-2.130393	0.902157
-2.126466	0.921469
-2.122539	0.939158
-2.118612	0.954631
-2.114685	0.967473
-2.110758	0.977478
-2.106831	0.984650
-2.102904	0.989168
-2.098977	0.991334
-2.095050	0.991520
-2.091123	0.990106
-2.087196	0.987451
-2.083269	0.983860
-2.079342	0.979571
-2.075415	0.974758
-2.071488	0.969523
-2.067561	0.963913
-2.063634	0.957925
-2.059707	0.951521
-2.055780	0.944647
-2.051853	0.937245
-2.047926	0.929277
-2.043999	0.920741
-2.040072	0.911674
-2.036145	0.902166
-2.032218	0.892353
-2.028291	0.882414
-2.024364	0.872573
-2.020437	0.863090
-2.016510	0.854265
-2.012583	0.846432
-2.008656	0.839955
-2.004729	0.835206
-2.000802	0.832542
-1.996875	0.832276
-1.992948	0.834638
-1.989021	0.839743
-1.985094	0.847558
-1.981167	0.857868
-1.977240	0.870259
-1.973313	0.884101
-1.969386	0.898553
-1.965459	0.912601
-1.961532	0.925125
-1.957605	0.935005
-1.953678	0.941261
-1.949751	0.943193
-1.945824	0.940485
-1.941897	0.933262
-1.937970	0.922064
-1.934043	0.907757
-1.930116	0.891401
-1.926189	0.874120
-1.922262	0.856983
-1.918335	0.840932
-1.914408	0.826746
-1.910481	0.815032
-1.906554	0.806248
-1.902627	0.800726
-1.898700	0.798703
-1.894773	0.800344
-1.890846	0.805769
-1.886919	0.815063
-1.882992	0.828285
-1.879065	0.845468
-1.875138	0.866609
-1.871211	0.891660
-1.867284	0.920503
-1.863357	0.952928
-1.859430	0.988603
-1.855503	1.027056
-1.851576	1.067656
-1.847649	1.109628
-1.843722	1.152075
-1.839795	1.194048
-1.835868	1.234624
-1.831941	1.273003
-1.828014	1.308584
-1.824087	1.341026
-1.820160	1.370256
-1.816233	1.396449
-1.812306	1.419975
-1.808379	1.441335
-1.804452	1.461104
-1.800525	1.479878
-1.796598	1.498248
-1.792671	1.516785
-1.788744	1.536029
-1.784817	1.556491
-1.780890	1.578628
-1.776963	1.602815
-1.773036	1.629291
-1.769109	1.658115
-1.765182	1.689119
-1.761255	1.721906
-1.757328	1.755880
-1.753401	1.790307
-1.749474	1.824408
-1.745547	1.857431
-1.741620	1.888721
-1.737693	1.917739
-1.733766	1.944056
-1.729839	1.967320
-1.725912	1.987205
-1.721985	2.003366
-1.718058	2.015394
-1.714131	2.022798
-1.710205	2.024998
-1.706278	2.021344
-1.702351	2.011168
-1.698424	1.993853
-1.694497	1.968929
-1.690570	1.936186
-1.686643	1.895768
-1.682716	1.848244
-1.678789	1.794623
-1.674862	1.736302
-1.670935	1.674950
-1.667008	1.612364
-1.663081	1.550310
-1.659154	1.490394
-1.655227	1.433976
-1.651300	1.382130
-1.647373	1.335652
-1.643446	1.295085
-1.639519	1.260765
-1.635592	1.232868
-1.631665	1.211452
-1.627738	1.196486
-1.623811	1.187868
-1.619884	1.185440
-1.615957	1.188976
-1.612030	1.198173
-1.608103	1.212631
-1.604176	1.231829
-1.600249	1.255108
-1.596322	1.281664
-1.592395	1.310557
-1.588468	1.340751
-1.584541	1.371173
-1.580614	1.400789
-1.576687	1.428685
-1.572760	1.454131
-1.568833	1.476619
-1.564906	1.495867
-1.560979	1.511799
-1.557052	1.524494
-1.553125	1.534145
-1.549198	1.541005
-1.545271	1.545350
-1.541344	1.547451
-1.537417	1.547556
-1.533490	1.545884
-1.529563	1.542619
-1.525636	1.537922
-1.521709	1.531939
-1.517782	1.524815
-1.513855	1.516721
-1.509928	1.507871
-1.506001	1.498554
-1.502074	1.489154
-1.498147	1.480168
-1.494220	1.472202
-1.490293	1.465949
-1.486366	1.462141
-1.482439	1.461472
-1.478512	1.464512
-1.474585	1.471608
-1.470658	1.482787
-1.466731	1.497676
-1.462804	1.515438
-1.458877	1.534755
-1.454950	1.553851
-1.451023	1.570599
-1.447096	1.582703
-1.443169	1.587963
-1.439242	1.584570
-1.435315	1.571389
-1.431388	1.548144
-1.427461	1.515449
-1.423534	1.474696
-1.419607	1.427815
-1.415680	1.376985
-1.411753	1.324374
-1.407826	1.271940
-1.403899	1.221309
-1.399972	1.173743
-1.396045	1.130151
-1.392118	1.091131
-1.388191	1.057031
-1.384264	1.027996
-1.380337	1.004021
-1.376410	0.984975
-1.372483	0.970631
-1.368556	0.960672
-1.364629	0.954697
-1.360702	0.952232
-1.356775	0.952732
-1.352848	0.955603
-1.348921	0.960229
-1.344994	0.966004
-1.341067	0.972372
-1.337140	0.978860
-1.333213	0.985102
-1.329286	0.990846
-1.325359	0.995945
-1.321432	1.000342
-1.317505	1.004048
-1.313578	1.007120
-1.309651	1.009637
-1.305724	1.011691
-1.301797	1.013371
-1.297870	1.014761
-1.293943	1.015936
-1.290016	1.016960
-1.286089	1.017884
-1.282163	1.018752
-1.278236	1.019598
-1.274309	1.020451
-1.270382	1.021332
-1.266455	1.022258
-1.262528	1.023242
-1.258601	1.024294
-1.254674	1.025420
-1.250747	1.026627
-1.246820	1.027916
-1.242893	1.029289
-1.238966	1.030744
-1.235039	1.032279
-1.231112	1.033888
-1.227185	1.035562
-1.223258	1.037290
-1.219331	1.039056
-1.215404	1.040839
-1.211477	1.042610
-1.207550	1.044333
-1.203623	1.045962
-1.199696	1.047438
-1.195769	1.048687
-1.191842	1.049617
-1.187915	1.050115
-1.183988	1.050042
-1.180061	1.049233
-1.176134	1.047494
-1.172207	1.044605
-1.168280	1.040323
-1.164353	1.034392
-1.160426	1.026566
-1.156499	1.016628
-1.152572	1.004429
-1.148645	0.989922
-1.144718	0.973197
-1.140791	0.954504
-1.136864	0.934261
-1.132937	0.913031
-1.129010	0.891484
-1.125083	0.870340
-1.121156	0.850313
-1.117229	0.832063
-1.113302	0.816160
-1.109375	0.803072
-1.105448	0.793160
-1.101521	0.786689
-1.097594	0.783839
-1.093667	0.784719
-1.089740	0.789368
-1.085813	0.797765
-1.081886	0.809819
-1.077959	0.825360
-1.074032	0.844126
-1.070105	0.865755
-1.066178	0.889773
-1.062251	0.915605
-1.058324	0.942591
-1.054397	0.970027
-1.050470	0.997213
-1.046543	1.023503
-1.042616	1.048352
-1.038689	1.071335
-1.034762	1.092157
-1.030835	1.110628
-1.026908	1.126628
-1.022981	1.140068
-1.019054	1.150850
-1.015127	1.158831
-1.011200	1.163810
-1.007273	1.165516
-1.003346	1.163622
-0.999419	1.157777
-0.995492	1.147655
-0.991565	1.133015
-0.987638	1.113778
-0.983711	1.090078
-0.979784	1.062308
-0.975857	1.031114
-0.971930	0.997355
-0.968003	0.962027
-0.964076	0.926172
-0.960149	0.890784
-0.956222	0.856744
-0.952295	0.824774
-0.948368	0.795428
-0.944441	0.769093
-0.940514	0.746014
-0.936587	0.726313
-0.932660	0.710017
-0.928733	0.697076
-0.924806	0.687375
-0.920879	0.680742
-0.916952	0.676951
-0.913025	0.675727
-0.909098	0.676744
-0.905171	0.679635
-0.901244	0.684004
-0.897317	0.689445
-0.893390	0.695565
-0.889463	0.702013
-0.885536	0.708492
-0.881609	0.714778
-0.877682	0.720717
-0.873755	0.726220
-0.869828	0.731254
-0.865901	0.735824
-0.861974	0.739960
-0.858047	0.743708
-0.854121	0.747119
-0.850194	0.750244
-0.846267	0.753132
-0.842340	0.755825
-0.838413	0.758362
-0.834486	0.760773
-0.830559	0.763084
-0.826632	0.765319
-0.822705	0.767495
-0.818778	0.769626
-0.814851	0.771724
-0.810924	0.773800
-0.806997	0.775862
-0.803070	0.777916
-0.799143	0.779968
-0.795216	0.782023
-0.791289	0.784084
-0.787362	0.786156
-0.783435	0.788242
-0.779508	0.790344
-0.775581	0.792464
-0.771654	0.794607
-0.767727	0.796773
-0.763800	0.798965
-0.759873	0.801185
-0.755946	0.803435
-0.752019	0.805717
-0.748092	0.808034
-0.744165	0.810387
-0.740238	0.812778
-0.736311	0.815210
-0.732384	0.817685
-0.728457	0.820204
-0.724530	0.822772
-0.720603	0.825388
-0.716676	0.828057
-0.712749	0.830781
-0.708822	0.833562
-0.704895	0.836403
-0.700968	0.839306
-0.697041	0.842275
-0.693114	0.845313
-0.689187	0.848422
-0.685260	0.851607
-0.681333	0.854870
-0.677406	0.858215
-0.673479	0.861645
-0.669552	0.865165
-0.665625	0.868777
-0.661698	0.872488
-0.657771	0.876300
-0.653844	0.880219
-0.649917	0.884249
-0.645990	0.888395
-0.642063	0.892662
-0.638136	0.897055
-0.634209	0.901581
-0.630282	0.906246
-0.626355	0.911054
-0.622428	0.916013
-0.618501	0.921130
-0.614574	0.926411
-0.610647	0.931864
-0.606720	0.937497
-0.602793	0.943316
-0.598866	0.949331
-0.594939	0.955549
-0.591012	0.961980
-0.587085	0.968632
-0.583158	0.975513
-0.579231	0.982634
-0.575304	0.990002
-0.571377	0.997626
-0.567450	1.005516
-0.563523	1.013678
-0.559596	1.022121
-0.555669	1.030848
-0.551742	1.039866
-0.547815	1.049175
-0.543888	1.058775
-0.539961	1.068660
-0.536034	1.078822
-0.532107	1.089242
-0.528180	1.099896
-0.524253	1.110749
-0.520326	1.121751
-0.516399	1.132836
-0.512472	1.143916
-0.508545	1.154877
-0.504618	1.165573
-0.500691	1.175817
-0.496764	1.185377
-0.492837	1.193963
-0.488910	1.201226
-0.484983	1.206746
-0.481056	1.210034
-0.477129	1.210536
-0.473202	1.207647
-0.469275	1.200740
-0.465348	1.189209
-0.461421	1.172532
-0.457494	1.150338
-0.453567	1.122485
-0.449640	1.089116
-0.445713	1.050684
-0.441786	1.007938
-0.437859	0.961858
-0.433932	0.913559
-0.430005	0.864184
-0.426079	0.814802
-0.422152	0.766332
-0.418225	0.719505
-0.414298	0.674853
-0.410371	0.632721
-0.406444	0.593296
-0.402517	0.556638
-0.398590	0.522715
-0.394663	0.491430
-0.390736	0.462643
-0.386809	0.436192
-0.382882	0.411903
-0.378955	0.389603
-0.375028	0.369121
-0.371101	0.350296
-0.367174	0.332979
-0.363247	0.317030
-0.359320	0.302323
-0.355393	0.288742
-0.351466	0.276183
-0.347539	0.264552
-0.343612	0.253764
-0.339685	0.243744
-0.335758	0.234422
-0.331831	0.225737
-0.327904	0.217635
-0.323977	0.210065
-0.320050	0.202982
-0.316123	0.196347
-0.312196	0.190122
-0.308269	0.184276
-0.304342	0.178778
-0.300415	0.173602
-0.296488	0.168723
-0.292561	0.164120
-0.288634	0.159771
-0.284707	0.155660
-0.280780	0.151768
-0.276853	0.148082
-0.272926	0.144586
-0.268999	0.141269
-0.265072	0.138118
-0.261145	0.135124
-0.257218	0.132275
-0.253291	0.129564
-0.249364	0.126981
-0.245437	0.124519
-0.241510	0.122171
-0.237583	0.119931
-0.233656	0.117791
-0.229729	0.115747
-0.225802	0.113794
-0.221875	0.111926
-0.217948	0.110139
-0.214021	0.108428
-0.210094	0.106791
-0.206167	0.105222
-0.202240	0.103720
-0.198313	0.102280
-0.194386	0.100900
-0.190459	0.099576
-0.186532	0.098307
-0.182605	0.097090
-0.178678	0.095923
-0.174751	0.094802
-0.170824	0.093728
-0.166897	0.092696
-0.162970	0.091707
-0.159043	0.090757
-0.155116	0.089847
-0.151189	0.088973
-0.147262	0.088135
-0.143335	0.087331
-0.139408	0.086561
-0.135481	0.085822
-0.131554	0.085115
-0.127627	0.084437
-0.123700	0.083788
-0.119773	0.083167
-0.115846	0.082574
-0.111919	0.082007
-0.107992	0.081465
-0.104065	0.080948
-0.100138	0.080455
-0.096211	0.079986
-0.092284	0.079540
-0.088357	0.079116
-0.084430	0.078715
-0.080503	0.078334
-0.076576	0.077974
-0.072649	0.077635
-0.068722	0.077316
-0.064795	0.077017
-0.060868	0.076737
-0.056941	0.076475
-0.053014	0.076233
-0.049087	0.076009
-0.045160	0.075803
-0.041233	0.075616
-0.037306	0.075445
-0.033379	0.075293
-0.029452	0.075158
-0.025525	0.075039
-0.021598	0.074939
-0.017671	0.074855
-0.013744	0.074787
-0.009817	0.074737
-0.005890	0.074704
-0.001963	0.074687
0.001963	0.074687
0.005890	0.074703
0.009817	0.074736
0.013744	0.074786
0.017671	0.074853
0.021598	0.074937
0.025525	0.075037
0.029452	0.075155
0.033379	0.075290
0.037306	0.075442
0.041233	0.075612
0.045160	0.075799
0.049087	0.076005
0.053014	0.076228
0.056941	0.076470
0.060868	0.076731
0.064795	0.077011
0.068722	0.077310
0.072649	0.077629
0.076576	0.077967
0.080503	0.078326
0.084430	0.078707
0.088357	0.079108
0.092284	0.079531
0.096211	0.079977
0.100138	0.080446
0.104065	0.080938
0.107992	0.081454
0.111919	0.081995
0.115846	0.082562
0.119773	0.083155
0.123700	0.083775
0.127627	0.084423
0.131554	0.085100
0.135481	0.085807
0.139408	0.086545
0.143335	0.087315
0.147262	0.088118
0.151189	0.088955
0.155116	0.089828
0.159043	0.090738
0.162970	0.091686
0.166897	0.092675
0.170824	0.093705
0.174751	0.094779
0.178678	0.095898
0.182605	0.097065
0.186532	0.098281
0.190459	0.099548
0.194386	0.100870
0.198313	0.102249
0.202240	0.103688
0.206167	0.105189
0.210094	0.106756
0.214021	0.108391
0.217948	0.110100
0.221875	0.111885
0.225802	0.113751
0.229729	0.115703
0.233656	0.117744
0.237583	0.119881
0.241510	0.122120
0.245437	0.124465
0.249364	0.126924
0.253291	0.129504
0.257218	0.132212
0.261145	0.135057
0.265072	0.138048
0.268999	0.141194
0.272926	0.144507
0.276853	0.147998
0.280780	0.151679
0.284707	0.155566
0.288634	0.159671
0.292561	0.164014
0.296488	0.168611
0.300415	0.173482
0.304342	0.178650
0.308269	0.184140
0.312196	0.189977
0.316123	0.196191
0.320050	0.202815
0.323977	0.209886
0.327904	0.217443
0.331831	0.225531
0.335758	0.234199
0.339685	0.243503
0.343612	0.253505
0.347539	0.264271
0.351466	0.275879
0.355393	0.288412
0.359320	0.301965
0.363247	0.316641
0.367174	0.332555
0.371101	0.349834
0.375028	0.368617
0.378955	0.389053
0.382882	0.411302
0.386809	0.435536
0.390736	0.461927
0.394663	0.490649
0.398590	0.521866
0.402517	0.555717
0.406444	0.592302
0.410371	0.631655
0.414298	0.673719
0.418225	0.718311
0.422152	0.765090
0.426079	0.813531
0.430005	0.862909
0.433932	0.912309
0.437859	0.960665
0.441786	1.006835
0.445713	1.049702
0.449640	1.088278
0.453567	1.121809
0.457494	1.149831
0.461421	1.172194
0.465348	1.189031
0.469275	1.200707
0.473202	1.207742
0.477129	1.210740
0.481056	1.210327
0.484983	1.207111
0.488910	1.201648
0.492837	1.194429
0.496764	1.185874
0.500691	1.176337
0.504618	1.166107
0.508545	1.155420
0.512472	1.144462
0.516399	1.133382
0.520326	1.122293
0.524253	1.111286
0.528180	1.100426
0.532107	1.089763
0.536034	1.079334
0.539961	1.069163
0.543888	1.059268
0.547815	1.049658
0.551742	1.040339
0.555669	1.031311
0.559596	1.022573
0.563523	1.014122
0.567450	1.005950
0.571377	0.998051
0.575304	0.990418
0.579231	0.983041
0.583158	0.975912
0.587085	0.969023
0.591012	0.962363
0.594939	0.955925
0.598866	0.949700
0.602793	0.943678
0.606720	0.937852
0.610647	0.932214
0.614574	0.926755
0.618501	0.921468
0.622428	0.916346
0.626355	0.911381
0.630282	0.906567
0.634209	0.901898
0.638136	0.897368
0.642063	0.892969
0.645990	0.888698
0.649917	0.884548
0.653844	0.880514
0.657771	0.876592
0.661698	0.872776
0.665625	0.869061
0.669552	0.865445
0.673479	0.861922
0.677406	0.858488
0.681333	0.855140
0.685260	0.851874
0.689187	0.848687
0.693114	0.845575
0.697041	0.842534
0.700968	0.839562
0.704895	0.836656
0.708822	0.833812
0.712749	0.831029
0.716676	0.828302
0.720603	0.825631
0.724530	0.823011
0.728457	0.820442
0.732384	0.817919
0.736311	0.815442
0.740238	0.813007
0.744165	0.810613
0.748092	0.808258
0.752019	0.805939
0.755946	0.803654
0.759873	0.801401
0.763800	0.799178
0.767727	0.796983
0.771654	0.794814
0.775581	0.792668
0.779508	0.790544
0.783435	0.788438
0.787362	0.786349
0.791289	0.784273
0.795216	0.782207
0.799143	0.780147
0.803070	0.778090
0.806997	0.776031
0.810924	0.773963
0.814851	0.771880
0.818778	0.769773
0.822705	0.767633
0.826632	0.765447
0.830559	0.763201
0.834486	0.760875
0.838413	0.758448
0.842340	0.755893
0.846267	0.753178
0.850194	0.750264
0.854121	0.747109
0.858047	0.743664
0.861974	0.739877
0.865901	0.735698
0.869828	0.731081
0.873755	0.725998
0.877682	0.720446
0.881609	0.714463
0.885536	0.708143
0.889463	0.701645
0.893390	0.695200
0.897317	0.689109
0.901244	0.683729
0.905171	0.679454
0.909098	0.676690
0.913025	0.675832
0.916952	0.677243
0.920879	0.681245
0.924806	0.688109
0.928733	0.698056
0.932660	0.711251
0.936587	0.727804
0.940514	0.747757
0.944441	0.771075
0.948368	0.797623
0.952295	0.827142
0.956222	0.859228
0.960149	0.893313
0.964076	0.928657
0.968003	0.964368
0.971930	0.999447
0.975857	1.032861
0.979784	1.063628
0.983711	1.090917
0.987638	1.114112
0.991565	1.132856
0.995492	1.147043
0.999419	1.156778
1.003346	1.162316
1.007273	1.163991
1.011200	1.162158
1.015127	1.157140
1.019054	1.149202
1.022981	1.138540
1.026908	1.125287
1.030835	1.109530
1.034762	1.091347
1.038689	1.070842
1.042616	1.048187
1.046543	1.023661
1.050470	0.997666
1.054397	0.970733
1.058324	0.943493
1.062251	0.916640
1.066178	0.890876
1.070105	0.866865
1.074032	0.845189
1.077959	0.826331
1.081886	0.810664
1.085813	0.798459
1.089740	0.789892
1.093667	0.785061
1.097594	0.783995
1.101521	0.786656
1.105448	0.792941
1.109375	0.802673
1.113302	0.815591
1.117229	0.831336
1.121156	0.849447
1.125083	0.869356
1.129010	0.890407
1.132937	0.911889
1.136864	0.933082
1.140791	0.953314
1.144718	0.972018
1.148645	0.988775
1.152572	1.003328
1.156499	1.015581
1.160426	1.025579
1.164353	1.033468
1.168280	1.039460
1.172207	1.043801
1.176134	1.046747
1.180061	1.048537
1.183988	1.049395
1.187915	1.049513
1.191842	1.049057
1.195769	1.048165
1.199696	1.046952
1.203623	1.045509
1.207550	1.043910
1.211477	1.042216
1.215404	1.040472
1.219331	1.038714
1.223258	1.036970
1.227185	1.035263
1.231112	1.033608
1.235039	1.032017
1.238966	1.030499
1.242893	1.029058
1.246820	1.027699
1.250747	1.026423
1.254674	1.025228
1.258601	1.024112
1.262528	1.023071
1.266455	1.022098
1.270382	1.021183
1.274309	1.020314
1.278236	1.019476
1.282163	1.018647
1.286089	1.017802
1.290016	1.016908
1.293943	1.015923
1.297870	1.014798
1.301797	1.013473
1.305724	1.011875
1.309651	1.009926
1.313578	1.007537
1.317505	1.004619
1.321432	1.001091
1.325359	0.996896
1.329286	0.992015
1.333213	0.986496
1.337140	0.980469
1.341067	0.974170
1.344994	0.967949
1.348921	0.962261
1.352848	0.957651
1.356775	0.954717
1.360702	0.954077
1.364629	0.956331
1.368556	0.962031
1.372483	0.971664
1.376410	0.985639
1.380337	1.004283
1.384264	1.027832
1.388191	1.056422
1.392118	1.090064
1.396045	1.128616
1.399972	1.171736
1.403899	1.218829
1.407826	1.268994
1.411753	1.320978
1.415680	1.373163
1.419607	1.423606
1.423534	1.470154
1.427461	1.510638
1.431388	1.543143
1.435315	1.566286
1.439242	1.579454
1.443169	1.582924
1.447096	1.577824
1.451023	1.565950
1.454950	1.549492
1.458877	1.530733
1.462804	1.511788
1.466731	1.494424
1.470658	1.479955
1.474585	1.469212
1.478512	1.462565
1.482439	1.459984
1.486366	1.461117
1.490293	1.465388
1.494220	1.472094
1.498147	1.480493
1.502074	1.489884
1.506001	1.499652
1.509928	1.509294
1.513855	1.518424
1.517782	1.526754
1.521709	1.534072
1.525636	1.540212
1.529563	1.545034
1.533490	1.548399
1.537417	1.550152
1.541344	1.550112
1.545271	1.548065
1.549198	1.543766
1.553125	1.536947
1.557052	1.527332
1.560979	1.514666
1.564906	1.498756
1.568833	1.479514
1.572760	1.457015
1.576687	1.431532
1.580614	1.403566
1.584541	1.373843
1.588468	1.343272
1.592395	1.312888
1.596322	1.283766
1.600249	1.256946
1.604176	1.233372
1.608103	1.213856
1.612030	1.199060
1.615957	1.189510
1.619884	1.185611
1.623811	1.187667
1.627738	1.195906
1.631665	1.210492
1.635592	1.231527
1.639519	1.259046
1.643446	1.292999
1.647373	1.333219
1.651300	1.379382
1.655227	1.430958
1.659154	1.487171
1.663081	1.546965
1.667008	1.608997
1.670935	1.671673
1.674862	1.733232
1.678789	1.791871
1.682716	1.845905
1.686643	1.893910
1.690570	1.934847
1.694497	1.968114
1.698424	1.993539
1.702351	2.011313
1.706278	2.021890
1.710205	2.025882
1.714131	2.023961
1.718058	2.016780
1.721985	2.004929
1.725912	1.988911
1.729839	1.969141
1.733766	1.945977
1.737693	1.919750
1.741620	1.890819
1.745547	1.859616
1.749474	1.826681
1.753401	1.792672
1.757328	1.758340
1.761255	1.724469
1.765182	1.691796
1.769109	1.660922
1.773036	1.632246
1.776963	1.605936
1.780890	1.581927
1.784817	1.559968
1.788744	1.539668
1.792671	1.520548
1.796598	1.502080
1.800525	1.483702
1.804452	1.464832
1.808379	1.444872
1.812306	1.423224
1.816233	1.399322
1.820160	1.372675
1.824087	1.342933
1.828014	1.309946
1.831941	1.273809
1.835868	1.234894
1.839795	1.193820
1.843722	1.151406
1.847649	1.108582
1.851576	1.066301
1.855503	1.025450
1.859430	0.986797
1.863357	0.950959
1.867284	0.918399
1.871211	0.889433
1.875138	0.864265
1.879065	0.843002
1.882992	0.825689
1.886919	0.812322
1.890846	0.802866
1.894773	0.797262
1.898700	0.795425
1.902627	0.797242
1.906554	0.802549
1.910481	0.811122
1.914408	0.822642
1.918335	0.836667
1.922262	0.852611
1.926189	0.869717
1.930116	0.887067
1.934043	0.903611
1.937970	0.918239
1.941897	0.929889
1.945824	0.937683
1.949751	0.941056
1.953678	0.939847
1.957605	0.934333
1.961532	0.925180
1.965459	0.913344
1.969386	0.899925
1.973313	0.886037
1.977240	0.872696
1.981167	0.860746
1.985094	0.850822
1.989021	0.843342
1.992948	0.838521
1.996875	0.836391
2.000802	0.836834
2.004729	0.839617
2.008656	0.844426
2.012583	0.850905
2.016510	0.858682
2.020437	0.867403
2.024364	0.876738
2.028291	0.886396
2.032218	0.896123
2.036145	0.905702
2.040072	0.914959
2.043999	0.923765
2.047926	0.932040
2.051853	0.939752
2.055780	0.946916
2.059707	0.953574
2.063634	0.959790
2.067561	0.965621
2.071488	0.971107
2.075415	0.976250
2.079342	0.981004
2.083269	0.985264
2.087196	0.988860
2.091123	0.991552
2.095050	0.993039
2.098977	0.992964
2.102904	0.990947
2.106831	0.986615
2.110758	0.979656
2.114685	0.969875
2.118612	0.957244
2.122539	0.941938
2.126466	0.924346
2.130393	0.905038
2.134320	0.884712
2.138246	0.864116
2.142173	0.843966
2.146100	0.824877
2.150027	0.807317
2.153954	0.791583
2.157881	0.777805
2.161808	0.765971
2.165735	0.755965
2.169662	0.747617
2.173589	0.740745
2.177516	0.735201
2.181443	0.730888
2.185370	0.727775
2.189297	0.725882
2.193224	0.725257
2.197151	0.725939
2.201078	0.727929
2.205005	0.731166
2.208932	0.735512
2.212859	0.740766
2.216786	0.746681
2.220713	0.753012
2.224640	0.759559
2.228567	0.766216
2.232494	0.773013
2.236421	0.780131
2.240348	0.787886
2.244275	0.796699
2.248202	0.807034
2.252129	0.819332
2.256056	0.833946
2.259983	0.851077
2.263910	0.870724
2.267837	0.892639
2.271764	0.916298
2.275691	0.940886
2.279618	0.965313
2.283545	0.988273
2.287472	1.008353
2.291399	1.024188
2.295326	1.034653
2.299253	1.039038
2.303180	1.037182
2.307107	1.029513
2.311034	1.016983
2.314961	1.000922
2.318888	0.982834
2.322815	0.964193
2.326742	0.946274
2.330669	0.930037
2.334596	0.916078
2.338523	0.904617
2.342450	0.895530
2.346377	0.888390
2.350304	0.882541
2.354231	0.877192
2.358158	0.871535
2.362085	0.864860
2.366012	0.856643
2.369939	0.846589
2.373866	0.834622
2.377793	0.820830
2.381720	0.805400
2.385647	0.788555
2.389574	0.770524
2.393501	0.751538
2.397428	0.731856
2.401355	0.711784
2.405282	0.691684
2.409209	0.671951
2.413136	0.652974
2.417063	0.635094
2.420990	0.618570
2.424917	0.603566
2.428844	0.590153
2.432771	0.578329
2.436698	0.568036
2.440625	0.559188
2.444552	0.551688
2.448479	0.545447
2.452406	0.540394
2.456333	0.536476
2.460260	0.533652
2.464187	0.531885
2.468114	0.531134
2.472041	0.531349
2.475968	0.532486
2.479895	0.534507
2.483822	0.537407
2.487749	0.541219
2.491676	0.546023
2.495603	0.551938
2.499530	0.559105
2.503457	0.567653
2.507384	0.577658
2.511311	0.589114
2.515238	0.601920
2.519165	0.615892
2.523092	0.630800
2.527019	0.646408
2.530946	0.662499
2.534873	0.678891
2.538800	0.695422
2.542727	0.711937
2.546654	0.728268
2.550581	0.744223
2.554508	0.759586
2.558435	0.774123
2.562362	0.787583
2.566288	0.799703
2.570215	0.810208
2.574142	0.818806
2.578069	0.825209
2.581996	0.829150
2.585923	0.830420
2.589850	0.828890
2.593777	0.824538
2.597704	0.817445
2.601631	0.807802
2.605558	0.795905
2.609485	0.782159
2.613412	0.767078
2.617339	0.751273
2.621266	0.735414
2.625193	0.720183
2.629120	0.706215
2.633047	0.694049
2.636974	0.684094
2.640901	0.676598
2.644828	0.671650
2.648755	0.669174
2.652682	0.668942
2.656609	0.670585
2.660536	0.673616
2.664463	0.677455
2.668390	0.681459
2.672317	0.684958
2.676244	0.687292
2.680171	0.687850
2.684098	0.686109
2.688025	0.681674
2.691952	0.674305
2.695879	0.663932
2.699806	0.650664
2.703733	0.634777
2.707660	0.616691
2.711587	0.596940
2.715514	0.576120
2.719441	0.554852
2.723368	0.533724
2.727295	0.513260
2.731222	0.493895
2.735149	0.475956
2.739076	0.459669
2.743003	0.445162
2.746930	0.432477
2.750857	0.421578
2.754784	0.412362
2.758711	0.404663
2.762638	0.398261
2.766565	0.392889
2.770492	0.388245
2.774419	0.384012
2.778346	0.379884
2.782273	0.375590
2.786200	0.370929
2.790127	0.365787
2.794054	0.360148
2.797981	0.354089
2.801908	0.347763
2.805835	0.341376
2.809762	0.335155
2.813689	0.329324
2.817616	0.324084
2.821543	0.319596
2.825470	0.315972
2.829397	0.313275
2.833324	0.311514
2.837251	0.310645
2.841178	0.310574
2.845105	0.311161
2.849032	0.312226
2.852959	0.313561
2.856886	0.314945
2.860813	0.316168
2.864740	0.317052
2.868667	0.317468
2.872594	0.317350
2.876521	0.316693
2.880448	0.315548
2.884375	0.313999
2.888302	0.312153
2.892229	0.310117
2.896156	0.307996
2.900083	0.305884
2.904010	0.303872
2.907937	0.302051
2.911864	0.300516
2.915791	0.299372
2.919718	0.298735
2.923645	0.298726
2.927572	0.299469
2.931499	0.301079
2.935426	0.303655
2.939353	0.307267
2.943280	0.311953
2.947207	0.317706
2.951134	0.324464
2.955061	0.332106
2.958988	0.340445
2.962915	0.349222
2.966842	0.358120
2.970769	0.366769
2.974696	0.374785
2.978623	0.381801
2.982550	0.387511
2.986477	0.391714
2.990404	0.394334
2.994330	0.395433
2.998257	0.395193
3.002184	0.393886
3.006111	0.391842
3.010038	0.389414
3.013965	0.386954
3.017892	0.384796
3.021819	0.383251
3.025746	0.382596
3.029673	0.383065
3.033600	0.384843
3.037527	0.388055
3.041454	0.392762
3.045381	0.398945
3.049308	0.406509
3.053235	0.415272
3.057162	0.424973
3.061089	0.435273
3.065016	0.445782
3.068943	0.456077
3.072870	0.465739
3.076797	0.474386
3.080724	0.481695
3.084651	0.487420
3.088578	0.491390
3.092505	0.493494
3.096432	0.493669
3.100359	0.491881
3.104286	0.488127
3.108213	0.482448
3.112140	0.474957
3.116067	0.465860
3.119994	0.455471
3.123921	0.444189
3.127848	0.432467
3.131775	0.420767
3.135702	0.409511
3.139629	0.399051
3.143556	0.389646
3.147483	0.381446
3.151410	0.374502
3.155337	0.368758
3.159264	0.364072
3.163191	0.360219
3.167118	0.356915
3.171045	0.353839
3.174972	0.350658
3.178899	0.347067
3.182826	0.342812
3.186753	0.337724
3.190680	0.331732
3.194607	0.324870
3.198534	0.317264
3.202461	0.309113
3.206388	0.300665
3.210315	0.292183
3.214242	0.283921
3.218169	0.276109
3.222096	0.268940
3.226023	0.262566
3.229950	0.257101
3.233877	0.252627
3.237804	0.249196
3.241731	0.246842
3.245658	0.245576
3.249585	0.245397
3.253512	0.246290
3.257439	0.248222
3.261366	0.251141
3.265293	0.254972
3.269220	0.259611
3.273147	0.264920
3.277074	0.270727
3.281001	0.276828
3.284928	0.282994
3.288855	0.288982
3.292782	0.294552
3.296709	0.299482
3.300636	0.303587
3.304563	0.306727
3.308490	0.308814
3.312417	0.309815
3.316344	0.309754
3.320271	0.308707
3.324198	0.306798
3.328125	0.304201
3.332052	0.301127
3.335979	0.297817
3.339906	0.294530
3.343833	0.291524
3.347760	0.289042
3.351687	0.287296
3.355614	0.286457
3.359541	0.286649
3.363468	0.287942
3.367395	0.290351
3.371322	0.293834
3.375249	0.298289
3.379176	0.303555
3.383103	0.309410
3.387030	0.315576
3.390957	0.321727
3.394884	0.327506
3.398811	0.332544
3.402738	0.336484
3.406665	0.339016
3.410592	0.339900
3.414519	0.338997
3.418446	0.336281
3.422372	0.331845
3.426299	0.325893
3.430226	0.318717
3.434153	0.310673
3.438080	0.302142
3.442007	0.293500
3.445934	0.285092
3.449861	0.277211
3.453788	0.270091
3.457715	0.263904
3.461642	0.258765
3.465569	0.254737
3.469496	0.251841
3.473423	0.250062
3.477350	0.249352
3.481277	0.249634
3.485204	0.250807
3.489131	0.252748
3.493058	0.255309
3.496985	0.258326
3.500912	0.261616
3.504839	0.264983
3.508766	0.268221
3.512693	0.271129
3.516620	0.273519
3.520547	0.275234
3.524474	0.276167
3.528401	0.276267
3.532328	0.275541
3.536255	0.274046
3.540182	0.271875
3.544109	0.269141
3.548036	0.265970
3.551963	0.262492
3.555890	0.258845
3.559817	0.255176
3.563744	0.251643
3.567671	0.248410
3.571598	0.245642
3.575525	0.243499
3.579452	0.242122
3.583379	0.241630
3.587306	0.242117
3.591233	0.243642
3.595160	0.246233
3.599087	0.249881
3.603014	0.254534
3.606941	0.260095
3.610868	0.266416
3.614795	0.273293
3.618722	0.280466
3.622649	0.287617
3.626576	0.294383
3.630503	0.300373
3.634430	0.305191
3.638357	0.308472
3.642284	0.309924
3.646211	0.309364
3.650138	0.306745
3.654065	0.302163
3.657992	0.295841
3.661919	0.288103
3.665846	0.279330
3.669773	0.269921
3.673700	0.260261
3.677627	0.250691
3.681554	0.241496
3.685481	0.232901
3.689408	0.225072
3.693335	0.218124
3.697262	0.212129
3.701189	0.207127
3.705116	0.203136
3.709043	0.200156
3.712970	0.198171
3.716897	0.197156
3.720824	0.197076
3.724751	0.197878
3.728678	0.199494
3.732605	0.201833
3.736532	0.204775
3.740459	0.208169
3.744386	0.211828
3.748313	0.215535
3.752240	0.219046
3.756167	0.222106
3.760094	0.224465
3.764021	0.225906
3.767948	0.226260
3.771875	0.225437
3.775802	0.223428
3.779729	0.220314
3.783656	0.216252
3.787583	0.211453
3.791510	0.206163
3.795437	0.200630
3.799364	0.195090
3.803291	0.189748
3.807218	0.184776
3.811145	0.180307
3.815072	0.176440
3.818999	0.173246
3.822926	0.170772
3.826853	0.169050
3.830780	0.168100
3.834707	0.167939
3.838634	0.168577
3.842561	0.170024
3.846488	0.172290
3.850414	0.175381
3.854341	0.179299
3.858268	0.184036
3.862195	0.189573
3.866122	0.195868
3.870049	0.202851
3.873976	0.210414
3.877903	0.218400
3.881830	0.226604
3.885757	0.234765
3.889684	0.242575
3.893611	0.249694
3.897538	0.255778
3.901465	0.260510
3.905392	0.263637
3.909319	0.265009
3.913246	0.264597
3.917173	0.262503
3.921100	0.258943
3.925027	0.254221
3.928954	0.248684
3.932881	0.242691
3.936808	0.236577
3.940735	0.230639
3.944662	0.225122
3.948589	0.220223
3.952516	0.216090
3.956443	0.212828
3.960370	0.210508
3.964297	0.209167
3.968224	0.208820
3.972151	0.209454
3.976078	0.211038
3.980005	0.213512
3.983932	0.216787
3.987859	0.220735
3.991786	0.225181
3.995713	0.229902
3.999640	0.234632
4.003567	0.239078
4.007494	0.242950
4.011421	0.245990
4.015348	0.248000
4.019275	0.248859
4.023202	0.248526
4.027129	0.247035
4.031056	0.244479
4.034983	0.240988
4.038910	0.236716
4.042837	0.231822
4.046764	0.226466
4.050691	0.220805
4.054618	0.214997
4.058545	0.209198
4.062472	0.203562
4.066399	0.198235
4.070326	0.193352
4.074253	0.189028
4.078180	0.185356
4.082107	0.182410
4.086034	0.180240
4.089961	0.178882
4.093888	0.178355
4.097815	0.178664
4.101742	0.179801
4.105669	0.181744
4.109596	0.184452
4.113523	0.187864
4.117450	0.191899
4.121377	0.196447
4.125304	0.201379
4.129231	0.206541
4.133158	0.211770
4.137085	0.216894
4.141012	0.221743
4.144939	0.226156
4.148866	0.229980
4.152793	0.233085
4.156720	0.235359
4.160647	0.236725
4.164574	0.237143
4.168501	0.236623
4.172428	0.235232
4.176355	0.233093
4.180282	0.230378
4.184209	0.227297
4.188136	0.224084
4.192063	0.220973
4.195990	0.218189
4.199917	0.215933
4.203844	0.214378
4.207771	0.213665
4.211698	0.213904
4.215625	0.215176
4.219552	0.217533
4.223479	0.221003
4.227406	0.225580
4.231333	0.231230
4.235260	0.237880
4.239187	0.245417
4.243114	0.253677
4.247041	0.262445
4.250968	0.271455
4.254895	0.280389
4.258822	0.288889
4.262749	0.296571
4.266676	0.303041
4.270603	0.307923
4.274530	0.310886
4.278456	0.311683
4.282383	0.310178
4.286310	0.306374
4.290237	0.300414
4.294164	0.292572
4.298091	0.283217
4.302018	0.272772
4.305945	0.261667
4.309872	0.250305
4.313799	0.239035
4.317726	0.228140
4.321653	0.217832
4.325580	0.208260
4.329507	0.199518
4.333434	0.191661
4.337361	0.184707
4.341288	0.178659
4.345215	0.173500
4.349142	0.169212
4.353069	0.165769
4.356996	0.163151
4.360923	0.161337
4.364850	0.160313
4.368777	0.160070
4.372704	0.160603
4.376631	0.161914
4.380558	0.164010
4.384485	0.166901
4.388412	0.170599
4.392339	0.175117
4.396266	0.180464
4.400193	0.186644
4.404120	0.193651
4.408047	0.201465
4.411974	0.210047
4.415901	0.219338
4.419828	0.229252
4.423755	0.239669
4.427682	0.250435
4.431609	0.261354
4.435536	0.272184
4.439463	0.282639
4.443390	0.292389
4.447317	0.301081
4.451244	0.308355
4.455171	0.313880
4.459098	0.317388
4.463025	0.318714
4.466952	0.317822
4.470879	0.314818
4.474806	0.309948
4.478733	0.303563
4.482660	0.296085
4.486587	0.287957
4.490514	0.279597
4.494441	0.271371
4.498368	0.263566
4.502295	0.256381
4.506222	0.249933
4.510149	0.244260
4.514076	0.239334
4.518003	0.235075
4.521930	0.231366
4.525857	0.228064
4.529784	0.225012
4.533711	0.222049
4.537638	0.219014
4.541565	0.215755
4.545492	0.212133
4.549419	0.208031
4.553346	0.203366
4.557273	0.198096
4.561200	0.192228
4.565127	0.185818
4.569054	0.178967
4.572981	0.171807
4.576908	0.164487
4.580835	0.157157
4.584762	0.149956
4.588689	0.143000
4.592616	0.136381
4.596543	0.130166
4.600470	0.124396
4.604397	0.119095
4.608324	0.114271
4.612251	0.109920
4.616178	0.106033
4.620105	0.102593
4.624032	0.099586
4.627959	0.096992
4.631886	0.094797
4.635813	0.092984
4.639740	0.091540
4.643667	0.090452
4.647594	0.089710
4.651521	0.089303
4.655448	0.089222
4.659375	0.089454
4.663302	0.089988
4.667229	0.090809
4.671156	0.091898
4.675083	0.093236
4.679010	0.094798
4.682937	0.096556
4.686864	0.098481
4.690791	0.100538
4.694718	0.102688
4.698645	0.104887
4.702572	0.107081
4.706498	0.109210
4.710425	0.111200
4.714352	0.112968
4.718279	0.114423
4.722206	0.115474
4.726133	0.116037
4.730060	0.116046
4.733987	0.115465
4.737914	0.114298
4.741841	0.112587
4.745768	0.110415
4.749695	0.107893
4.753622	0.105148
4.757549	0.102311
4.761476	0.099503
4.765403	0.096830
4.769330	0.094378
4.773257	0.092211
4.777184	0.090378
4.781111	0.088909
4.785038	0.087824
4.788965	0.087130
4.792892	0.086828
4.796819	0.086908
4.800746	0.087354
4.804673	0.088137
4.808600	0.089217
4.812527	0.090539
4.816454	0.092033
4.820381	0.093610
4.824308	0.095168
4.828235	0.096595
4.832162	0.097774
4.836089	0.098603
4.840016	0.098996
4.843943	0.098903
4.847870	0.098308
4.851797	0.097237
4.855724	0.095750
4.859651	0.093928
4.863578	0.091867
4.867505	0.089660
4.871432	0.087393
4.875359	0.085135
4.879286	0.082936
4.883213	0.080834
4.887140	0.078852
4.891067	0.077007
4.894994	0.075315
4.898921	0.073789
4.902848	0.072448
4.906775	0.071308
4.910702	0.070388
4.914629	0.069709
4.918556	0.069286
4.922483	0.069137
4.926410	0.069276
4.930337	0.069718
4.934264	0.070475
4.938191	0.071561
4.942118	0.072988
4.946045	0.074766
4.949972	0.076904
4.953899	0.079408
4.957826	0.082276
4.961753	0.085496
4.965680	0.089044
4.969607	0.092874
4.973534	0.096916
4.977461	0.101071
4.981388	0.105207
4.985315	0.109159
4.989242	0.112737
4.993169	0.115741
4.997096	0.117977
5.001023	0.119286
5.004950	0.119562
5.008877	0.118771
5.012804	0.116957
5.016731	0.114229
5.020658	0.110746
5.024585	0.106697
5.028512	0.102272
5.032439	0.097653
5.036366	0.092994
5.040293	0.088421
5.044220	0.084030
5.048147	0.079888
5.052074	0.076039
5.056001	0.072507
5.059928	0.069305
5.063855	0.066432
5.067782	0.063883
5.071709	0.061648
5.075636	0.059716
5.079563	0.058074
5.083490	0.056710
5.087417	0.055612
5.091344	0.054771
5.095271	0.054177
5.099198	0.053820
5.103125	0.053690
5.107052	0.053777
5.110979	0.054066
5.114906	0.054541
5.118833	0.055176
5.122760	0.055942
5.126687	0.056800
5.130614	0.057702
5.134540	0.058592
5.138467	0.059409
5.142394	0.060089
5.146321	0.060570
5.150248	0.060797
5.154175	0.060728
5.158102	0.060339
5.162029	0.059626
5.165956	0.058606
5.169883	0.057317
5.173810	0.055811
5.177737	0.054150
5.181664	0.052398
5.185591	0.050614
5.189518	0.048851
5.193445	0.047152
5.197372	0.045551
5.201299	0.044070
5.205226	0.042724
5.209153	0.041523
5.213080	0.040471
5.217007	0.039568
5.220934	0.038814
5.224861	0.038207
5.228788	0.037745
5.232715	0.037425
5.236642	0.037245
5.240569	0.037205
5.244496	0.037301
5.248423	0.037533
5.252350	0.037898
5.256277	0.038393
5.260204	0.039012
5.264131	0.039748
5.268058	0.040588
5.271985	0.041517
5.275912	0.042513
5.279839	0.043550
5.283766	0.044597
5.287693	0.045620
5.291620	0.046582
5.295547	0.047445
5.299474	0.048174
5.303401	0.048737
5.307328	0.049109
5.311255	0.049274
5.315182	0.049227
5.319109	0.048974
5.323036	0.048532
5.326963	0.047925
5.330890	0.047182
5.334817	0.046334
5.338744	0.045413
5.342671	0.044448
5.346598	0.043469
5.350525	0.042506
5.354452	0.041585
5.358379	0.040731
5.362306	0.039968
5.366233	0.039313
5.370160	0.038781
5.374087	0.038386
5.378014	0.038138
5.381941	0.038042
5.385868	0.038107
5.389795	0.038339
5.393722	0.038741
5.397649	0.039322
5.401576	0.040085
5.405503	0.041037
5.409430	0.042183
5.413357	0.043526
5.417284	0.045066
5.421211	0.046801
5.425138	0.048719
5.429065	0.050803
5.432992	0.053020
5.436919	0.055325
5.440846	0.057656
5.444773	0.059935
5.448700	0.062069
5.452627	0.063956
5.456554	0.065495
5.460481	0.066596
5.464408	0.067189
5.468335	0.067238
5.472262	0.066740
5.476189	0.065725
5.480116	0.064251
5.484043	0.062394
5.487970	0.060240
5.491897	0.057877
5.495824	0.055388
5.499751	0.052850
5.503678	0.050325
5.507605	0.047867
5.511532	0.045515
5.515459	0.043299
5.519386	0.041236
5.523313	0.039338
5.527240	0.037607
5.531167	0.036045
5.535094	0.034645
5.539021	0.033404
5.542948	0.032314
5.546875	0.031368
5.550802	0.030559
5.554729	0.029880
5.558656	0.029326
5.562582	0.028891
5.566509	0.028570
5.570436	0.028358
5.574363	0.028250
5.578290	0.028239
5.582217	0.028319
5.586144	0.028482
5.590071	0.028718
5.593998	0.029014
5.597925	0.029356
5.601852	0.029728
5.605779	0.030113
5.609706	0.030494
5.613633	0.030855
5.617560	0.031180
5.621487	0.031455
5.625414	0.031665
5.629341	0.031800
5.633268	0.031846
5.637195	0.031793
5.641122	0.031631
5.645049	0.031353
5.648976	0.030957
5.652903	0.030446
5.656830	0.029832
5.660757	0.029129
5.664684	0.028361
5.668611	0.027551
5.672538	0.026725
5.676465	0.025906
5.680392	0.025115
5.684319	0.024368
5.688246	0.023676
5.692173	0.023050
5.696100	0.022493
5.700027	0.022011
5.703954	0.021604
5.707881	0.021272
5.711808	0.021017
5.715735	0.020836
5.719662	0.020731
5.723589	0.020699
5.727516	0.020741
5.731443	0.020855
5.735370	0.021039
5.739297	0.021292
5.743224	0.021608
5.747151	0.021983
5.751078	0.022409
5.755005	0.022873
5.758932	0.023364
5.762859	0.023863
5.766786	0.024352
5.770713	0.024811
5.774640	0.025219
5.778567	0.025556
5.782494	0.025805
5.786421	0.025950
5.790348	0.025981
5.794275	0.025890
5.798202	0.025674
5.802129	0.025338
5.806056	0.024890
5.809983	0.024346
5.813910	0.023724
5.817837	0.023045
5.821764	0.022332
5.825691	0.021606
5.829618	0.020886
5.833545	0.020187
5.837472	0.019522
5.841399	0.018899
5.845326	0.018326
5.849253	0.017804
5.853180	0.017336
5.857107	0.016922
5.861034	0.016562
5.864961	0.016254
5.868888	0.015997
5.872815	0.015790
5.876742	0.015632
5.880669	0.015521
5.884596	0.015458
5.888523	0.015442
5.892450	0.015473
5.896377	0.015552
5.900304	0.015681
5.904231	0.015859
5.908158	0.016090
5.912085	0.016374
5.916012	0.016714
5.919939	0.017109
5.923866	0.017561
5.927793	0.018069
5.931720	0.018629
5.935647	0.019237
5.939574	0.019883
5.943501	0.020553
5.947428	0.021230
5.951355	0.021892
5.955282	0.022510
5.959209	0.023056
5.963136	0.023499
5.967063	0.023813
5.970990	0.023977
5.974917	0.023978
5.978844	0.023817
5.982771	0.023502
5.986698	0.023051
5.990624	0.022491
5.994551	0.021848
5.998478	0.021153
6.002405	0.020432
6.006332	0.019708
6.010259	0.019001
6.014186	0.018326
6.018113	0.017693
6.022040	0.017110
6.025967	0.016581
6.029894	0.016109
6.033821	0.015694
6.037748	0.015336
6.041675	0.015035
6.045602	0.014788
6.049529	0.014594
6.053456	0.014452
6.057383	0.014359
6.061310	0.014313
6.065237	0.014313
6.069164	0.014356
6.073091	0.014437
6.077018	0.014553
6.080945	0.014697
6.084872	0.014863
6.088799	0.015044
6.092726	0.015229
6.096653	0.015411
6.100580	0.015581
6.104507	0.015735
6.108434	0.015867
6.112361	0.015978
6.116288	0.016070
6.120215	0.016144
6.124142	0.016205
6.128069	0.016253
6.131996	0.016290
6.135923	0.016313
6.139850	0.016318
6.143777	0.016302
6.147704	0.016257
6.151631	0.016180
6.155558	0.016066
6.159485	0.015914
6.163412	0.015725
6.167339	0.015503
6.171266	0.015256
6.175193	0.014990
6.179120	0.014717
6.183047	0.014446
6.186974	0.014187
6.190901	0.013949
6.194828	0.013739
6.198755	0.013562
6.202682	0.013421
6.206609	0.013319
6.210536	0.013256
6.214463	0.013231
6.218390	0.013240
6.222317	0.013280
6.226244	0.013344
6.230171	0.013425
6.234098	0.013514
6.238025	0.013601
6.241952	0.013678
6.245879	0.013736
6.249806	0.013770
6.253733	0.013779
6.257660	0.013764
6.261587	0.013731
6.265514	0.013687
6.269441	0.013641
6.273368	0.013600
6.277295	0.013573
6.281222	0.013564
6.285149	0.013575
6.289076	0.013607
6.293003	0.013656
6.296930	0.013719
6.300857	0.013789
6.304784	0.013858
6.308711	0.013920
6.312638	0.013967
6.316565	0.013992
6.320492	0.013989
6.324419	0.013955
6.328346	0.013885
6.332273	0.013776
6.336200	0.013629
6.340127	0.013442
6.344054	0.013218
6.347981	0.012962
6.351908	0.012679
6.355835	0.012376
6.359762	0.012063
6.363689	0.011746
6.367616	0.011435
6.371543	0.011136
6.375470	0.010855
6.379397	0.010595
6.383324	0.010361
6.387251	0.010153
6.391178	0.009972
6.395105	0.009819
6.399032	0.009692
6.402959	0.009592
6.406886	0.009516
6.410813	0.009464
6.414739	0.009432
6.418666	0.009418
6.422593	0.009419
6.426520	0.009434
6.430447	0.009458
6.434374	0.009489
6.438301	0.009527
6.442228	0.009570
6.446155	0.009620
6.450082	0.009677
6.454009	0.009744
6.457936	0.009824
6.461863	0.009917
6.465790	0.010025
6.469717	0.010148
6.473644	0.010283
6.477571	0.010427
6.481498	0.010575
6.485425	0.010717
6.489352	0.010847
6.493279	0.010954
6.497206	0.011029
6.501133	0.011065
6.505060	0.011055
6.508987	0.010997
6.512914	0.010891
6.516841	0.010742
6.520768	0.010556
6.524695	0.010341
6.528622	0.010109
6.532549	0.009867
6.536476	0.009625
6.540403	0.009390
6.544330	0.009168
6.548257	0.008963
6.552184	0.008778
6.556111	0.008615
6.560038	0.008475
6.563965	0.008359
6.567892	0.008266
6.571819	0.008196
6.575746	0.008147
6.579673	0.008120
6.583600	0.008113
6.587527	0.008125
6.591454	0.008152
6.595381	0.008195
6.599308	0.008249
6.603235	0.008313
6.607162	0.008385
6.611089	0.008463
6.615016	0.008545
6.618943	0.008631
6.622870	0.008721
6.626797	0.008816
6.630724	0.008914
6.634651	0.009016
6.638578	0.009120
6.642505	0.009222
6.646432	0.009320
6.650359	0.009409
6.654286	0.009483
6.658213	0.009539
6.662140	0.009573
6.666067	0.009581
6.669994	0.009561
6.673921	0.009513
6.677848	0.009437
6.681775	0.009335
6.685702	0.009208
6.689629	0.009060
6.693556	0.008892
6.697483	0.008711
6.701410	0.008518
6.705337	0.008319
6.709264	0.008117
6.713191	0.007918
6.717118	0.007724
6.721045	0.007539
6.724972	0.007365
6.728899	0.007205
6.732826	0.007060
6.736753	0.006930
6.740680	0.006816
6.744607	0.006718
6.748534	0.006635
6.752461	0.006569
6.756388	0.006517
6.760315	0.006481
6.764242	0.006459
6.768169	0.006451
6.772096	0.006457
6.776023	0.006475
6.779950	0.006505
6.783877	0.006545
6.787804	0.006596
6.791731	0.006656
6.795658	0.006723
6.799585	0.006798
6.803512	0.006879
6.807439	0.006965
6.811366	0.007058
6.815293	0.007157
6.819220	0.007262
6.823147	0.007372
6.827074	0.007484
6.831001	0.007596
6.834928	0.007705
6.838855	0.007804
6.842781	0.007888
6.846708	0.007951
6.850635	0.007988
6.854562	0.007996
6.858489	0.007973
6.862416	0.007917
6.866343	0.007831
6.870270	0.007718
6.874197	0.007582
6.878124	0.007429
6.882051	0.007264
6.885978	0.007094
6.889905	0.006922
6.893832	0.006754
6.897759	0.006593
6.901686	0.006442
6.905613	0.006302
6.909540	0.006175
6.913467	0.006062
6.917394	0.005963
6.921321	0.005878
6.925248	0.005807
6.929175	0.005750
6.933102	0.005706
6.937029	0.005674
6.940956	0.005655
6.944883	0.005648
6.948810	0.005652
6.952737	0.005667
6.956664	0.005692
6.960591	0.005727
6.964518	0.005770
6.968445	0.005820
6.972372	0.005877
6.976299	0.005940
6.980226	0.006008
6.984153	0.006080
6.988080	0.006155
6.992007	0.006233
6.995934	0.006311
6.999861	0.006390
7.003788	0.006465
7.007715	0.006536
7.011642	0.006601
7.015569	0.006657
7.019496	0.006703
7.023423	0.006738
7.027350	0.006761
7.031277	0.006770
7.035204	0.006765
7.039131	0.006744
7.043058	0.006706
7.046985	0.006650
7.050912	0.006578
7.054839	0.006490
7.058766	0.006387
7.062693	0.006274
7.066620	0.006152
7.070547	0.006025
7.074474	0.005896
7.078401	0.005768
7.082328	0.005644
7.086255	0.005525
7.090182	0.005414
7.094109	0.005311
7.098036	0.005218
7.101963	0.005135
7.105890	0.005062
7.109817	0.004999
7.113744	0.004946
7.117671	0.004902
7.121598	0.004868
7.125525	0.004842
7.129452	0.004824
7.133379	0.004813
7.137306	0.004808
7.141233	0.004809
7.145160	0.004815
7.149087	0.004824
7.153014	0.004838
7.156941	0.004856
7.160868	0.004878
7.164795	0.004904
7.168722	0.004936
7.172649	0.004973
7.176576	0.005016
7.180503	0.005065
7.184430	0.005120
7.188357	0.005179
7.192284	0.005241
7.196211	0.005303
7.200138	0.005364
7.204065	0.005421
7.207992	0.005471
7.211919	0.005511
7.215846	0.005541
7.219773	0.005559
7.223700	0.005565
7.227627	0.005558
7.231554	0.005540
7.235481	0.005510
7.239408	0.005469
7.243335	0.005417
7.247262	0.005355
7.251189	0.005285
7.255116	0.005206
7.259043	0.005122
7.262970	0.005034
7.266897	0.004944
7.270823	0.004854
7.274750	0.004766
7.278677	0.004682
7.282604	0.004603
7.286531	0.004531
7.290458	0.004466
7.294385	0.004408
7.298312	0.004358
7.302239	0.004316
7.306166	0.004282
7.310093	0.004255
7.314020	0.004237
7.317947	0.004225
7.321874	0.004221
7.325801	0.004224
7.329728	0.004234
7.333655	0.004249
7.337582	0.004271
7.341509	0.004298
7.345436	0.004329
7.349363	0.004366
7.353290	0.004406
7.357217	0.004450
7.361144	0.004499
7.365071	0.004551
7.368998	0.004606
7.372925	0.004665
7.376852	0.004725
7.380779	0.004787
7.384706	0.004847
7.388633	0.004905
7.392560	0.004959
7.396487	0.005007
7.400414	0.005047
7.404341	0.005078
7.408268	0.005099
7.412195	0.005109
7.416122	0.005108
7.420049	0.005094
7.423976	0.005068
7.427903	0.005030
7.431830	0.004980
7.435757	0.004919
7.439684	0.004848
7.443611	0.004770
7.447538	0.004687
7.451465	0.004600
7.455392	0.004511
7.459319	0.004424
7.463246	0.004340
7.467173	0.004260
7.471100	0.004186
7.475027	0.004118
7.478954	0.004057
7.482881	0.004004
7.486808	0.003957
7.490735	0.003918
7.494662	0.003886
7.498589	0.003861
7.502516	0.003843
7.506443	0.003831
7.510370	0.003825
7.514297	0.003825
7.518224	0.003830
7.522151	0.003839
7.526078	0.003853
7.530005	0.003870
7.533932	0.003891
7.537859	0.003916
7.541786	0.003944
7.545713	0.003975
7.549640	0.004009
7.553567	0.004046
7.557494	0.004085
7.561421	0.004126
7.565348	0.004168
7.569275	0.004210
7.573202	0.004253
7.577129	0.004295
7.581056	0.004335
7.584983	0.004375
7.588910	0.004411
7.592837	0.004445
7.596764	0.004473
7.600691	0.004495
7.604618	0.004507
7.608545	0.004509
7.612472	0.004498
7.616399	0.004474
7.620326	0.004437
7.624253	0.004386
7.628180	0.004324
7.632107	0.004254
7.636034	0.004177
7.639961	0.004097
7.643888	0.004016
7.647815	0.003936
7.651742	0.003860
7.655669	0.003787
7.659596	0.003721
7.663523	0.003660
7.667450	0.003605
7.671377	0.003556
7.675304	0.003514
7.679231	0.003478
7.683158	0.003447
7.687085	0.003421
7.691012	0.003400
7.694939	0.003383
7.698865	0.003371
7.702792	0.003361
7.706719	0.003355
7.710646	0.003351
7.714573	0.003350
7.718500	0.003352
7.722427	0.003357
7.726354	0.003366
7.730281	0.003378
7.734208	0.003393
7.738135	0.003412
7.742062	0.003434
7.745989	0.003459
7.749916	0.003485
7.753843	0.003513
7.757770	0.003542
7.761697	0.003569
7.765624	0.003595
7.769551	0.003618
7.773478	0.003638
7.777405	0.003653
7.781332	0.003664
7.785259	0.003668
7.789186	0.003666
7.793113	0.003658
7.797040	0.003642
7.800967	0.003619
7.804894	0.003590
7.808821	0.003555
7.812748	0.003514
7.816675	0.003470
7.820602	0.003422
7.824529	0.003373
7.828456	0.003323
7.832383	0.003273
7.836310	0.003225
7.840237	0.003179
7.844164	0.003135
7.848091	0.003095
7.852018	0.003058
7.855945	0.003025
7.859872	0.002996
7.863799	0.002971
7.867726	0.002950
7.871653	0.002932
7.875580	0.002917
7.879507	0.002906
7.883434	0.002898
7.887361	0.002892
7.891288	0.002889
7.895215	0.002888
7.899142	0.002888
7.903069	0.002891
7.906996	0.002895
7.910923	0.002901
7.914850	0.002909
7.918777	0.002919
7.922704	0.002932
7.926631	0.002946
7.930558	0.002963
7.934485	0.002982
7.938412	0.003002
7.942339	0.003023
7.946266	0.003045
7.950193	0.003067
7.954120	0.003088
7.958047	0.003109
7.961974	0.003128
7.965901	0.003146
7.969828	0.003162
7.973755	0.003176
7.977682	0.003187
7.981609	0.003195
7.985536	0.003199
7.989463	0.003199
7.993390	0.003193
7.997317	0.003182
8.001244	0.003165
8.005171	0.003143
8.009098	0.003116
8.013025	0.003084
8.016952	0.003049
8.020879	0.003011
8.024806	0.002971
8.028733	0.002931
8.032660	0.002892
8.036587	0.002854
8.040514	0.002818
8.044441	0.002784
8.048368	0.002754
8.052295	0.002727
8.056222	0.002703
8.060149	0.002683
8.064076	0.002665
8.068003	0.002651
8.071930	0.002640
8.075857	0.002632
8.079784	0.002626
8.083711	0.002622
8.087638	0.002620
8.091565	0.002620
8.095492	0.002622
8.099419	0.002624
8.103346	0.002627
8.107273	0.002631
8.111200	0.002634
8.115127	0.002638
8.119054	0.002642
8.122981	0.002645
8.126907	0.002649
8.130834	0.002652
8.134761	0.002656
8.138688	0.002660
8.142615	0.002665
8.146542	0.002672
8.150469	0.002680
8.154396	0.002690
8.158323	0.002702
8.162250	0.002715
8.166177	0.002728
8.170104	0.002742
8.174031	0.002754
8.177958	0.002764
8.181885	0.002770
8.185812	0.002772
8.189739	0.002769
8.193666	0.002760
8.197593	0.002745
8.201520	0.002725
8.205447	0.002700
8.209374	0.002672
8.213301	0.002640
8.217228	0.002607
8.221155	0.002573
8.225082	0.002540
8.229009	0.002508
8.232936	0.002477
8.236863	0.002448
8.240790	0.002421
8.244717	0.002397
8.248644	0.002375
8.252571	0.002356
8.256498	0.002339
8.260425	0.002323
8.264352	0.002310
8.268279	0.002298
8.272206	0.002289
8.276133	0.002280
8.280060	0.002273
8.283987	0.002267
8.287914	0.002262
8.291841	0.002259
8.295768	0.002257
8.299695	0.002256
8.303622	0.002257
8.307549	0.002259
8.311476	0.002262
8.315403	0.002267
8.319330	0.002273
8.323257	0.002281
8.327184	0.002289
8.331111	0.002298
8.335038	0.002308
8.338965	0.002319
8.342892	0.002329
8.346819	0.002340
8.350746	0.002350
8.354673	0.002360
8.358600	0.002370
8.362527	0.002379
8.366454	0.002387
8.370381	0.002394
8.374308	0.002400
8.378235	0.002404
8.382162	0.002406
8.386089	0.002406
8.390016	0.002403
8.393943	0.002397
8.397870	0.002388
8.401797	0.002376
8.405724	0.002361
8.409651	0.002344
8.413578	0.002324
8.417505	0.002303
8.421432	0.002281
8.425359	0.002258
8.429286	0.002235
8.433213	0.002213
8.437140	0.002192
8.441067	0.002172
8.444994	0.002153
8.448921	0.002137
8.452848	0.002121
8.456775	0.002108
8.460702	0.002096
8.464629	0.002085
8.468556	0.002076
8.472483	0.002068
8.476410	0.002062
8.480337	0.002056
8.484264	0.002052
8.488191	0.002049
8.492118	0.002046
8.496045	0.002045
8.499972	0.002045
8.503899	0.002046
8.507826	0.002048
8.511753	0.002052
8.515680	0.002056
8.519607	0.002061
8.523534	0.002066
8.527461	0.002073
8.531388	0.002080
8.535315	0.002087
8.539242	0.002094
8.543169	0.002102
8.547096	0.002109
8.551023	0.002116
8.554949	0.002123
8.558876	0.002130
8.562803	0.002136
8.566730	0.002141
8.570657	0.002145
8.574584	0.002147
8.578511	0.002148
8.582438	0.002148
8.586365	0.002146
8.590292	0.002142
8.594219	0.002136
8.598146	0.002128
8.602073	0.002118
8.606000	0.002106
8.609927	0.002092
8.613854	0.002077
8.617781	0.002060
8.621708	0.002043
8.625635	0.002025
8.629562	0.002007
8.633489	0.001990
8.637416	0.001973
8.641343	0.001958
8.645270	0.001943
8.649197	0.001930
8.653124	0.001918
8.657051	0.001907
8.660978	0.001897
8.664905	0.001888
8.668832	0.001881
8.672759	0.001874
8.676686	0.001868
8.680613	0.001863
8.684540	0.001859
8.688467	0.001856
8.692394	0.001853
8.696321	0.001851
8.700248	0.001850
8.704175	0.001849
8.708102	0.001849
8.712029	0.001850
8.715956	0.001850
8.719883	0.001852
8.723810	0.001853
8.727737	0.001855
8.731664	0.001857
8.735591	0.001860
8.739518	0.001863
8.743445	0.001866
8.747372	0.001870
8.751299	0.001873
8.755226	0.001877
8.759153	0.001881
8.763080	0.001884
8.767007	0.001887
8.770934	0.001889
8.774861	0.001891
8.778788	0.001891
8.782715	0.001890
8.786642	0.001888
8.790569	0.001883
8.794496	0.001877
8.798423	0.001870
8.802350	0.001860
8.806277	0.001850
8.810204	0.001838
8.814131	0.001826
8.818058	0.001813
8.821985	0.001800
8.825912	0.001787
8.829839	0.001775
8.833766	0.001763
8.837693	0.001752
8.841620	0.001742
8.845547	0.001733
8.849474	0.001724
8.853401	0.001717
8.857328	0.001709
8.861255	0.001703
8.865182	0.001697
8.869109	0.001692
8.873036	0.001687
8.876963	0.001683
8.880890	0.001679
8.884817	0.001676
8.888744	0.001673
8.892671	0.001671
8.896598	0.001669
8.900525	0.001667
8.904452	0.001666
8.908379	0.001666
8.912306	0.001666
8.916233	0.001667
8.920160	0.001668
8.924087	0.001669
8.928014	0.001671
8.931941	0.001674
8.935868	0.001677
8.939795	0.001679
8.943722	0.001683
8.947649	0.001686
8.951576	0.001689
8.955503	0.001692
8.959430	0.001695
8.963357	0.001698
8.967284	0.001701
8.971211	0.001703
8.975138	0.001705
8.979065	0.001706
8.982991	0.001707
8.986918	0.001707
8.990845	0.001706
8.994772	0.001704
8.998699	0.001700
9.002626	0.001695
9.006553	0.001689
9.010480	0.001682
9.014407	0.001674
9.018334	0.001665
9.022261	0.001655
9.026188	0.001645
9.030115	0.001636
9.034042	0.001626
9.037969	0.001617
9.041896	0.001609
9.045823	0.001601
9.049750	0.001593
9.053677	0.001586
9.057604	0.001580
9.061531	0.001574
9.065458	0.001569
9.069385	0.001564
9.073312	0.001559
9.077239	0.001555
9.081166	0.001552
9.085093	0.001548
9.089020	0.001545
9.092947	0.001543
9.096874	0.001540
9.100801	0.001538
9.104728	0.001537
9.108655	0.001535
9.112582	0.001535
9.116509	0.001534
9.120436	0.001534
9.124363	0.001534
9.128290	0.001535
9.132217	0.001535
9.136144	0.001537
9.140071	0.001538
9.143998	0.001540
9.147925	0.001542
9.151852	0.001544
9.155779	0.001546
9.159706	0.001549
9.163633	0.001551
9.167560	0.001553
9.171487	0.001556
9.175414	0.001558
9.179341	0.001559
9.183268	0.001560
9.187195	0.001561
9.191122	0.001561
9.195049	0.001560
9.198976	0.001558
9.202903	0.001555
9.206830	0.001551
9.210757	0.001547
9.214684	0.001542
9.218611	0.001536
9.222538	0.001529
9.226465	0.001522
9.230392	0.001515
9.234319	0.001508
9.238246	0.001501
9.242173	0.001494
9.246100	0.001488
9.250027	0.001482
9.253954	0.001476
9.257881	0.001470
9.261808	0.001465
9.265735	0.001461
9.269662	0.001457
9.273589	0.001453
9.277516	0.001449
9.281443	0.001446
9.285370	0.001443
9.289297	0.001440
9.293224	0.001437
9.297151	0.001435
9.301078	0.001433
9.305005	0.001431
9.308932	0.001430
9.312859	0.001429
9.316786	0.001428
9.320713	0.001427
9.324640	0.001427
9.328567	0.001427
9.332494	0.001427
9.336421	0.001427
9.340348	0.001428
9.344275	0.001429
9.348202	0.001430
9.352129	0.001432
9.356056	0.001433
9.359983	0.001435
9.363910	0.001436
9.367837	0.001437
9.371764	0.001438
9.375691	0.001439
9.379618	0.001439
9.383545	0.001439
9.387472	0.001439
9.391399	0.001437
9.395326	0.001435
9.399253	0.001433
9.403180	0.001430
9.407107	0.001427
9.411033	0.001423
9.414960	0.001419
9.418887	0.001414
9.422814	0.001409
9.426741	0.001404
9.430668	0.001399
9.434595	0.001394
9.438522	0.001389
9.442449	0.001384
9.446376	0.001379
9.450303	0.001375
9.454230	0.001371
9.458157	0.001367
9.462084	0.001363
9.466011	0.001360
9.469938	0.001356
9.473865	0.001353
9.477792	0.001350
9.481719	0.001348
9.485646	0.001345
9.489573	0.001343
9.493500	0.001341
9.497427	0.001338
9.501354	0.001337
9.505281	0.001335
9.509208	0.001333
9.513135	0.001332
9.517062	0.001330
9.520989	0.001329
9.524916	0.001328
9.528843	0.001327
9.532770	0.001326
9.536697	0.001326
9.540624	0.001325
9.544551	0.001325
9.548478	0.001325
9.552405	0.001325
9.556332	0.001325
9.560259	0.001325
9.564186	0.001326
9.568113	0.001326
9.572040	0.001326
9.575967	0.001327
9.579894	0.001327
9.583821	0.001327
9.587748	0.001327
9.591675	0.001327
9.595602	0.001327
9.599529	0.001327
9.603456	0.001326
9.607383	0.001325
9.611310	0.001323
9.615237	0.001322
9.619164	0.001320
9.623091	0.001318
9.627018	0.001315
9.630945	0.001312
9.634872	0.001309
9.638799	0.001306
9.642726	0.001302
9.646653	0.001299
9.650580	0.001295
9.654507	0.001292
9.658434	0.001288
9.662361	0.001285
9.666288	0.001282
9.670215	0.001279
9.674142	0.001276
9.678069	0.001274
9.681996	0.001271
9.685923	0.001269
9.689850	0.001266
9.693777	0.001264
9.697704	0.001262
9.701631	0.001261
9.705558	0.001259
9.709485	0.001257
9.713412	0.001256
9.717339	0.001254
9.721266	0.001253
9.725193	0.001252
9.729120	0.001251
9.733047	0.001250
9.736974	0.001249
9.740901	0.001248
9.744828	0.001248
9.748755	0.001247
9.752682	0.001247
9.756609	0.001246
9.760536	0.001246
9.764463	0.001246
9.768390	0.001246
9.772317	0.001246
9.776244	0.001246
9.780171	0.001246
9.784098	0.001246
9.788025	0.001246
9.791952	0.001246
9.795879	0.001246
9.799806	0.001246
9.803733	0.001246
9.807660	0.001245
9.811587	0.001244
9.815514	0.001243
9.819441	0.001241
