-9.819441	0.001080
-9.815514	0.001081
-9.811587	0.001082
-9.807660	0.001083
-9.803733	0.001084
-9.799806	0.001085
-9.795879	0.001086
-9.791952	0.001087
-9.788025	0.001088
-9.784098	0.001089
-9.780171	0.001089
-9.776244	0.001090
-9.772317	0.001091
-9.768390	0.001092
-9.764463	0.001093
-9.760536	0.001094
-9.756609	0.001095
-9.752682	0.001096
-9.748755	0.001097
-9.744828	0.001098
-9.740901	0.001099
-9.736974	0.001100
-9.733047	0.001101
-9.729120	0.001102
-9.725193	0.001103
-9.721266	0.001104
-9.717339	0.001105
-9.713412	0.001106
-9.709485	0.001107
-9.705558	0.001108
-9.701631	0.001109
-9.697704	0.001110
-9.693777	0.001111
-9.689850	0.001112
-9.685923	0.001113
-9.681996	0.001114
-9.678069	0.001115
-9.674142	0.001116
-9.670215	0.001117
-9.666288	0.001118
-9.662361	0.001119
-9.658434	0.001120
-9.654507	0.001121
-9.650580	0.001122
-9.646653	0.001123
-9.642726	0.001124
-9.638799	0.001125
-9.634872	0.001126
-9.630945	0.001127
-9.627018	0.001128
-9.623091	0.001129
-9.619164	0.001130
-9.615237	0.001131
-9.611310	0.001132
-9.607383	0.001133
-9.603456	0.001134
-9.599529	0.001135
-9.595602	0.001136
-9.591675	0.001137
-9.587748	0.001138
-9.583821	0.001139
-9.579894	0.001140
-9.575967	0.001141
-9.572040	0.001142
-9.568113	0.001143
-9.564186	0.001144
-9.560259	0.001145
-9.556332	0.001146
-9.552405	0.001147
-9.548478	0.001148
-9.544551	0.001150
-9.540624	0.001151
-9.536697	0.001152
-9.532770	0.001153
-9.528843	0.001154
-9.524916	0.001155
-9.520989	0.001156
-9.517062	0.001157
-9.513135	0.001158
-9.509208	0.001159
-9.505281	0.001160
-9.501354	0.001161
-9.497427	0.001162
-9.493500	0.001163
-9.489573	0.001164
-9.485646	0.001165
-9.481719	0.001166
-9.477792	0.001167
-9.473865	0.001169
-9.469938	0.001170
-9.466011	0.001171
-9.462084	0.001172
-9.458157	0.001173
-9.454230	0.001174
-9.450303	0.001175
-9.446376	0.001176
-9.442449	0.001177
-9.438522	0.001178
-9.434595	0.001179
-9.430668	0.001180
-9.426741	0.001182
-9.422814	0.001183
-9.418887	0.001184
-9.414960	0.001185
-9.411033	0.001186
-9.407107	0.001187
-9.403180	0.001188
-9.399253	0.001189
-9.395326	0.001190
-9.391399	0.001191
-9.387472	0.001192
-9.383545	0.001194
-9.379618	0.001195
-9.375691	0.001196
-9.371764	0.001197
-9.367837	0.001198
-9.363910	0.001199
-9.359983	0.001200
-9.356056	0.001201
-9.352129	0.001203
-9.348202	0.001204
-9.344275	0.001205
-9.340348	0.001206
-9.336421	0.001207
-9.332494	0.001208
-9.328567	0.001209
-9.324640	0.001210
-9.320713	0.001212
-9.316786	0.001213
-9.312859	0.001214
-9.308932	0.001215
-9.305005	0.001216
-9.301078	0.001217
-9.297151	0.001218
-9.293224	0.001220
-9.289297	0.001221
-9.285370	0.001222
-9.281443	0.001223
-9.277516	0.001224
-9.273589	0.001225
-9.269662	0.001226
-9.265735	0.001228
-9.261808	0.001229
-9.257881	0.001230
-9.253954	0.001231
-9.250027	0.001232
-9.246100	0.001233
-9.242173	0.001235
-9.238246	0.001236
-9.234319	0.001237
-9.230392	0.001238
-9.226465	0.001239
-9.222538	0.001240
-9.218611	0.001242
-9.214684	0.001243
-9.210757	0.001244
-9.206830	0.001245
-9.202903	0.001246
-9.198976	0.001248
-9.195049	0.001249
-9.191122	0.001250
-9.187195	0.001251
-9.183268	0.001252
-9.179341	0.001253
-9.175414	0.001255
-9.171487	0.001256
-9.167560	0.001257
-9.163633	0.001258
-9.159706	0.001260
-9.155779	0.001261
-9.151852	0.001262
-9.147925	0.001263
-9.143998	0.001264
-9.140071	0.001266
-9.136144	0.001267
-9.132217	0.001268
-9.128290	0.001269
-9.124363	0.001271
-9.120436	0.001272
-9.116509	0.001273
-9.112582	0.001274
-9.108655	0.001275
-9.104728	0.001277
-9.100801	0.001278
-9.096874	0.001279
-9.092947	0.001280
-9.089020	0.001282
-9.085093	0.001283
-9.081166	0.001284
-9.077239	0.001285
-9.073312	0.001286
-9.069385	0.001288
-9.065458	0.001289
-9.061531	0.001290
-9.057604	0.001291
-9.053677	0.001293
-9.049750	0.001294
-9.045823	0.001295
-9.041896	0.001296
-9.037969	0.001298
-9.034042	0.001299
-9.030115	0.001300
-9.026188	0.001302
-9.022261	0.001303
-9.018334	0.001304
-9.014407	0.001305
-9.010480	0.001307
-9.006553	0.001308
-9.002626	0.001309
-8.998699	0.001311
-8.994772	0.001312
-8.990845	0.001313
-8.986918	0.001314
-8.982991	0.001316
-8.979065	0.001317
-8.975138	0.001318
-8.971211	0.001320
-8.967284	0.001321
-8.963357	0.001322
-8.959430	0.001324
-8.955503	0.001325
-8.951576	0.001326
-8.947649	0.001328
-8.943722	0.001329
-8.939795	0.001330
-8.935868	0.001331
-8.931941	0.001333
-8.928014	0.001334
-8.924087	0.001335
-8.920160	0.001337
-8.916233	0.001338
-8.912306	0.001339
-8.908379	0.001341
-8.904452	0.001342
-8.900525	0.001343
-8.896598	0.001345
-8.892671	0.001346
-8.888744	0.001347
-8.884817	0.001349
-8.880890	0.001350
-8.876963	0.001351
-8.873036	0.001353
-8.869109	0.001354
-8.865182	0.001355
-8.861255	0.001357
-8.857328	0.001358
-8.853401	0.001359
-8.849474	0.001361
-8.845547	0.001362
-8.841620	0.001364
-8.837693	0.001365
-8.833766	0.001366
-8.829839	0.001368
-8.825912	0.001369
-8.821985	0.001371
-8.818058	0.001372
-8.814131	0.001373
-8.810204	0.001375
-8.806277	0.001376
-8.802350	0.001378
-8.798423	0.001379
-8.794496	0.001380
-8.790569	0.001382
-8.786642	0.001383
-8.782715	0.001385
-8.778788	0.001386
-8.774861	0.001387
-8.770934	0.001389
-8.767007	0.001390
-8.763080	0.001392
-8.759153	0.001393
-8.755226	0.001394
-8.751299	0.001396
-8.747372	0.001397
-8.743445	0.001399
-8.739518	0.001400
-8.735591	0.001401
-8.731664	0.001403
-8.727737	0.001404
-8.723810	0.001406
-8.719883	0.001407
-8.715956	0.001408
-8.712029	0.001410
-8.708102	0.001411
-8.704175	0.001413
-8.700248	0.001414
-8.696321	0.001416
-8.692394	0.001417
-8.688467	0.001419
-8.684540	0.001420
-8.680613	0.001422
-8.676686	0.001423
-8.672759	0.001425
-8.668832	0.001426
-8.664905	0.001428
-8.660978	0.001429
-8.657051	0.001431
-8.653124	0.001432
-8.649197	0.001434
-8.645270	0.001435
-8.641343	0.001437
-8.637416	0.001438
-8.633489	0.001440
-8.629562	0.001441
-8.625635	0.001443
-8.621708	0.001444
-8.617781	0.001446
-8.613854	0.001447
-8.609927	0.001449
-8.606000	0.001450
-8.602073	0.001452
-8.598146	0.001453
-8.594219	0.001455
-8.590292	0.001456
-8.586365	0.001458
-8.582438	0.001459
-8.578511	0.001461
-8.574584	0.001462
-8.570657	0.001464
-8.566730	0.001465
-8.562803	0.001467
-8.558876	0.001468
-8.554949	0.001470
-8.551023	0.001471
-8.547096	0.001473
-8.543169	0.001475
-8.539242	0.001476
-8.535315	0.001478
-8.531388	0.001479
-8.527461	0.001481
-8.523534	0.001482
-8.519607	0.001484
-8.515680	0.001486
-8.511753	0.001487
-8.507826	0.001489
-8.503899	0.001491
-8.499972	0.001492
-8.496045	0.001494
-8.492118	0.001496
-8.488191	0.001497
-8.484264	0.001499
-8.480337	0.001501
-8.476410	0.001502
-8.472483	0.001504
-8.468556	0.001505
-8.464629	0.001507
-8.460702	0.001509
-8.456775	0.001510
-8.452848	0.001512
-8.448921	0.001513
-8.444994	0.001515
-8.441067	0.001517
-8.437140	0.001518
-8.433213	0.001520
-8.429286	0.001521
-8.425359	0.001523
-8.421432	0.001525
-8.417505	0.001526
-8.413578	0.001528
-8.409651	0.001529
-8.405724	0.001531
-8.401797	0.001533
-8.397870	0.001534
-8.393943	0.001536
-8.390016	0.001538
-8.386089	0.001539
-8.382162	0.001541
-8.378235	0.001543
-8.374308	0.001544
-8.370381	0.001546
-8.366454	0.001548
-8.362527	0.001550
-8.358600	0.001551
-8.354673	0.001553
-8.350746	0.001555
-8.346819	0.001557
-8.342892	0.001559
-8.338965	0.001561
-8.335038	0.001562
-8.331111	0.001564
-8.327184	0.001566
-8.323257	0.001568
-8.319330	0.001570
-8.315403	0.001571
-8.311476	0.001573
-8.307549	0.001575
-8.303622	0.001577
-8.299695	0.001578
-8.295768	0.001580
-8.291841	0.001582
-8.287914	0.001583
-8.283987	0.001585
-8.280060	0.001587
-8.276133	0.001588
-8.272206	0.001590
-8.268279	0.001592
-8.264352	0.001593
-8.260425	0.001595
-8.256498	0.001597
-8.252571	0.001598
-8.248644	0.001600
-8.244717	0.001602
-8.240790	0.001603
-8.236863	0.001605
-8.232936	0.001607
-8.229009	0.001609
-8.225082	0.001611
-8.221155	0.001613
-8.217228	0.001614
-8.213301	0.001616
-8.209374	0.001618
-8.205447	0.001620
-8.201520	0.001622
-8.197593	0.001624
-8.193666	0.001626
-8.189739	0.001628
-8.185812	0.001630
-8.181885	0.001632
-8.177958	0.001634
-8.174031	0.001636
-8.170104	0.001638
-8.166177	0.001640
-8.162250	0.001642
-8.158323	0.001644
-8.154396	0.001646
-8.150469	0.001647
-8.146542	0.001649
-8.142615	0.001651
-8.138688	0.001653
-8.134761	0.001654
-8.130834	0.001656
-8.126907	0.001658
-8.122981	0.001660
-8.119054	0.001661
-8.115127	0.001663
-8.111200	0.001665
-8.107273	0.001667
-8.103346	0.001668
-8.099419	0.001670
-8.095492	0.001672
-8.091565	0.001674
-8.087638	0.001676
-8.083711	0.001678
-8.079784	0.001680
-8.075857	0.001681
-8.071930	0.001683
-8.068003	0.001685
-8.064076	0.001687
-8.060149	0.001689
-8.056222	0.001692
-8.052295	0.001694
-8.048368	0.001696
-8.044441	0.001698
-8.040514	0.001700
-8.036587	0.001702
-8.032660	0.001704
-8.028733	0.001707
-8.024806	0.001709
-8.020879	0.001711
-8.016952	0.001713
-8.013025	0.001715
-8.009098	0.001718
-8.005171	0.001720
-8.001244	0.001722
-7.997317	0.001724
-7.993390	0.001726
-7.989463	0.001728
-7.985536	0.001730
-7.981609	0.001732
-7.977682	0.001734
-7.973755	0.001735
-7.969828	0.001737
-7.965901	0.001739
-7.961974	0.001741
-7.958047	0.001743
-7.954120	0.001745
-7.950193	0.001747
-7.946266	0.001749
-7.942339	0.001751
-7.938412	0.001753
-7.934485	0.001755
-7.930558	0.001757
-7.926631	0.001759
-7.922704	0.001761
-7.918777	0.001763
-7.914850	0.001765
-7.910923	0.001767
-7.906996	0.001769
-7.903069	0.001772
-7.899142	0.001774
-7.895215	0.001776
-7.891288	0.001779
-7.887361	0.001781
-7.883434	0.001784
-7.879507	0.001786
-7.875580	0.001789
-7.871653	0.001791
-7.867726	0.001794
-7.863799	0.001796
-7.859872	0.001799
-7.855945	0.001801
-7.852018	0.001804
-7.848091	0.001806
-7.844164	0.001808
-7.840237	0.001810
-7.836310	0.001812
-7.832383	0.001815
-7.828456	0.001817
-7.824529	0.001818
-7.820602	0.001820
-7.816675	0.001822
-7.812748	0.001824
-7.808821	0.001826
-7.804894	0.001828
-7.800967	0.001830
-7.797040	0.001832
-7.793113	0.001834
-7.789186	0.001836
-7.785259	0.001838
-7.781332	0.001840
-7.777405	0.001842
-7.773478	0.001844
-7.769551	0.001847
-7.765624	0.001849
-7.761697	0.001851
-7.757770	0.001854
-7.753843	0.001856
-7.749916	0.001859
-7.745989	0.001861
-7.742062	0.001864
-7.738135	0.001867
-7.734208	0.001869
-7.730281	0.001872
-7.726354	0.001875
-7.722427	0.001878
-7.718500	0.001880
-7.714573	0.001883
-7.710646	0.001886
-7.706719	0.001889
-7.702792	0.001892
-7.698865	0.001894
-7.694939	0.001897
-7.691012	0.001900
-7.687085	0.001902
-7.683158	0.001904
-7.679231	0.001907
-7.675304	0.001909
-7.671377	0.001911
-7.667450	0.001913
-7.663523	0.001915
-7.659596	0.001917
-7.655669	0.001919
-7.651742	0.001921
-7.647815	0.001923
-7.643888	0.001925
-7.639961	0.001927
-7.636034	0.001930
-7.632107	0.001932
-7.628180	0.001934
-7.624253	0.001936
-7.620326	0.001938
-7.616399	0.001941
-7.612472	0.001943
-7.608545	0.001946
-7.604618	0.001948
-7.600691	0.001951
-7.596764	0.001954
-7.592837	0.001956
-7.588910	0.001959
-7.584983	0.001962
-7.581056	0.001965
-7.577129	0.001968
-7.573202	0.001971
-7.569275	0.001975
-7.565348	0.001978
-7.561421	0.001981
-7.557494	0.001984
-7.553567	0.001988
-7.549640	0.001991
-7.545713	0.001994
-7.541786	0.001998
-7.537859	0.002001
-7.533932	0.002004
-7.530005	0.002007
-7.526078	0.002009
-7.522151	0.002012
-7.518224	0.002014
-7.514297	0.002017
-7.510370	0.002019
-7.506443	0.002021
-7.502516	0.002023
-7.498589	0.002025
-7.494662	0.002027
-7.490735	0.002029
-7.486808	0.002031
-7.482881	0.002033
-7.478954	0.002036
-7.475027	0.002038
-7.471100	0.002040
-7.467173	0.002043
-7.463246	0.002046
-7.459319	0.002048
-7.455392	0.002051
-7.451465	0.002054
-7.447538	0.002057
-7.443611	0.002061
-7.439684	0.002064
-7.435757	0.002067
-7.431830	0.002071
-7.427903	0.002075
-7.423976	0.002078
-7.420049	0.002082
-7.416122	0.002086
-7.412195	0.002090
-7.408268	0.002094
-7.404341	0.002099
-7.400414	0.002103
-7.396487	0.002107
-7.392560	0.002110
-7.388633	0.002114
-7.384706	0.002117
-7.380779	0.002120
-7.376852	0.002123
-7.372925	0.002126
-7.368998	0.002128
-7.365071	0.002130
-7.361144	0.002132
-7.357217	0.002134
-7.353290	0.002136
-7.349363	0.002137
-7.345436	0.002139
-7.341509	0.002141
-7.337582	0.002143
-7.333655	0.002145
-7.329728	0.002147
-7.325801	0.002149
-7.321874	0.002152
-7.317947	0.002154
-7.314020	0.002157
-7.310093	0.002160
-7.306166	0.002163
-7.302239	0.002166
-7.298312	0.002170
-7.294385	0.002173
-7.290458	0.002177
-7.286531	0.002181
-7.282604	0.002185
-7.278677	0.002189
-7.274750	0.002193
-7.270823	0.002198
-7.266897	0.002202
-7.262970	0.002206
-7.259043	0.002211
-7.255116	0.002215
-7.251189	0.002219
-7.247262	0.002224
-7.243335	0.002228
-7.239408	0.002231
-7.235481	0.002235
-7.231554	0.002238
-7.227627	0.002241
-7.223700	0.002244
-7.219773	0.002246
-7.215846	0.002248
-7.211919	0.002251
-7.207992	0.002253
-7.204065	0.002254
-7.200138	0.002256
-7.196211	0.002258
-7.192284	0.002260
-7.188357	0.002262
-7.184430	0.002264
-7.180503	0.002266
-7.176576	0.002268
-7.172649	0.002271
-7.168722	0.002273
-7.164795	0.002276
-7.160868	0.002279
-7.156941	0.002282
-7.153014	0.002286
-7.149087	0.002289
-7.145160	0.002293
-7.141233	0.002297
-7.137306	0.002301
-7.133379	0.002305
-7.129452	0.002309
-7.125525	0.002314
-7.121598	0.002318
-7.117671	0.002323
-7.113744	0.002328
-7.109817	0.002333
-7.105890	0.002338
-7.101963	0.002343
-7.098036	0.002348
-7.094109	0.002353
-7.090182	0.002358
-7.086255	0.002362
-7.082328	0.002367
-7.078401	0.002370
-7.074474	0.002374
-7.070547	0.002377
-7.066620	0.002379
-7.062693	0.002382
-7.058766	0.002384
-7.054839	0.002386
-7.050912	0.002388
-7.046985	0.002390
-7.043058	0.002392
-7.039131	0.002393
-7.035204	0.002395
-7.031277	0.002398
-7.027350	0.002400
-7.023423	0.002402
-7.019496	0.002405
-7.015569	0.002408
-7.011642	0.002411
-7.007715	0.002414
-7.003788	0.002418
-6.999861	0.002422
-6.995934	0.002426
-6.992007	0.002430
-6.988080	0.002434
-6.984153	0.002438
-6.980226	0.002443
-6.976299	0.002448
-6.972372	0.002453
-6.968445	0.002458
-6.964518	0.002464
-6.960591	0.002469
-6.956664	0.002475
-6.952737	0.002481
-6.948810	0.002487
-6.944883	0.002493
-6.940956	0.002499
-6.937029	0.002505
-6.933102	0.002510
-6.929175	0.002515
-6.925248	0.002520
-6.921321	0.002525
-6.917394	0.002529
-6.913467	0.002533
-6.909540	0.002536
-6.905613	0.002540
-6.901686	0.002542
-6.897759	0.002545
-6.893832	0.002548
-6.889905	0.002550
-6.885978	0.002552
-6.882051	0.002555
-6.878124	0.002558
-6.874197	0.002561
-6.870270	0.002564
-6.866343	0.002567
-6.862416	0.002571
-6.858489	0.002575
-6.854562	0.002580
-6.850635	0.002584
-6.846708	0.002589
-6.842781	0.002595
-6.838855	0.002601
-6.834928	0.002607
-6.831001	0.002613
-6.827074	0.002620
-6.823147	0.002627
-6.819220	0.002634
-6.815293	0.002642
-6.811366	0.002649
-6.807439	0.002658
-6.803512	0.002666
-6.799585	0.002674
-6.795658	0.002683
-6.791731	0.002691
-6.787804	0.002699
-6.783877	0.002706
-6.779950	0.002713
-6.776023	0.002719
-6.772096	0.002724
-6.768169	0.002729
-6.764242	0.002733
-6.760315	0.002736
-6.756388	0.002738
-6.752461	0.002740
-6.748534	0.002742
-6.744607	0.002743
-6.740680	0.002744
-6.736753	0.002745
-6.732826	0.002746
-6.728899	0.002747
-6.724972	0.002749
-6.721045	0.002752
-6.717118	0.002754
-6.713191	0.002758
-6.709264	0.002761
-6.705337	0.002765
-6.701410	0.002770
-6.697483	0.002775
-6.693556	0.002781
-6.689629	0.002786
-6.685702	0.002793
-6.681775	0.002800
-6.677848	0.002807
-6.673921	0.002814
-6.669994	0.002823
-6.666067	0.002832
-6.662140	0.002841
-6.658213	0.002851
-6.654286	0.002861
-6.650359	0.002871
-6.646432	0.002882
-6.642505	0.002893
-6.638578	0.002904
-6.634651	0.002914
-6.630724	0.002924
-6.626797	0.002932
-6.622870	0.002941
-6.618943	0.002948
-6.615016	0.002953
-6.611089	0.002958
-6.607162	0.002962
-6.603235	0.002965
-6.599308	0.002968
-6.595381	0.002969
-6.591454	0.002971
-6.587527	0.002972
-6.583600	0.002973
-6.579673	0.002975
-6.575746	0.002976
-6.571819	0.002979
-6.567892	0.002982
-6.563965	0.002985
-6.560038	0.002989
-6.556111	0.002994
-6.552184	0.002999
-6.548257	0.003005
-6.544330	0.003012
-6.540403	0.003019
-6.536476	0.003028
-6.532549	0.003036
-6.528622	0.003046
-6.524695	0.003056
-6.520768	0.003067
-6.516841	0.003078
-6.512914	0.003090
-6.508987	0.003103
-6.505060	0.003116
-6.501133	0.003128
-6.497206	0.003141
-6.493279	0.003152
-6.489352	0.003163
-6.485425	0.003173
-6.481498	0.003182
-6.477571	0.003190
-6.473644	0.003196
-6.469717	0.003200
-6.465790	0.003203
-6.461863	0.003205
-6.457936	0.003206
-6.454009	0.003207
-6.450082	0.003207
-6.446155	0.003206
-6.442228	0.003206
-6.438301	0.003206
-6.434374	0.003207
-6.430447	0.003209
-6.426520	0.003211
-6.422593	0.003215
-6.418666	0.003219
-6.414739	0.003225
-6.410813	0.003231
-6.406886	0.003239
-6.402959	0.003247
-6.399032	0.003256
-6.395105	0.003266
-6.391178	0.003276
-6.387251	0.003288
-6.383324	0.003300
-6.379397	0.003313
-6.375470	0.003326
-6.371543	0.003341
-6.367616	0.003355
-6.363689	0.003370
-6.359762	0.003385
-6.355835	0.003399
-6.351908	0.003413
-6.347981	0.003425
-6.344054	0.003436
-6.340127	0.003445
-6.336200	0.003453
-6.332273	0.003459
-6.328346	0.003463
-6.324419	0.003465
-6.320492	0.003466
-6.316565	0.003466
-6.312638	0.003466
-6.308711	0.003465
-6.304784	0.003464
-6.300857	0.003463
-6.296930	0.003463
-6.293003	0.003463
-6.289076	0.003465
-6.285149	0.003467
-6.281222	0.003471
-6.277295	0.003475
-6.273368	0.003481
-6.269441	0.003488
-6.265514	0.003496
-6.261587	0.003505
-6.257660	0.003515
-6.253733	0.003526
-6.249806	0.003538
-6.245879	0.003550
-6.241952	0.003563
-6.238025	0.003577
-6.234098	0.003592
-6.230171	0.003608
-6.226244	0.003624
-6.222317	0.003641
-6.218390	0.003658
-6.214463	0.003676
-6.210536	0.003694
-6.206609	0.003712
-6.202682	0.003729
-6.198755	0.003746
-6.194828	0.003761
-6.190901	0.003775
-6.186974	0.003787
-6.183047	0.003798
-6.179120	0.003806
-6.175193	0.003813
-6.171266	0.003819
-6.167339	0.003823
-6.163412	0.003826
-6.159485	0.003828
-6.155558	0.003829
-6.151631	0.003830
-6.147704	0.003832
-6.143777	0.003834
-6.139850	0.003837
-6.135923	0.003841
-6.131996	0.003846
-6.128069	0.003853
-6.124142	0.003861
-6.120215	0.003870
-6.116288	0.003881
-6.112361	0.003893
-6.108434	0.003906
-6.104507	0.003920
-6.100580	0.003935
-6.096653	0.003951
-6.092726	0.003968
-6.088799	0.003986
-6.084872	0.004005
-6.080945	0.004026
-6.077018	0.004049
-6.073091	0.004073
-6.069164	0.004098
-6.065237	0.004124
-6.061310	0.004152
-6.057383	0.004180
-6.053456	0.004209
-6.049529	0.004238
-6.045602	0.004266
-6.041675	0.004293
-6.037748	0.004319
-6.033821	0.004343
-6.029894	0.004365
-6.025967	0.004385
-6.022040	0.004402
-6.018113	0.004417
-6.014186	0.004431
-6.010259	0.004442
-6.006332	0.004452
-6.002405	0.004462
-5.998478	0.004471
-5.994551	0.004481
-5.990624	0.004492
-5.986698	0.004504
-5.982771	0.004519
-5.978844	0.004536
-5.974917	0.004555
-5.970990	0.004577
-5.967063	0.004601
-5.963136	0.004627
-5.959209	0.004656
-5.955282	0.004687
-5.951355	0.004720
-5.947428	0.004756
-5.943501	0.004795
-5.939574	0.004836
-5.935647	0.004880
-5.931720	0.004928
-5.927793	0.004980
-5.923866	0.005035
-5.919939	0.005093
-5.916012	0.005154
-5.912085	0.005217
-5.908158	0.005280
-5.904231	0.005343
-5.900304	0.005404
-5.896377	0.005460
-5.892450	0.005511
-5.888523	0.005554
-5.884596	0.005589
-5.880669	0.005614
-5.876742	0.005631
-5.872815	0.005639
-5.868888	0.005641
-5.864961	0.005637
-5.861034	0.005631
-5.857107	0.005623
-5.853180	0.005616
-5.849253	0.005611
-5.845326	0.005611
-5.841399	0.005615
-5.837472	0.005625
-5.833545	0.005640
-5.829618	0.005662
-5.825691	0.005690
-5.821764	0.005723
-5.817837	0.005762
-5.813910	0.005808
-5.809983	0.005859
-5.806056	0.005917
-5.802129	0.005983
-5.798202	0.006055
-5.794275	0.006135
-5.790348	0.006223
-5.786421	0.006317
-5.782494	0.006418
-5.778567	0.006524
-5.774640	0.006634
-5.770713	0.006744
-5.766786	0.006852
-5.762859	0.006954
-5.758932	0.007048
-5.755005	0.007130
-5.751078	0.007197
-5.747151	0.007248
-5.743224	0.007282
-5.739297	0.007299
-5.735370	0.007302
-5.731443	0.007292
-5.727516	0.007273
-5.723589	0.007247
-5.719662	0.007219
-5.715735	0.007190
-5.711808	0.007164
-5.707881	0.007143
-5.703954	0.007129
-5.700027	0.007122
-5.696100	0.007124
-5.692173	0.007134
-5.688246	0.007153
-5.684319	0.007181
-5.680392	0.007217
-5.676465	0.007261
-5.672538	0.007314
-5.668611	0.007375
-5.664684	0.007445
-5.660757	0.007523
-5.656830	0.007609
-5.652903	0.007702
-5.648976	0.007799
-5.645049	0.007898
-5.641122	0.007996
-5.637195	0.008089
-5.633268	0.008174
-5.629341	0.008247
-5.625414	0.008307
-5.621487	0.008353
-5.617560	0.008383
-5.613633	0.008401
-5.609706	0.008409
-5.605779	0.008409
-5.601852	0.008405
-5.597925	0.008400
-5.593998	0.008397
-5.590071	0.008398
-5.586144	0.008403
-5.582217	0.008415
-5.578290	0.008435
-5.574363	0.008464
-5.570436	0.008502
-5.566509	0.008551
-5.562582	0.008611
-5.558656	0.008682
-5.554729	0.008764
-5.550802	0.008857
-5.546875	0.008959
-5.542948	0.009070
-5.539021	0.009189
-5.535094	0.009316
-5.531167	0.009450
-5.527240	0.009591
-5.523313	0.009737
-5.519386	0.009888
-5.515459	0.010041
-5.511532	0.010193
-5.507605	0.010340
-5.503678	0.010477
-5.499751	0.010599
-5.495824	0.010703
-5.491897	0.010787
-5.487970	0.010850
-5.484043	0.010893
-5.480116	0.010919
-5.476189	0.010931
-5.472262	0.010935
-5.468335	0.010933
-5.464408	0.010929
-5.460481	0.010924
-5.456554	0.010919
-5.452627	0.010915
-5.448700	0.010912
-5.444773	0.010911
-5.440846	0.010911
-5.436919	0.010914
-5.432992	0.010919
-5.429065	0.010926
-5.425138	0.010938
-5.421211	0.010953
-5.417284	0.010975
-5.413357	0.011004
-5.409430	0.011042
-5.405503	0.011091
-5.401576	0.011151
-5.397649	0.011221
-5.393722	0.011301
-5.389795	0.011387
-5.385868	0.011476
-5.381941	0.011564
-5.378014	0.011647
-5.374087	0.011722
-5.370160	0.011787
-5.366233	0.011840
-5.362306	0.011883
-5.358379	0.011917
-5.354452	0.011944
-5.350525	0.011966
-5.346598	0.011984
-5.342671	0.012001
-5.338744	0.012015
-5.334817	0.012030
-5.330890	0.012044
-5.326963	0.012061
-5.323036	0.012083
-5.319109	0.012113
-5.315182	0.012153
-5.311255	0.012205
-5.307328	0.012272
-5.303401	0.012354
-5.299474	0.012448
-5.295547	0.012553
-5.291620	0.012665
-5.287693	0.012782
-5.283766	0.012900
-5.279839	0.013018
-5.275912	0.013135
-5.271985	0.013251
-5.268058	0.013368
-5.264131	0.013487
-5.260204	0.013609
-5.256277	0.013733
-5.252350	0.013858
-5.248423	0.013982
-5.244496	0.014103
-5.240569	0.014218
-5.236642	0.014328
-5.232715	0.014430
-5.228788	0.014526
-5.224861	0.014617
-5.220934	0.014705
-5.217007	0.014790
-5.213080	0.014873
-5.209153	0.014951
-5.205226	0.015025
-5.201299	0.015090
-5.197372	0.015145
-5.193445	0.015188
-5.189518	0.015218
-5.185591	0.015235
-5.181664	0.015239
-5.177737	0.015231
-5.173810	0.015213
-5.169883	0.015186
-5.165956	0.015156
-5.162029	0.015125
-5.158102	0.015099
-5.154175	0.015084
-5.150248	0.015085
-5.146321	0.015107
-5.142394	0.015153
-5.138467	0.015225
-5.134540	0.015322
-5.130614	0.015445
-5.126687	0.015591
-5.122760	0.015757
-5.118833	0.015940
-5.114906	0.016136
-5.110979	0.016340
-5.107052	0.016547
-5.103125	0.016753
-5.099198	0.016953
-5.095271	0.017141
-5.091344	0.017313
-5.087417	0.017468
-5.083490	0.017601
-5.079563	0.017715
-5.075636	0.017807
-5.071709	0.017880
-5.067782	0.017933
-5.063855	0.017966
-5.059928	0.017978
-5.056001	0.017969
-5.052074	0.017940
-5.048147	0.017892
-5.044220	0.017830
-5.040293	0.017758
-5.036366	0.017684
-5.032439	0.017615
-5.028512	0.017560
-5.024585	0.017527
-5.020658	0.017521
-5.016731	0.017549
-5.012804	0.017612
-5.008877	0.017712
-5.004950	0.017849
-5.001023	0.018021
-4.997096	0.018226
-4.993169	0.018460
-4.989242	0.018720
-4.985315	0.019000
-4.981388	0.019295
-4.977461	0.019597
-4.973534	0.019897
-4.969607	0.020187
-4.965680	0.020456
-4.961753	0.020695
-4.957826	0.020896
-4.953899	0.021054
-4.949972	0.021166
-4.946045	0.021233
-4.942118	0.021262
-4.938191	0.021261
-4.934264	0.021240
-4.930337	0.021210
-4.926410	0.021183
-4.922483	0.021165
-4.918556	0.021162
-4.914629	0.021175
-4.910702	0.021203
-4.906775	0.021244
-4.902848	0.021293
-4.898921	0.021348
-4.894994	0.021408
-4.891067	0.021476
-4.887140	0.021555
-4.883213	0.021650
-4.879286	0.021766
-4.875359	0.021906
-4.871432	0.022072
-4.867505	0.022264
-4.863578	0.022478
-4.859651	0.022712
-4.855724	0.022960
-4.851797	0.023217
-4.847870	0.023476
-4.843943	0.023731
-4.840016	0.023974
-4.836089	0.024196
-4.832162	0.024387
-4.828235	0.024536
-4.824308	0.024632
-4.820381	0.024668
-4.816454	0.024638
-4.812527	0.024540
-4.808600	0.024378
-4.804673	0.024158
-4.800746	0.023894
-4.796819	0.023599
-4.792892	0.023291
-4.788965	0.022985
-4.785038	0.022697
-4.781111	0.022439
-4.777184	0.022217
-4.773257	0.022036
-4.769330	0.021895
-4.765403	0.021793
-4.761476	0.021722
-4.757549	0.021677
-4.753622	0.021651
-4.749695	0.021639
-4.745768	0.021638
-4.741841	0.021648
-4.737914	0.021673
-4.733987	0.021715
-4.730060	0.021780
-4.726133	0.021870
-4.722206	0.021986
-4.718279	0.022127
-4.714352	0.022287
-4.710425	0.022456
-4.706498	0.022625
-4.702572	0.022781
-4.698645	0.022914
-4.694718	0.023016
-4.690791	0.023082
-4.686864	0.023113
-4.682937	0.023115
-4.679010	0.023096
-4.675083	0.023066
-4.671156	0.023035
-4.667229	0.023012
-4.663302	0.023002
-4.659375	0.023009
-4.655448	0.023034
-4.651521	0.023078
-4.647594	0.023138
-4.643667	0.023213
-4.639740	0.023304
-4.635813	0.023410
-4.631886	0.023533
-4.627959	0.023677
-4.624032	0.023845
-4.620105	0.024045
-4.616178	0.024283
-4.612251	0.024569
-4.608324	0.024909
-4.604397	0.025310
-4.600470	0.025775
-4.596543	0.026306
-4.592616	0.026899
-4.588689	0.027547
-4.584762	0.028236
-4.580835	0.028950
-4.576908	0.029667
-4.572981	0.030361
-4.569054	0.031008
-4.565127	0.031583
-4.561200	0.032069
-4.557273	0.032453
-4.553346	0.032734
-4.549419	0.032918
-4.545492	0.033018
-4.541565	0.033053
-4.537638	0.033045
-4.533711	0.033014
-4.529784	0.032984
-4.525857	0.032973
-4.521930	0.032998
-4.518003	0.033073
-4.514076	0.033208
-4.510149	0.033410
-4.506222	0.033679
-4.502295	0.034012
-4.498368	0.034398
-4.494441	0.034824
-4.490514	0.035272
-4.486587	0.035721
-4.482660	0.036153
-4.478733	0.036551
-4.474806	0.036900
-4.470879	0.037196
-4.466952	0.037436
-4.463025	0.037628
-4.459098	0.037785
-4.455171	0.037924
-4.451244	0.038063
-4.447317	0.038223
-4.443390	0.038416
-4.439463	0.038653
-4.435536	0.038936
-4.431609	0.039260
-4.427682	0.039616
-4.423755	0.039986
-4.419828	0.040353
-4.415901	0.040699
-4.411974	0.041005
-4.408047	0.041260
-4.404120	0.041453
-4.400193	0.041579
-4.396266	0.041635
-4.392339	0.041622
-4.388412	0.041542
-4.384485	0.041405
-4.380558	0.041222
-4.376631	0.041013
-4.372704	0.040799
-4.368777	0.040602
-4.364850	0.040446
-4.360923	0.040347
-4.356996	0.040318
-4.353069	0.040364
-4.349142	0.040483
-4.345215	0.040665
-4.341288	0.040899
-4.337361	0.041169
-4.333434	0.041460
-4.329507	0.041759
-4.325580	0.042059
-4.321653	0.042353
-4.317726	0.042639
-4.313799	0.042912
-4.309872	0.043166
-4.305945	0.043393
-4.302018	0.043578
-4.298091	0.043705
-4.294164	0.043760
-4.290237	0.043730
-4.286310	0.043609
-4.282383	0.043398
-4.278456	0.043110
-4.274530	0.042761
-4.270603	0.042378
-4.266676	0.041988
-4.262749	0.041621
-4.258822	0.041303
-4.254895	0.041058
-4.250968	0.040903
-4.247041	0.040851
-4.243114	0.040906
-4.239187	0.041067
-4.235260	0.041330
-4.231333	0.041683
-4.227406	0.042116
-4.223479	0.042614
-4.219552	0.043167
-4.215625	0.043762
-4.211698	0.044390
-4.207771	0.045039
-4.203844	0.045697
-4.199917	0.046345
-4.195990	0.046961
-4.192063	0.047519
-4.188136	0.047988
-4.184209	0.048343
-4.180282	0.048561
-4.176355	0.048632
-4.172428	0.048554
-4.168501	0.048337
-4.164574	0.048000
-4.160647	0.047567
-4.156720	0.047068
-4.152793	0.046529
-4.148866	0.045980
-4.144939	0.045446
-4.141012	0.044953
-4.137085	0.044522
-4.133158	0.044173
-4.129231	0.043926
-4.125304	0.043793
-4.121377	0.043786
-4.117450	0.043912
-4.113523	0.044173
-4.109596	0.044567
-4.105669	0.045088
-4.101742	0.045723
-4.097815	0.046457
-4.093888	0.047271
-4.089961	0.048144
-4.086034	0.049053
-4.082107	0.049974
-4.078180	0.050884
-4.074253	0.051765
-4.070326	0.052601
-4.066399	0.053381
-4.062472	0.054102
-4.058545	0.054767
-4.054618	0.055385
-4.050691	0.055967
-4.046764	0.056532
-4.042837	0.057095
-4.038910	0.057675
-4.034983	0.058288
-4.031056	0.058950
-4.027129	0.059676
-4.023202	0.060476
-4.019275	0.061360
-4.015348	0.062332
-4.011421	0.063396
-4.007494	0.064554
-4.003567	0.065804
-3.999640	0.067149
-3.995713	0.068588
-3.991786	0.070117
-3.987859	0.071727
-3.983932	0.073399
-3.980005	0.075101
-3.976078	0.076793
-3.972151	0.078424
-3.968224	0.079937
-3.964297	0.081281
-3.960370	0.082406
-3.956443	0.083274
-3.952516	0.083856
-3.948589	0.084137
-3.944662	0.084105
-3.940735	0.083760
-3.936808	0.083108
-3.932881	0.082162
-3.928954	0.080947
-3.925027	0.079496
-3.921100	0.077855
-3.917173	0.076077
-3.913246	0.074220
-3.909319	0.072347
-3.905392	0.070516
-3.901465	0.068783
-3.897538	0.067193
-3.893611	0.065785
-3.889684	0.064584
-3.885757	0.063605
-3.881830	0.062854
-3.877903	0.062327
-3.873976	0.062011
-3.870049	0.061890
-3.866122	0.061937
-3.862195	0.062124
-3.858268	0.062418
-3.854341	0.062784
-3.850414	0.063186
-3.846488	0.063588
-3.842561	0.063955
-3.838634	0.064257
-3.834707	0.064472
-3.830780	0.064584
-3.826853	0.064590
-3.822926	0.064492
-3.818999	0.064299
-3.815072	0.064021
-3.811145	0.063672
-3.807218	0.063263
-3.803291	0.062806
-3.799364	0.062317
-3.795437	0.061811
-3.791510	0.061312
-3.787583	0.060845
-3.783656	0.060437
-3.779729	0.060117
-3.775802	0.059908
-3.771875	0.059832
-3.767948	0.059899
-3.764021	0.060115
-3.760094	0.060473
-3.756167	0.060960
-3.752240	0.061554
-3.748313	0.062225
-3.744386	0.062943
-3.740459	0.063676
-3.736532	0.064394
-3.732605	0.065073
-3.728678	0.065694
-3.724751	0.066243
-3.720824	0.066710
-3.716897	0.067088
-3.712970	0.067369
-3.709043	0.067547
-3.705116	0.067616
-3.701189	0.067573
-3.697262	0.067421
-3.693335	0.067166
-3.689408	0.066827
-3.685481	0.066427
-3.681554	0.066001
-3.677627	0.065588
-3.673700	0.065230
-3.669773	0.064967
-3.665846	0.064835
-3.661919	0.064864
-3.657992	0.065075
-3.654065	0.065479
-3.650138	0.066079
-3.646211	0.066866
-3.642284	0.067826
-3.638357	0.068935
-3.634430	0.070161
-3.630503	0.071472
-3.626576	0.072832
-3.622649	0.074207
-3.618722	0.075565
-3.614795	0.076878
-3.610868	0.078117
-3.606941	0.079258
-3.603014	0.080275
-3.599087	0.081144
-3.595160	0.081847
-3.591233	0.082373
-3.587306	0.082721
-3.583379	0.082906
-3.579452	0.082957
-3.575525	0.082914
-3.571598	0.082826
-3.567671	0.082745
-3.563744	0.082722
-3.559817	0.082802
-3.555890	0.083025
-3.551963	0.083422
-3.548036	0.084017
-3.544109	0.084826
-3.540182	0.085854
-3.536255	0.087094
-3.532328	0.088524
-3.528401	0.090109
-3.524474	0.091799
-3.520547	0.093533
-3.516620	0.095243
-3.512693	0.096859
-3.508766	0.098319
-3.504839	0.099570
-3.500912	0.100570
-3.496985	0.101294
-3.493058	0.101728
-3.489131	0.101872
-3.485204	0.101740
-3.481277	0.101357
-3.477350	0.100763
-3.473423	0.100008
-3.469496	0.099148
-3.465569	0.098243
-3.461642	0.097348
-3.457715	0.096514
-3.453788	0.095779
-3.449861	0.095177
-3.445934	0.094731
-3.442007	0.094462
-3.438080	0.094384
-3.434153	0.094508
-3.430226	0.094834
-3.426299	0.095354
-3.422372	0.096047
-3.418446	0.096880
-3.414519	0.097804
-3.410592	0.098763
-3.406665	0.099692
-3.402738	0.100520
-3.398811	0.101178
-3.394884	0.101596
-3.390957	0.101711
-3.387030	0.101469
-3.383103	0.100832
-3.379176	0.099784
-3.375249	0.098333
-3.371322	0.096513
-3.367395	0.094380
-3.363468	0.092009
-3.359541	0.089484
-3.355614	0.086890
-3.351687	0.084311
-3.347760	0.081819
-3.343833	0.079472
-3.339906	0.077316
-3.335979	0.075384
-3.332052	0.073696
-3.328125	0.072263
-3.324198	0.071088
-3.320271	0.070167
-3.316344	0.069490
-3.312417	0.069042
-3.308490	0.068805
-3.304563	0.068756
-3.300636	0.068865
-3.296709	0.069102
-3.292782	0.069433
-3.288855	0.069821
-3.284928	0.070230
-3.281001	0.070625
-3.277074	0.070971
-3.273147	0.071238
-3.269220	0.071402
-3.265293	0.071443
-3.261366	0.071355
-3.257439	0.071140
-3.253512	0.070811
-3.249585	0.070395
-3.245658	0.069927
-3.241731	0.069449
-3.237804	0.069002
-3.233877	0.068630
-3.229950	0.068369
-3.226023	0.068252
-3.222096	0.068306
-3.218169	0.068549
-3.214242	0.068997
-3.210315	0.069657
-3.206388	0.070534
-3.202461	0.071623
-3.198534	0.072916
-3.194607	0.074399
-3.190680	0.076046
-3.186753	0.077826
-3.182826	0.079699
-3.178899	0.081617
-3.174972	0.083530
-3.171045	0.085381
-3.167118	0.087117
-3.163191	0.088686
-3.159264	0.090045
-3.155337	0.091157
-3.151410	0.091998
-3.147483	0.092558
-3.143556	0.092842
-3.139629	0.092870
-3.135702	0.092678
-3.131775	0.092312
-3.127848	0.091830
-3.123921	0.091289
-3.119994	0.090752
-3.116067	0.090279
-3.112140	0.089922
-3.108213	0.089731
-3.104286	0.089743
-3.100359	0.089988
-3.096432	0.090482
-3.092505	0.091231
-3.088578	0.092226
-3.084651	0.093448
-3.080724	0.094861
-3.076797	0.096420
-3.072870	0.098070
-3.068943	0.099748
-3.065016	0.101389
-3.061089	0.102934
-3.057162	0.104333
-3.053235	0.105550
-3.049308	0.106567
-3.045381	0.107384
-3.041454	0.108017
-3.037527	0.108496
-3.033600	0.108863
-3.029673	0.109168
-3.025746	0.109463
-3.021819	0.109804
-3.017892	0.110244
-3.013965	0.110834
-3.010038	0.111618
-3.006111	0.112639
-3.002184	0.113933
-2.998257	0.115533
-2.994330	0.117467
-2.990404	0.119754
-2.986477	0.122404
-2.982550	0.125415
-2.978623	0.128771
-2.974696	0.132441
-2.970769	0.136381
-2.966842	0.140529
-2.962915	0.144811
-2.958988	0.149142
-2.955061	0.153422
-2.951134	0.157542
-2.947207	0.161382
-2.943280	0.164820
-2.939353	0.167738
-2.935426	0.170035
-2.931499	0.171636
-2.927572	0.172503
-2.923645	0.172641
-2.919718	0.172100
-2.915791	0.170962
-2.911864	0.169337
-2.907937	0.167344
-2.904010	0.165095
-2.900083	0.162687
-2.896156	0.160193
-2.892229	0.157660
-2.888302	0.155117
-2.884375	0.152582
-2.880448	0.150069
-2.876521	0.147599
-2.872594	0.145199
-2.868667	0.142904
-2.864740	0.140749
-2.860813	0.138764
-2.856886	0.136970
-2.852959	0.135375
-2.849032	0.133973
-2.845105	0.132749
-2.841178	0.131677
-2.837251	0.130731
-2.833324	0.129888
-2.829397	0.129130
-2.825470	0.128453
-2.821543	0.127867
-2.817616	0.127394
-2.813689	0.127067
-2.809762	0.126929
-2.805835	0.127023
-2.801908	0.127394
-2.797981	0.128082
-2.794054	0.129118
-2.790127	0.130530
-2.786200	0.132334
-2.782273	0.134539
-2.778346	0.137146
-2.774419	0.140148
-2.770492	0.143532
-2.766565	0.147281
-2.762638	0.151374
-2.758711	0.155791
-2.754784	0.160514
-2.750857	0.165528
-2.746930	0.170816
-2.743003	0.176358
-2.739076	0.182125
-2.735149	0.188066
-2.731222	0.194111
-2.727295	0.200158
-2.723368	0.206086
-2.719441	0.211758
-2.715514	0.217044
-2.711587	0.221836
-2.707660	0.226071
-2.703733	0.229742
-2.699806	0.232893
-2.695879	0.235609
-2.691952	0.237990
-2.688025	0.240130
-2.684098	0.242097
-2.680171	0.243917
-2.676244	0.245579
-2.672317	0.247039
-2.668390	0.248232
-2.664463	0.249084
-2.660536	0.249525
-2.656609	0.249497
-2.652682	0.248958
-2.648755	0.247889
-2.644828	0.246297
-2.640901	0.244221
-2.636974	0.241732
-2.633047	0.238931
-2.629120	0.235946
-2.625193	0.232918
-2.621266	0.229990
-2.617339	0.227302
-2.613412	0.224971
-2.609485	0.223095
-2.605558	0.221739
-2.601631	0.220937
-2.597704	0.220693
-2.593777	0.220979
-2.589850	0.221746
-2.585923	0.222929
-2.581996	0.224456
-2.578069	0.226263
-2.574142	0.228297
-2.570215	0.230521
-2.566288	0.232911
-2.562362	0.235453
-2.558435	0.238132
-2.554508	0.240926
-2.550581	0.243808
-2.546654	0.246744
-2.542727	0.249705
-2.538800	0.252675
-2.534873	0.255661
-2.530946	0.258697
-2.527019	0.261847
-2.523092	0.265201
-2.519165	0.268866
-2.515238	0.272955
-2.511311	0.277576
-2.507384	0.282811
-2.503457	0.288706
-2.499530	0.295257
-2.495603	0.302399
-2.491676	0.310004
-2.487749	0.317880
-2.483822	0.325783
-2.479895	0.333430
-2.475968	0.340529
-2.472041	0.346801
-2.468114	0.352006
-2.464187	0.355968
-2.460260	0.358582
-2.456333	0.359822
-2.452406	0.359738
-2.448479	0.358448
-2.444552	0.356132
-2.440625	0.353020
-2.436698	0.349376
-2.432771	0.345476
-2.428844	0.341592
-2.424917	0.337967
-2.420990	0.334795
-2.417063	0.332214
-2.413136	0.330297
-2.409209	0.329055
-2.405282	0.328447
-2.401355	0.328389
-2.397428	0.328774
-2.393501	0.329481
-2.389574	0.330389
-2.385647	0.331381
-2.381720	0.332350
-2.377793	0.333204
-2.373866	0.333860
-2.369939	0.334258
-2.366012	0.334365
-2.362085	0.334182
-2.358158	0.333746
-2.354231	0.333135
-2.350304	0.332458
-2.346377	0.331850
-2.342450	0.331463
-2.338523	0.331448
-2.334596	0.331949
-2.330669	0.333093
-2.326742	0.334975
-2.322815	0.337655
-2.318888	0.341146
-2.314961	0.345413
-2.311034	0.350368
-2.307107	0.355873
-2.303180	0.361747
-2.299253	0.367773
-2.295326	0.373713
-2.291399	0.379318
-2.287472	0.384343
-2.283545	0.388566
-2.279618	0.391803
-2.275691	0.393929
-2.271764	0.394902
-2.267837	0.394772
-2.263910	0.393690
-2.259983	0.391885
-2.256056	0.389648
-2.252129	0.387288
-2.248202	0.385104
-2.244275	0.383355
-2.240348	0.382243
-2.236421	0.381905
-2.232494	0.382413
-2.228567	0.383781
-2.224640	0.385973
-2.220713	0.388915
-2.216786	0.392506
-2.212859	0.396629
-2.208932	0.401155
-2.205005	0.405953
-2.201078	0.410893
-2.197151	0.415851
-2.193224	0.420721
-2.189297	0.425423
-2.185370	0.429917
-2.181443	0.434213
-2.177516	0.438373
-2.173589	0.442515
-2.169662	0.446799
-2.165735	0.451415
-2.161808	0.456563
-2.157881	0.462436
-2.153954	0.469197
-2.150027	0.476971
-2.146100	0.485831
-2.142173	0.495790
-2.138246	0.506805
-2.134320	0.518780
-2.130393	0.531566
-2.126466	0.544974
-2.122539	0.558781
-2.118612	0.572739
-2.114685	0.586584
-2.110758	0.600058
-2.106831	0.612929
-2.102904	0.625015
-2.098977	0.636208
-2.095050	0.646494
-2.091123	0.655953
-2.087196	0.664745
-2.083269	0.673095
-2.079342	0.681260
-2.075415	0.689509
-2.071488	0.698096
-2.067561	0.707248
-2.063634	0.717156
-2.059707	0.727972
-2.055780	0.739816
-2.051853	0.752783
-2.047926	0.766959
-2.043999	0.782421
-2.040072	0.799252
-2.036145	0.817537
-2.032218	0.837365
-2.028291	0.858835
-2.024364	0.882063
-2.020437	0.907185
-2.016510	0.934376
-2.012583	0.963862
-2.008656	0.995926
-2.004729	1.030919
-2.000802	1.069244
-1.996875	1.111338
-1.992948	1.157633
-1.989021	1.208508
-1.985094	1.264232
-1.981167	1.324913
-1.977240	1.390441
-1.973313	1.460450
-1.969386	1.534276
-1.965459	1.610924
-1.961532	1.689052
-1.957605	1.766989
-1.953678	1.842799
-1.949751	1.914430
-1.945824	1.979944
-1.941897	2.037809
-1.937970	2.087182
-1.934043	2.128076
-1.930116	2.161336
-1.926189	2.188382
-1.922262	2.210800
-1.918335	2.229904
-1.914408	2.246412
-1.910481	2.260336
-1.906554	2.271099
-1.902627	2.277858
-1.898700	2.279908
-1.894773	2.277024
-1.890846	2.269638
-1.886919	2.258798
-1.882992	2.245998
-1.879065	2.232939
-1.875138	2.221287
-1.871211	2.212436
-1.867284	2.207330
-1.863357	2.206369
-1.859430	2.209421
-1.855503	2.215907
-1.851576	2.224941
-1.847649	2.235480
-1.843722	2.246470
-1.839795	2.256998
-1.835868	2.266376
-1.831941	2.274176
-1.828014	2.280167
-1.824087	2.284232
-1.820160	2.286275
-1.816233	2.286179
-1.812306	2.283805
-1.808379	2.279012
-1.804452	2.271685
-1.800525	2.261750
-1.796598	2.249214
-1.792671	2.234209
-1.788744	2.217016
-1.784817	2.198052
-1.780890	2.177794
-1.776963	2.156707
-1.773036	2.135218
-1.769109	2.113733
-1.765182	2.092685
-1.761255	2.072567
-1.757328	2.053933
-1.753401	2.037363
-1.749474	2.023405
-1.745547	2.012491
-1.741620	2.004824
-1.737693	2.000261
-1.733766	1.998221
-1.729839	1.997677
-1.725912	1.997292
-1.721985	1.995689
-1.718058	1.991800
-1.714131	1.985124
-1.710205	1.975807
-1.706278	1.964480
-1.702351	1.951979
-1.698424	1.939050
-1.694497	1.926155
-1.690570	1.913399
-1.686643	1.900603
-1.682716	1.887465
-1.678789	1.873778
-1.674862	1.859624
-1.670935	1.845460
-1.667008	1.832033
-1.663081	1.820143
-1.659154	1.810336
-1.655227	1.802683
-1.651300	1.796738
-1.647373	1.791698
-1.643446	1.786693
-1.639519	1.781090
-1.635592	1.774725
-1.631665	1.767977
-1.627738	1.761677
-1.623811	1.756880
-1.619884	1.754555
-1.615957	1.755286
-1.612030	1.759033
-1.608103	1.765030
-1.604176	1.771811
-1.600249	1.777413
-1.596322	1.779721
-1.592395	1.776926
-1.588468	1.768007
-1.584541	1.753121
-1.580614	1.733748
-1.576687	1.712439
-1.572760	1.692141
-1.568833	1.675310
-1.564906	1.663210
-1.560979	1.655725
-1.557052	1.651666
-1.553125	1.649316
-1.549198	1.646918
-1.545271	1.642985
-1.541344	1.636492
-1.537417	1.627006
-1.533490	1.614742
-1.529563	1.600490
-1.525636	1.585392
-1.521709	1.570635
-1.517782	1.557187
-1.513855	1.545625
-1.509928	1.536101
-1.506001	1.528404
-1.502074	1.522051
-1.498147	1.516406
-1.494220	1.510770
-1.490293	1.504479
-1.486366	1.496996
-1.482439	1.487994
-1.478512	1.477412
-1.474585	1.465465
-1.470658	1.452588
-1.466731	1.439334
-1.462804	1.426250
-1.458877	1.413766
-1.454950	1.402133
-1.451023	1.391408
-1.447096	1.381497
-1.443169	1.372214
-1.439242	1.363350
-1.435315	1.354729
-1.431388	1.346244
-1.427461	1.337864
-1.423534	1.329630
-1.419607	1.321622
-1.415680	1.313937
-1.411753	1.306653
-1.407826	1.299819
-1.403899	1.293447
-1.399972	1.287517
-1.396045	1.281984
-1.392118	1.276787
-1.388191	1.271857
-1.384264	1.267124
-1.380337	1.262517
-1.376410	1.257969
-1.372483	1.253422
-1.368556	1.248828
-1.364629	1.244151
-1.360702	1.239368
-1.356775	1.234474
-1.352848	1.229475
-1.348921	1.224393
-1.344994	1.219267
-1.341067	1.214153
-1.337140	1.209123
-1.333213	1.204271
-1.329286	1.199708
-1.325359	1.195558
-1.321432	1.191953
-1.317505	1.189021
-1.313578	1.186878
-1.309651	1.185604
-1.305724	1.185236
-1.301797	1.185751
-1.297870	1.187063
-1.293943	1.189030
-1.290016	1.191465
-1.286089	1.194162
-1.282163	1.196920
-1.278236	1.199557
-1.274309	1.201932
-1.270382	1.203947
-1.266455	1.205549
-1.262528	1.206721
-1.258601	1.207473
-1.254674	1.207833
-1.250747	1.207835
-1.246820	1.207517
-1.242893	1.206914
-1.238966	1.206056
-1.235039	1.204972
-1.231112	1.203685
-1.227185	1.202215
-1.223258	1.200581
-1.219331	1.198799
-1.215404	1.196883
-1.211477	1.194845
-1.207550	1.192697
-1.203623	1.190450
-1.199696	1.188112
-1.195769	1.185691
-1.191842	1.183194
-1.187915	1.180629
-1.183988	1.178003
-1.180061	1.175322
-1.176134	1.172591
-1.172207	1.169814
-1.168280	1.166993
-1.164353	1.164126
-1.160426	1.161214
-1.156499	1.158260
-1.152572	1.155275
-1.148645	1.152283
-1.144718	1.149322
-1.140791	1.146443
-1.136864	1.143709
-1.132937	1.141190
-1.129010	1.138959
-1.125083	1.137086
-1.121156	1.135627
-1.117229	1.134614
-1.113302	1.134049
-1.109375	1.133899
-1.105448	1.134102
-1.101521	1.134580
-1.097594	1.135245
-1.093667	1.136018
-1.089740	1.136833
-1.085813	1.137638
-1.081886	1.138395
-1.077959	1.139078
-1.074032	1.139659
-1.070105	1.140115
-1.066178	1.140416
-1.062251	1.140528
-1.058324	1.140414
-1.054397	1.140024
-1.050470	1.139302
-1.046543	1.138188
-1.042616	1.136625
-1.038689	1.134570
-1.034762	1.132005
-1.030835	1.128952
-1.026908	1.125484
-1.022981	1.121735
-1.019054	1.117901
-1.015127	1.114234
-1.011200	1.111024
-1.007273	1.108556
-1.003346	1.107068
-0.999419	1.106699
-0.995492	1.107446
-0.991565	1.109143
-0.987638	1.111469
-0.983711	1.113981
-0.979784	1.116174
-0.975857	1.117542
-0.971930	1.117650
-0.968003	1.116187
-0.964076	1.112999
-0.960149	1.108111
-0.956222	1.101718
-0.952295	1.094167
-0.948368	1.085906
-0.944441	1.077432
-0.940514	1.069216
-0.936587	1.061647
-0.932660	1.054976
-0.928733	1.049302
-0.924806	1.044579
-0.920879	1.040653
-0.916952	1.037318
-0.913025	1.034372
-0.909098	1.031657
-0.905171	1.029083
-0.901244	1.026621
-0.897317	1.024289
-0.893390	1.022124
-0.889463	1.020158
-0.885536	1.018406
-0.881609	1.016860
-0.877682	1.015494
-0.873755	1.014269
-0.869828	1.013141
-0.865901	1.012070
-0.861974	1.011023
-0.858047	1.009977
-0.854121	1.008926
-0.850194	1.007872
-0.846267	1.006831
-0.842340	1.005824
-0.838413	1.004874
-0.834486	1.004001
-0.830559	1.003215
-0.826632	1.002521
-0.822705	1.001911
-0.818778	1.001369
-0.814851	1.000876
-0.810924	1.000410
-0.806997	0.999948
-0.803070	0.999467
-0.799143	0.998948
-0.795216	0.998370
-0.791289	0.997716
-0.787362	0.996968
-0.783435	0.996109
-0.779508	0.995125
-0.775581	0.994006
-0.771654	0.992744
-0.767727	0.991339
-0.763800	0.989802
-0.759873	0.988154
-0.755946	0.986427
-0.752019	0.984664
-0.748092	0.982914
-0.744165	0.981224
-0.740238	0.979634
-0.736311	0.978172
-0.732384	0.976847
-0.728457	0.975653
-0.724530	0.974571
-0.720603	0.973571
-0.716676	0.972623
-0.712749	0.971698
-0.708822	0.970772
-0.704895	0.969833
-0.700968	0.968876
-0.697041	0.967908
-0.693114	0.966943
-0.689187	0.965997
-0.685260	0.965089
-0.681333	0.964234
-0.677406	0.963444
-0.673479	0.962724
-0.669552	0.962074
-0.665625	0.961492
-0.661698	0.960970
-0.657771	0.960502
-0.653844	0.960079
-0.649917	0.959693
-0.645990	0.959337
-0.642063	0.959005
-0.638136	0.958691
-0.634209	0.958391
-0.630282	0.958101
-0.626355	0.957819
-0.622428	0.957542
-0.618501	0.957268
-0.614574	0.956997
-0.610647	0.956728
-0.606720	0.956459
-0.602793	0.956191
-0.598866	0.955923
-0.594939	0.955655
-0.591012	0.955387
-0.587085	0.955118
-0.583158	0.954848
-0.579231	0.954577
-0.575304	0.954303
-0.571377	0.954027
-0.567450	0.953745
-0.563523	0.953458
-0.559596	0.953161
-0.555669	0.952853
-0.551742	0.952529
-0.547815	0.952184
-0.543888	0.951814
-0.539961	0.951410
-0.536034	0.950967
-0.532107	0.950476
-0.528180	0.949930
-0.524253	0.949320
-0.520326	0.948644
-0.516399	0.947897
-0.512472	0.947083
-0.508545	0.946208
-0.504618	0.945284
-0.500691	0.944327
-0.496764	0.943356
-0.492837	0.942392
-0.488910	0.941453
-0.484983	0.940556
-0.481056	0.939713
-0.477129	0.938930
-0.473202	0.938212
-0.469275	0.937556
-0.465348	0.936961
-0.461421	0.936420
-0.457494	0.935928
-0.453567	0.935479
-0.449640	0.935066
-0.445713	0.934684
-0.441786	0.934328
-0.437859	0.933993
-0.433932	0.933676
-0.430005	0.933373
-0.426079	0.933083
-0.422152	0.932802
-0.418225	0.932528
-0.414298	0.932261
-0.410371	0.931998
-0.406444	0.931739
-0.402517	0.931482
-0.398590	0.931227
-0.394663	0.930973
-0.390736	0.930717
-0.386809	0.930461
-0.382882	0.930202
-0.378955	0.929940
-0.375028	0.929673
-0.371101	0.929400
-0.367174	0.929119
-0.363247	0.928829
-0.359320	0.928526
-0.355393	0.928210
-0.351466	0.927877
-0.347539	0.927524
-0.343612	0.927148
-0.339685	0.926745
-0.335758	0.926312
-0.331831	0.925845
-0.327904	0.925343
-0.323977	0.924803
-0.320050	0.924226
-0.316123	0.923615
-0.312196	0.922978
-0.308269	0.922326
-0.304342	0.921675
-0.300415	0.921045
-0.296488	0.920459
-0.292561	0.919941
-0.288634	0.919509
-0.284707	0.919178
-0.280780	0.918955
-0.276853	0.918839
-0.272926	0.918821
-0.268999	0.918889
-0.265072	0.919030
-0.261145	0.919226
-0.257218	0.919464
-0.253291	0.919733
-0.249364	0.920022
-0.245437	0.920324
-0.241510	0.920635
-0.237583	0.920949
-0.233656	0.921267
-0.229729	0.921586
-0.225802	0.921906
-0.221875	0.922228
-0.217948	0.922553
-0.214021	0.922882
-0.210094	0.923215
-0.206167	0.923554
-0.202240	0.923901
-0.198313	0.924258
-0.194386	0.924624
-0.190459	0.925003
-0.186532	0.925394
-0.182605	0.925801
-0.178678	0.926223
-0.174751	0.926661
-0.170824	0.927118
-0.166897	0.927593
-0.162970	0.928088
-0.159043	0.928603
-0.155116	0.929137
-0.151189	0.929691
-0.147262	0.930264
-0.143335	0.930855
-0.139408	0.931460
-0.135481	0.932078
-0.131554	0.932703
-0.127627	0.933330
-0.123700	0.933951
-0.119773	0.934554
-0.115846	0.935127
-0.111919	0.935651
-0.107992	0.936103
-0.104065	0.936455
-0.100138	0.936670
-0.096211	0.936701
-0.092284	0.936493
-0.088357	0.935973
-0.084430	0.935057
-0.080503	0.933641
-0.076576	0.931602
-0.072649	0.928800
-0.068722	0.925076
-0.064795	0.920260
-0.060868	0.914183
-0.056941	0.906687
-0.053014	0.897651
-0.049087	0.887017
-0.045160	0.874816
-0.041233	0.861194
-0.037306	0.846423
-0.033379	0.830903
-0.029452	0.815136
-0.025525	0.799691
-0.021598	0.785161
-0.017671	0.772112
-0.013744	0.761049
-0.009817	0.752391
-0.005890	0.746455
-0.001963	0.743450
0.001963	0.743481
0.005890	0.746546
0.009817	0.752541
0.013744	0.761251
0.017671	0.772358
0.021598	0.785442
0.025525	0.799996
0.029452	0.815453
0.033379	0.831220
0.037306	0.846729
0.041233	0.861479
0.045160	0.875074
0.049087	0.887243
0.053014	0.897844
0.056941	0.906847
0.060868	0.914312
0.064795	0.920362
0.068722	0.925153
0.072649	0.928856
0.076576	0.931642
0.080503	0.933666
0.084430	0.935071
0.088357	0.935978
0.092284	0.936490
0.096211	0.936693
0.100138	0.936658
0.104065	0.936440
0.107992	0.936086
0.111919	0.935632
0.115846	0.935107
0.119773	0.934534
0.123700	0.933930
0.127627	0.933309
0.131554	0.932682
0.135481	0.932057
0.139408	0.931439
0.143335	0.930834
0.147262	0.930244
0.151189	0.929672
0.155116	0.929118
0.159043	0.928584
0.162970	0.928070
0.166897	0.927576
0.170824	0.927101
0.174751	0.926645
0.178678	0.926207
0.182605	0.925785
0.186532	0.925379
0.190459	0.924988
0.194386	0.924610
0.198313	0.924244
0.202240	0.923888
0.206167	0.923541
0.210094	0.923202
0.214021	0.922869
0.217948	0.922541
0.221875	0.922217
0.225802	0.921895
0.229729	0.921575
0.233656	0.921256
0.237583	0.920938
0.241510	0.920623
0.245437	0.920313
0.249364	0.920010
0.253291	0.919719
0.257218	0.919449
0.261145	0.919208
0.265072	0.919009
0.268999	0.918866
0.272926	0.918793
0.276853	0.918805
0.280780	0.918917
0.284707	0.919135
0.288634	0.919461
0.292561	0.919889
0.296488	0.920405
0.300415	0.920990
0.304342	0.921621
0.308269	0.922274
0.312196	0.922930
0.316123	0.923571
0.320050	0.924186
0.323977	0.924767
0.327904	0.925312
0.331831	0.925818
0.335758	0.926289
0.339685	0.926725
0.343612	0.927131
0.347539	0.927509
0.351466	0.927865
0.355393	0.928200
0.359320	0.928517
0.363247	0.928821
0.367174	0.929112
0.371101	0.929394
0.375028	0.929668
0.378955	0.929935
0.382882	0.930198
0.386809	0.930457
0.390736	0.930714
0.394663	0.930969
0.398590	0.931223
0.402517	0.931478
0.406444	0.931735
0.410371	0.931994
0.414298	0.932257
0.418225	0.932524
0.422152	0.932798
0.426079	0.933079
0.430005	0.933370
0.433932	0.933674
0.437859	0.933992
0.441786	0.934328
0.445713	0.934685
0.449640	0.935070
0.453567	0.935485
0.457494	0.935938
0.461421	0.936435
0.465348	0.936980
0.469275	0.937582
0.473202	0.938244
0.477129	0.938970
0.481056	0.939761
0.484983	0.940612
0.488910	0.941515
0.492837	0.942459
0.496764	0.943426
0.500691	0.944396
0.504618	0.945349
0.508545	0.946266
0.512472	0.947132
0.516399	0.947935
0.520326	0.948670
0.524253	0.949335
0.528180	0.949932
0.532107	0.950469
0.536034	0.950951
0.539961	0.951387
0.543888	0.951784
0.547815	0.952150
0.551742	0.952491
0.555669	0.952812
0.559596	0.953118
0.563523	0.953413
0.567450	0.953700
0.571377	0.953980
0.575304	0.954256
0.579231	0.954529
0.583158	0.954800
0.587085	0.955069
0.591012	0.955337
0.594939	0.955605
0.598866	0.955872
0.602793	0.956139
0.606720	0.956406
0.610647	0.956673
0.614574	0.956941
0.618501	0.957210
0.622428	0.957482
0.626355	0.957757
0.630282	0.958036
0.634209	0.958323
0.638136	0.958620
0.642063	0.958931
0.645990	0.959259
0.649917	0.959611
0.653844	0.959992
0.657771	0.960411
0.661698	0.960874
0.665625	0.961390
0.669552	0.961968
0.673479	0.962612
0.677406	0.963328
0.681333	0.964114
0.685260	0.964965
0.689187	0.965872
0.693114	0.966819
0.697041	0.967788
0.700968	0.968763
0.704895	0.969732
0.708822	0.970689
0.712749	0.971639
0.716676	0.972596
0.720603	0.973584
0.724530	0.974631
0.728457	0.975768
0.732384	0.977021
0.736311	0.978405
0.740238	0.979923
0.744165	0.981558
0.748092	0.983280
0.752019	0.985045
0.755946	0.986805
0.759873	0.988514
0.763800	0.990132
0.767727	0.991630
0.771654	0.992992
0.775581	0.994211
0.779508	0.995288
0.783435	0.996233
0.787362	0.997057
0.791289	0.997776
0.795216	0.998405
0.799143	0.998961
0.803070	0.999463
0.806997	0.999930
0.810924	1.000382
0.814851	1.000841
0.818778	1.001330
0.822705	1.001869
0.826632	1.002479
0.830559	1.003175
0.834486	1.003962
0.838413	1.004838
0.842340	1.005790
0.846267	1.006797
0.850194	1.007834
0.854121	1.008880
0.858047	1.009917
0.861974	1.010940
0.865901	1.011956
0.869828	1.012986
0.873755	1.014059
0.877682	1.015218
0.881609	1.016508
0.885536	1.017970
0.889463	1.019639
0.893390	1.021531
0.897317	1.023643
0.901244	1.025956
0.905171	1.028448
0.909098	1.031112
0.913025	1.033978
0.916952	1.037135
0.920879	1.040730
0.924806	1.044947
0.928733	1.049967
0.932660	1.055914
0.936587	1.062803
0.940514	1.070510
0.944441	1.078763
0.948368	1.087170
0.952295	1.095266
0.956222	1.102577
0.960149	1.108682
0.964076	1.113271
0.968003	1.116179
0.971930	1.117408
0.975857	1.117128
0.979784	1.115661
0.983711	1.113441
0.987638	1.110964
0.991565	1.108725
0.995492	1.107150
0.999419	1.106541
1.003346	1.107049
1.007273	1.108660
1.011200	1.111227
1.015127	1.114505
1.019054	1.118206
1.022981	1.122043
1.026908	1.125766
1.030835	1.129185
1.034762	1.132172
1.038689	1.134661
1.042616	1.136636
1.046543	1.138122
1.050470	1.139168
1.054397	1.139836
1.058324	1.140195
1.062251	1.140302
1.066178	1.140209
1.070105	1.139951
1.074032	1.139557
1.077959	1.139050
1.081886	1.138450
1.085813	1.137781
1.089740	1.137066
1.093667	1.136334
1.097594	1.135621
1.101521	1.134983
1.105448	1.134496
1.109375	1.134250
1.113302	1.134341
1.117229	1.134847
1.121156	1.135811
1.125083	1.137234
1.129010	1.139076
1.132937	1.141273
1.136864	1.143751
1.140791	1.146438
1.144718	1.149271
1.148645	1.152195
1.152572	1.155168
1.156499	1.158153
1.160426	1.161123
1.164353	1.164061
1.168280	1.166955
1.172207	1.169800
1.176134	1.172592
1.180061	1.175329
1.183988	1.178009
1.187915	1.180627
1.191842	1.183180
1.195769	1.185661
1.199696	1.188067
1.203623	1.190389
1.207550	1.192621
1.211477	1.194753
1.215404	1.196777
1.219331	1.198679
1.223258	1.200446
1.227185	1.202064
1.231112	1.203513
1.235039	1.204776
1.238966	1.205829
1.242893	1.206646
1.246820	1.207198
1.250747	1.207450
1.254674	1.207367
1.258601	1.206912
1.262528	1.206053
1.266455	1.204774
1.270382	1.203078
1.274309	1.201000
1.278236	1.198611
1.282163	1.196019
1.286089	1.193367
1.290016	1.190821
1.293943	1.188564
1.297870	1.186774
1.301797	1.185616
1.305724	1.185219
1.309651	1.185664
1.313578	1.186982
1.317505	1.189155
1.321432	1.192121
1.325359	1.195791
1.329286	1.200055
1.333213	1.204787
1.337140	1.209853
1.341067	1.215114
1.344994	1.220429
1.348921	1.225674
1.352848	1.230752
1.356775	1.235605
1.360702	1.240223
1.364629	1.244642
1.368556	1.248937
1.372483	1.253209
1.376410	1.257566
1.380337	1.262109
1.384264	1.266917
1.388191	1.272041
1.392118	1.277495
1.396045	1.283263
1.399972	1.289303
1.403899	1.295561
1.407826	1.301983
1.411753	1.308527
1.415680	1.315177
1.419607	1.321953
1.423534	1.328919
1.427461	1.336184
1.431388	1.343888
1.435315	1.352187
1.439242	1.361218
1.443169	1.371074
1.447096	1.381777
1.451023	1.393259
1.454950	1.405352
1.458877	1.417793
1.462804	1.430245
1.466731	1.442338
1.470658	1.453736
1.474585	1.464207
1.478512	1.473683
1.482439	1.482276
1.486366	1.490255
1.490293	1.497981
1.494220	1.505840
1.498147	1.514176
1.502074	1.523251
1.506001	1.533210
1.509928	1.544047
1.513855	1.555574
1.517782	1.567404
1.521709	1.578982
1.525636	1.589688
1.529563	1.599027
1.533490	1.606865
1.537417	1.613579
1.541344	1.620014
1.545271	1.627217
1.549198	1.636052
1.553125	1.646917
1.557052	1.659679
1.560979	1.673781
1.564906	1.688330
1.568833	1.702090
1.572760	1.713627
1.576687	1.721930
1.580614	1.727280
1.584541	1.731399
1.588468	1.736500
1.592395	1.744031
1.596322	1.754054
1.600249	1.765383
1.604176	1.776118
1.608103	1.784239
1.612030	1.788100
1.615957	1.786878
1.619884	1.780967
1.623811	1.772101
1.627738	1.762912
1.631665	1.756040
1.635592	1.753327
1.639519	1.755519
1.643446	1.762409
1.647373	1.773174
1.651300	1.786705
1.655227	1.801842
1.659154	1.817541
1.663081	1.832959
1.667008	1.847494
1.670935	1.860802
1.674862	1.872784
1.678789	1.883575
1.682716	1.893502
1.686643	1.903022
1.690570	1.912616
1.694497	1.922668
1.698424	1.933353
1.702351	1.944567
1.706278	1.955943
1.710205	1.966951
1.714131	1.977047
1.718058	1.985835
1.721985	1.993172
1.725912	1.999194
1.729839	2.004247
1.733766	2.008793
1.737693	2.013311
1.741620	2.018247
1.745547	2.024022
1.749474	2.031062
1.753401	2.039821
1.757328	2.050774
1.761255	2.064348
1.765182	2.080820
1.769109	2.100209
1.773036	2.122206
1.776963	2.146160
1.780890	2.171137
1.784817	2.196029
1.788744	2.219699
1.792671	2.241123
1.796598	2.259514
1.800525	2.274367
1.804452	2.285445
1.808379	2.292695
1.812306	2.296170
1.816233	2.295975
1.820160	2.292296
1.824087	2.285453
1.828014	2.275968
1.831941	2.264586
1.835868	2.252248
1.839795	2.240015
1.843722	2.228967
1.847649	2.220078
1.851576	2.214094
1.855503	2.211430
1.859430	2.212104
1.863357	2.215720
1.867284	2.221527
1.871211	2.228549
1.875138	2.235777
1.879065	2.242366
1.882992	2.247783
1.886919	2.251814
1.890846	2.254465
1.894773	2.255802
1.898700	2.255836
1.902627	2.254492
1.906554	2.251626
1.910481	2.247020
1.914408	2.240296
1.918335	2.230793
1.922262	2.217471
1.926189	2.198938
1.930116	2.173634
1.934043	2.140135
1.937970	2.097484
1.941897	2.045446
1.945824	1.984594
1.949751	1.916237
1.953678	1.842197
1.957605	1.764554
1.961532	1.685392
1.965459	1.606611
1.969386	1.529806
1.973313	1.456220
1.977240	1.386742
1.981167	1.321932
1.985094	1.262063
1.989021	1.207173
1.992948	1.157106
1.996875	1.111562
2.000802	1.070143
2.004729	1.032403
2.008656	0.997886
2.012583	0.966168
2.016510	0.936881
2.020437	0.909728
2.024364	0.884481
2.028291	0.860976
2.032218	0.839093
2.036145	0.818747
2.040072	0.799873
2.043999	0.782419
2.047926	0.766349
2.051853	0.751631
2.055780	0.738236
2.059707	0.726127
2.063634	0.715243
2.067561	0.705483
2.071488	0.696694
2.075415	0.688661
2.079342	0.681116
2.083269	0.673743
2.087196	0.666206
2.091123	0.658174
2.095050	0.649353
2.098977	0.639522
2.102904	0.628557
2.106831	0.616446
2.110758	0.603296
2.114685	0.589314
2.118612	0.574786
2.122539	0.560041
2.126466	0.545423
2.130393	0.531260
2.134320	0.517842
2.138246	0.505402
2.142173	0.494109
2.146100	0.484064
2.150027	0.475294
2.153954	0.467761
2.157881	0.461365
2.161808	0.455953
2.165735	0.451329
2.169662	0.447274
2.173589	0.443554
2.177516	0.439945
2.181443	0.436244
2.185370	0.432293
2.189297	0.427984
2.193224	0.423277
2.197151	0.418196
2.201078	0.412829
2.205005	0.407315
2.208932	0.401832
2.212859	0.396577
2.216786	0.391756
2.220713	0.387560
2.224640	0.384159
2.228567	0.381685
2.232494	0.380224
2.236421	0.379808
2.240348	0.380410
2.244275	0.381934
2.248202	0.384215
2.252129	0.387021
2.256056	0.390058
2.259983	0.392985
2.263910	0.395445
2.267837	0.397094
2.271764	0.397642
2.275691	0.396892
2.279618	0.394754
2.283545	0.391263
2.287472	0.386565
2.291399	0.380897
2.295326	0.374553
2.299253	0.367858
2.303180	0.361134
2.307107	0.354674
2.311034	0.348727
2.314961	0.343487
2.318888	0.339087
2.322815	0.335601
2.326742	0.333047
2.330669	0.331393
2.334596	0.330565
2.338523	0.330452
2.342450	0.330917
2.346377	0.331799
2.350304	0.332919
2.354231	0.334095
2.358158	0.335149
2.362085	0.335920
2.366012	0.336280
2.369939	0.336147
2.373866	0.335493
2.377793	0.334346
2.381720	0.332791
2.385647	0.330957
2.389574	0.329010
2.393501	0.327139
2.397428	0.325543
2.401355	0.324415
2.405282	0.323929
2.409209	0.324224
2.413136	0.325396
2.417063	0.327482
2.420990	0.330455
2.424917	0.334220
2.428844	0.338609
2.432771	0.343388
2.436698	0.348264
2.440625	0.352904
2.444552	0.356957
2.448479	0.360082
2.452406	0.361980
2.456333	0.362418
2.460260	0.361255
2.464187	0.358456
2.468114	0.354092
2.472041	0.348335
2.475968	0.341440
2.479895	0.333721
2.483822	0.325514
2.487749	0.317156
2.491676	0.308951
2.495603	0.301153
2.499530	0.293951
2.503457	0.287468
2.507384	0.281757
2.511311	0.276809
2.515238	0.272563
2.519165	0.268913
2.523092	0.265729
2.527019	0.262867
2.530946	0.260186
2.534873	0.257566
2.538800	0.254914
2.542727	0.252172
2.546654	0.249315
2.550581	0.246349
2.554508	0.243296
2.558435	0.240192
2.562362	0.237079
2.566288	0.234001
2.570215	0.231012
2.574142	0.228171
2.578069	0.225554
2.581996	0.223244
2.585923	0.221332
2.589850	0.219906
2.593777	0.219048
2.597704	0.218818
2.601631	0.219253
2.605558	0.220361
2.609485	0.222117
2.613412	0.224461
2.617339	0.227300
2.621266	0.230509
2.625193	0.233935
2.629120	0.237409
2.633047	0.240754
2.636974	0.243800
2.640901	0.246396
2.644828	0.248421
2.648755	0.249791
2.652682	0.250470
2.656609	0.250467
2.660536	0.249838
2.664463	0.248675
2.668390	0.247098
2.672317	0.245243
2.676244	0.243237
2.680171	0.241187
2.684098	0.239162
2.688025	0.237182
2.691952	0.235210
2.695879	0.233163
2.699806	0.230920
2.703733	0.228347
2.707660	0.225321
2.711587	0.221750
2.715514	0.217595
2.719441	0.212873
2.723368	0.207648
2.727295	0.202023
2.731222	0.196118
2.735149	0.190054
2.739076	0.183943
2.743003	0.177885
2.746930	0.171963
2.750857	0.166246
2.754784	0.160794
2.758711	0.155655
2.762638	0.150873
2.766565	0.146481
2.770492	0.142508
2.774419	0.138973
2.778346	0.135887
2.782273	0.133255
2.786200	0.131075
2.790127	0.129338
2.794054	0.128031
2.797981	0.127132
2.801908	0.126614
2.805835	0.126443
2.809762	0.126579
2.813689	0.126975
2.817616	0.127581
2.821543	0.128345
2.825470	0.129221
2.829397	0.130170
2.833324	0.131165
2.837251	0.132196
2.841178	0.133265
2.845105	0.134383
2.849032	0.135569
2.852959	0.136842
2.856886	0.138214
2.860813	0.139693
2.864740	0.141281
2.868667	0.142975
2.872594	0.144776
2.876521	0.146688
2.880448	0.148724
2.884375	0.150903
2.888302	0.153244
2.892229	0.155756
2.896156	0.158428
2.900083	0.161222
2.904010	0.164062
2.907937	0.166839
2.911864	0.169410
2.915791	0.171610
2.919718	0.173272
2.923645	0.174241
2.927572	0.174398
2.931499	0.173672
2.935426	0.172052
2.939353	0.169586
2.943280	0.166371
2.947207	0.162540
2.951134	0.158247
2.955061	0.153649
2.958988	0.148901
2.962915	0.144141
2.966842	0.139492
2.970769	0.135058
2.974696	0.130921
2.978623	0.127143
2.982550	0.123767
2.986477	0.120817
2.990404	0.118301
2.994330	0.116211
2.998257	0.114528
3.002184	0.113220
3.006111	0.112249
3.010038	0.111567
3.013965	0.111120
3.017892	0.110852
3.021819	0.110697
3.025746	0.110591
3.029673	0.110466
3.033600	0.110254
3.037527	0.109895
3.041454	0.109338
3.045381	0.108545
3.049308	0.107500
3.053235	0.106204
3.057162	0.104683
3.061089	0.102980
3.065016	0.101153
3.068943	0.099273
3.072870	0.097410
3.076797	0.095634
3.080724	0.094007
3.084651	0.092579
3.088578	0.091390
3.092505	0.090466
3.096432	0.089820
3.100359	0.089453
3.104286	0.089358
3.108213	0.089511
3.112140	0.089880
3.116067	0.090424
3.119994	0.091088
3.123921	0.091811
3.127848	0.092525
3.131775	0.093158
3.135702	0.093642
3.139629	0.093909
3.143556	0.093906
3.147483	0.093592
3.151410	0.092947
3.155337	0.091969
3.159264	0.090679
3.163191	0.089114
3.167118	0.087324
3.171045	0.085373
3.174972	0.083326
3.178899	0.081250
3.182826	0.079207
3.186753	0.077251
3.190680	0.075427
3.194607	0.073772
3.198534	0.072310
3.202461	0.071059
3.206388	0.070030
3.210315	0.069226
3.214242	0.068646
3.218169	0.068285
3.222096	0.068132
3.226023	0.068173
3.229950	0.068387
3.233877	0.068746
3.237804	0.069217
3.241731	0.069759
3.245658	0.070328
3.249585	0.070875
3.253512	0.071353
3.257439	0.071722
3.261366	0.071949
3.265293	0.072016
3.269220	0.071919
3.273147	0.071667
3.277074	0.071284
3.281001	0.070804
3.284928	0.070268
3.288855	0.069719
3.292782	0.069205
3.296709	0.068767
3.300636	0.068447
3.304563	0.068281
3.308490	0.068297
3.312417	0.068521
3.316344	0.068973
3.320271	0.069670
3.324198	0.070623
3.328125	0.071841
3.332052	0.073328
3.335979	0.075080
3.339906	0.077090
3.343833	0.079338
3.347760	0.081795
3.351687	0.084416
3.355614	0.087142
3.359541	0.089896
3.363468	0.092589
3.367395	0.095123
3.371322	0.097399
3.375249	0.099327
3.379176	0.100833
3.383103	0.101871
3.387030	0.102428
3.390957	0.102518
3.394884	0.102189
3.398811	0.101507
3.402738	0.100554
3.406665	0.099423
3.410592	0.098206
3.414519	0.096993
3.418446	0.095865
3.422372	0.094891
3.426299	0.094127
3.430226	0.093609
3.434153	0.093357
3.438080	0.093375
3.442007	0.093654
3.445934	0.094171
3.449861	0.094895
3.453788	0.095789
3.457715	0.096808
3.461642	0.097905
3.465569	0.099024
3.469496	0.100106
3.473423	0.101086
3.477350	0.101901
3.481277	0.102491
3.485204	0.102806
3.489131	0.102808
3.493058	0.102475
3.496985	0.101804
3.500912	0.100806
3.504839	0.099510
3.508766	0.097961
3.512693	0.096219
3.516620	0.094355
3.520547	0.092447
3.524474	0.090574
3.528401	0.088806
3.532328	0.087206
3.536255	0.085820
3.540182	0.084677
3.544109	0.083791
3.548036	0.083162
3.551963	0.082775
3.555890	0.082604
3.559817	0.082614
3.563744	0.082761
3.567671	0.082997
3.571598	0.083266
3.575525	0.083512
3.579452	0.083681
3.583379	0.083723
3.587306	0.083596
3.591233	0.083272
3.595160	0.082738
3.599087	0.081990
3.603014	0.081038
3.606941	0.079899
3.610868	0.078598
3.614795	0.077167
3.618722	0.075643
3.622649	0.074068
3.626576	0.072486
3.630503	0.070946
3.634430	0.069492
3.638357	0.068167
3.642284	0.067004
3.646211	0.066032
3.650138	0.065270
3.654065	0.064728
3.657992	0.064408
3.661919	0.064305
3.665846	0.064402
3.669773	0.064676
3.673700	0.065095
3.677627	0.065619
3.681554	0.066204
3.685481	0.066802
3.689408	0.067367
3.693335	0.067857
3.697262	0.068239
3.701189	0.068489
3.705116	0.068592
3.709043	0.068539
3.712970	0.068330
3.716897	0.067966
3.720824	0.067453
3.724751	0.066803
3.728678	0.066032
3.732605	0.065166
3.736532	0.064236
3.740459	0.063279
3.744386	0.062336
3.748313	0.061448
3.752240	0.060654
3.756167	0.059988
3.760094	0.059475
3.764021	0.059134
3.767948	0.058974
3.771875	0.058998
3.775802	0.059197
3.779729	0.059555
3.783656	0.060050
3.787583	0.060652
3.791510	0.061327
3.795437	0.062038
3.799364	0.062749
3.803291	0.063427
3.807218	0.064044
3.811145	0.064574
3.815072	0.064999
3.818999	0.065302
3.822926	0.065470
3.826853	0.065494
3.830780	0.065370
3.834707	0.065105
3.838634	0.064712
3.842561	0.064217
3.846488	0.063654
3.850414	0.063061
3.854341	0.062481
3.858268	0.061958
3.862195	0.061533
3.866122	0.061243
3.870049	0.061123
3.873976	0.061202
3.877903	0.061502
3.881830	0.062041
3.885757	0.062827
3.889684	0.063864
3.893611	0.065146
3.897538	0.066659
3.901465	0.068376
3.905392	0.070262
3.909319	0.072269
3.913246	0.074337
3.917173	0.076401
3.921100	0.078386
3.925027	0.080223
3.928954	0.081843
3.932881	0.083188
3.936808	0.084211
3.940735	0.084878
3.944662	0.085168
3.948589	0.085076
3.952516	0.084608
3.956443	0.083784
3.960370	0.082640
3.964297	0.081223
3.968224	0.079596
3.972151	0.077826
3.976078	0.075984
3.980005	0.074136
3.983932	0.072338
3.987859	0.070634
3.991786	0.069051
3.995713	0.067602
3.999640	0.066288
4.003567	0.065103
4.007494	0.064035
4.011421	0.063072
4.015348	0.062203
4.019275	0.061416
4.023202	0.060703
4.027129	0.060053
4.031056	0.059456
4.034983	0.058898
4.038910	0.058365
4.042837	0.057838
4.046764	0.057298
4.050691	0.056727
4.054618	0.056104
4.058545	0.055416
4.062472	0.054650
4.066399	0.053805
4.070326	0.052885
4.074253	0.051902
4.078180	0.050874
4.082107	0.049824
4.086034	0.048780
4.089961	0.047767
4.093888	0.046813
4.097815	0.045941
4.101742	0.045173
4.105669	0.044526
4.109596	0.044013
4.113523	0.043644
4.117450	0.043423
4.121377	0.043351
4.125304	0.043423
4.129231	0.043634
4.133158	0.043969
4.137085	0.044413
4.141012	0.044946
4.144939	0.045544
4.148866	0.046179
4.152793	0.046823
4.156720	0.047443
4.160647	0.048009
4.164574	0.048490
4.168501	0.048857
4.172428	0.049085
4.176355	0.049158
4.180282	0.049069
4.184209	0.048819
4.188136	0.048422
4.192063	0.047900
4.195990	0.047280
4.199917	0.046589
4.203844	0.045854
4.207771	0.045097
4.211698	0.044341
4.215625	0.043603
4.219552	0.042901
4.223479	0.042252
4.227406	0.041675
4.231333	0.041187
4.235260	0.040801
4.239187	0.040532
4.243114	0.040387
4.247041	0.040371
4.250968	0.040482
4.254895	0.040713
4.258822	0.041051
4.262749	0.041476
4.266676	0.041962
4.270603	0.042478
4.274530	0.042990
4.278456	0.043464
4.282383	0.043867
4.286310	0.044173
4.290237	0.044368
4.294164	0.044445
4.298091	0.044409
4.302018	0.044270
4.305945	0.044045
4.309872	0.043750
4.313799	0.043400
4.317726	0.043008
4.321653	0.042582
4.325580	0.042134
4.329507	0.041675
4.333434	0.041220
4.337361	0.040786
4.341288	0.040393
4.345215	0.040062
4.349142	0.039810
4.353069	0.039650
4.356996	0.039591
4.360923	0.039634
4.364850	0.039773
4.368777	0.039995
4.372704	0.040280
4.376631	0.040603
4.380558	0.040937
4.384485	0.041254
4.388412	0.041527
4.392339	0.041736
4.396266	0.041866
4.400193	0.041907
4.404120	0.041856
4.408047	0.041718
4.411974	0.041499
4.415901	0.041213
4.419828	0.040875
4.423755	0.040504
4.427682	0.040120
4.431609	0.039738
4.435536	0.039374
4.439463	0.039034
4.443390	0.038721
4.447317	0.038431
4.451244	0.038153
4.455171	0.037878
4.459098	0.037592
4.463025	0.037288
4.466952	0.036960
4.470879	0.036607
4.474806	0.036234
4.478733	0.035848
4.482660	0.035458
4.486587	0.035075
4.490514	0.034710
4.494441	0.034375
4.498368	0.034079
4.502295	0.033832
4.506222	0.033642
4.510149	0.033511
4.514076	0.033441
4.518003	0.033428
4.521930	0.033462
4.525857	0.033529
4.529784	0.033612
4.533711	0.033688
4.537638	0.033735
4.541565	0.033727
4.545492	0.033639
4.549419	0.033452
4.553346	0.033151
4.557273	0.032731
4.561200	0.032196
4.565127	0.031561
4.569054	0.030847
4.572981	0.030082
4.576908	0.029293
4.580835	0.028508
4.584762	0.027750
4.588689	0.027038
4.592616	0.026386
4.596543	0.025805
4.600470	0.025297
4.604397	0.024866
4.608324	0.024509
4.612251	0.024222
4.616178	0.023997
4.620105	0.023826
4.624032	0.023701
4.627959	0.023610
4.631886	0.023547
4.635813	0.023501
4.639740	0.023468
4.643667	0.023442
4.647594	0.023422
4.651521	0.023408
4.655448	0.023399
4.659375	0.023396
4.663302	0.023398
4.667229	0.023404
4.671156	0.023407
4.675083	0.023403
4.679010	0.023381
4.682937	0.023334
4.686864	0.023254
4.690791	0.023136
4.694718	0.022980
4.698645	0.022792
4.702572	0.022581
4.706498	0.022358
4.710425	0.022137
4.714352	0.021931
4.718279	0.021750
4.722206	0.021603
4.726133	0.021495
4.730060	0.021425
4.733987	0.021394
4.737914	0.021396
4.741841	0.021425
4.745768	0.021476
4.749695	0.021543
4.753622	0.021622
4.757549	0.021712
4.761476	0.021816
4.765403	0.021938
4.769330	0.022084
4.773257	0.022258
4.777184	0.022465
4.781111	0.022705
4.785038	0.022975
4.788965	0.023268
4.792892	0.023572
4.796819	0.023872
4.800746	0.024150
4.804673	0.024387
4.808600	0.024569
4.812527	0.024683
4.816454	0.024721
4.820381	0.024684
4.824308	0.024577
4.828235	0.024410
4.832162	0.024199
4.836089	0.023957
4.840016	0.023700
4.843943	0.023438
4.847870	0.023182
4.851797	0.022937
4.855724	0.022707
4.859651	0.022495
4.863578	0.022302
4.867505	0.022130
4.871432	0.021980
4.875359	0.021853
4.879286	0.021748
4.883213	0.021663
4.887140	0.021596
4.891067	0.021541
4.894994	0.021494
4.898921	0.021452
4.902848	0.021415
4.906775	0.021382
4.910702	0.021355
4.914629	0.021339
4.918556	0.021335
4.922483	0.021344
4.926410	0.021364
4.930337	0.021388
4.934264	0.021407
4.938191	0.021411
4.942118	0.021387
4.946045	0.021325
4.949972	0.021217
4.953899	0.021061
4.957826	0.020856
4.961753	0.020607
4.965680	0.020325
4.969607	0.020018
4.973534	0.019700
4.977461	0.019382
4.981388	0.019073
4.985315	0.018784
4.989242	0.018520
4.993169	0.018286
4.997096	0.018084
5.001023	0.017916
5.004950	0.017782
5.008877	0.017684
5.012804	0.017620
5.016731	0.017591
5.020658	0.017593
5.024585	0.017625
5.028512	0.017680
5.032439	0.017752
5.036366	0.017833
5.040293	0.017914
5.044220	0.017988
5.048147	0.018047
5.052074	0.018087
5.056001	0.018104
5.059928	0.018099
5.063855	0.018071
5.067782	0.018021
5.071709	0.017951
5.075636	0.017859
5.079563	0.017746
5.083490	0.017610
5.087417	0.017452
5.091344	0.017273
5.095271	0.017075
5.099198	0.016864
5.103125	0.016645
5.107052	0.016426
5.110979	0.016212
5.114906	0.016009
5.118833	0.015821
5.122760	0.015652
5.126687	0.015504
5.130614	0.015378
5.134540	0.015275
5.138467	0.015198
5.142394	0.015144
5.146321	0.015115
5.150248	0.015108
5.154175	0.015119
5.158102	0.015144
5.162029	0.015179
5.165956	0.015217
5.169883	0.015254
5.173810	0.015285
5.177737	0.015307
5.181664	0.015317
5.185591	0.015315
5.189518	0.015299
5.193445	0.015269
5.197372	0.015224
5.201299	0.015166
5.205226	0.015095
5.209153	0.015014
5.213080	0.014924
5.217007	0.014826
5.220934	0.014722
5.224861	0.014613
5.228788	0.014500
5.232715	0.014382
5.236642	0.014260
5.240569	0.014134
5.244496	0.014007
5.248423	0.013880
5.252350	0.013755
5.256277	0.013632
5.260204	0.013515
5.264131	0.013402
5.268058	0.013293
5.271985	0.013187
5.275912	0.013082
5.279839	0.012977
5.283766	0.012871
5.287693	0.012764
5.291620	0.012658
5.295547	0.012557
5.299474	0.012463
5.303401	0.012379
5.307328	0.012309
5.311255	0.012253
5.315182	0.012211
5.319109	0.012182
5.323036	0.012163
5.326963	0.012150
5.330890	0.012141
5.334817	0.012133
5.338744	0.012121
5.342671	0.012105
5.346598	0.012083
5.350525	0.012052
5.354452	0.012013
5.358379	0.011963
5.362306	0.011902
5.366233	0.011829
5.370160	0.011746
5.374087	0.011654
5.378014	0.011557
5.381941	0.011457
5.385868	0.011360
5.389795	0.011267
5.393722	0.011184
5.397649	0.011111
5.401576	0.011050
5.405503	0.011002
5.409430	0.010967
5.413357	0.010942
5.417284	0.010928
5.421211	0.010921
5.425138	0.010920
5.429065	0.010924
5.432992	0.010933
5.436919	0.010945
5.440846	0.010960
5.444773	0.010978
5.448700	0.010996
5.452627	0.011015
5.456554	0.011033
5.460481	0.011048
5.464408	0.011058
5.468335	0.011061
5.472262	0.011054
5.476189	0.011034
5.480116	0.010998
5.484043	0.010943
5.487970	0.010868
5.491897	0.010771
5.495824	0.010655
5.499751	0.010523
5.503678	0.010379
5.507605	0.010228
5.511532	0.010073
5.515459	0.009919
5.519386	0.009769
5.523313	0.009625
5.527240	0.009488
5.531167	0.009359
5.535094	0.009237
5.539021	0.009123
5.542948	0.009017
5.546875	0.008919
5.550802	0.008830
5.554729	0.008750
5.558656	0.008681
5.562582	0.008623
5.566509	0.008577
5.570436	0.008542
5.574363	0.008518
5.578290	0.008503
5.582217	0.008496
5.586144	0.008496
5.590071	0.008500
5.593998	0.008505
5.597925	0.008510
5.601852	0.008511
5.605779	0.008506
5.609706	0.008490
5.613633	0.008463
5.617560	0.008420
5.621487	0.008363
5.625414	0.008291
5.629341	0.008206
5.633268	0.008112
5.637195	0.008010
5.641122	0.007906
5.645049	0.007803
5.648976	0.007704
5.652903	0.007610
5.656830	0.007524
5.660757	0.007446
5.664684	0.007378
5.668611	0.007319
5.672538	0.007269
5.676465	0.007228
5.680392	0.007195
5.684319	0.007170
5.688246	0.007154
5.692173	0.007146
5.696100	0.007147
5.700027	0.007156
5.703954	0.007174
5.707881	0.007198
5.711808	0.007228
5.715735	0.007262
5.719662	0.007296
5.723589	0.007327
5.727516	0.007353
5.731443	0.007368
5.735370	0.007369
5.739297	0.007355
5.743224	0.007323
5.747151	0.007272
5.751078	0.007203
5.755005	0.007119
5.758932	0.007022
5.762859	0.006915
5.766786	0.006803
5.770713	0.006689
5.774640	0.006576
5.778567	0.006466
5.782494	0.006362
5.786421	0.006265
5.790348	0.006175
5.794275	0.006093
5.798202	0.006020
5.802129	0.005953
5.806056	0.005895
5.809983	0.005843
5.813910	0.005797
5.817837	0.005758
5.821764	0.005724
5.825691	0.005696
5.829618	0.005674
5.833545	0.005658
5.837472	0.005647
5.841399	0.005642
5.845326	0.005642
5.849253	0.005646
5.853180	0.005653
5.857107	0.005662
5.861034	0.005670
5.864961	0.005675
5.868888	0.005676
5.872815	0.005670
5.876742	0.005655
5.880669	0.005631
5.884596	0.005597
5.888523	0.005554
5.892450	0.005502
5.896377	0.005444
5.900304	0.005382
5.904231	0.005317
5.908158	0.005251
5.912085	0.005186
5.916012	0.005123
5.919939	0.005063
5.923866	0.005007
5.927793	0.004954
5.931720	0.004906
5.935647	0.004861
5.939574	0.004820
5.943501	0.004782
5.947428	0.004746
5.951355	0.004714
5.955282	0.004684
5.959209	0.004655
5.963136	0.004629
5.967063	0.004606
5.970990	0.004584
5.974917	0.004565
5.978844	0.004547
5.982771	0.004532
5.986698	0.004520
5.990624	0.004508
5.994551	0.004498
5.998478	0.004489
6.002405	0.004480
6.006332	0.004470
6.010259	0.004458
6.014186	0.004445
6.018113	0.004430
6.022040	0.004412
6.025967	0.004391
6.029894	0.004368
6.033821	0.004343
6.037748	0.004315
6.041675	0.004286
6.045602	0.004256
6.049529	0.004226
6.053456	0.004196
6.057383	0.004166
6.061310	0.004137
6.065237	0.004110
6.069164	0.004085
6.073091	0.004060
6.077018	0.004038
6.080945	0.004017
6.084872	0.003997
6.088799	0.003979
6.092726	0.003962
6.096653	0.003947
6.100580	0.003932
6.104507	0.003918
6.108434	0.003905
6.112361	0.003894
6.116288	0.003883
6.120215	0.003873
6.124142	0.003865
6.128069	0.003858
6.131996	0.003852
6.135923	0.003848
6.139850	0.003845
6.143777	0.003843
6.147704	0.003842
6.151631	0.003841
6.155558	0.003840
6.159485	0.003838
6.163412	0.003836
6.167339	0.003832
6.171266	0.003827
6.175193	0.003820
6.179120	0.003811
6.183047	0.003800
6.186974	0.003788
6.190901	0.003773
6.194828	0.003757
6.198755	0.003739
6.202682	0.003721
6.206609	0.003703
6.210536	0.003684
6.214463	0.003666
6.218390	0.003648
6.222317	0.003631
6.226244	0.003615
6.230171	0.003600
6.234098	0.003585
6.238025	0.003571
6.241952	0.003558
6.245879	0.003546
6.249806	0.003535
6.253733	0.003524
6.257660	0.003514
6.261587	0.003505
6.265514	0.003497
6.269441	0.003489
6.273368	0.003483
6.277295	0.003478
6.281222	0.003475
6.285149	0.003472
6.289076	0.003471
6.293003	0.003470
6.296930	0.003471
6.300857	0.003472
6.304784	0.003473
6.308711	0.003474
6.312638	0.003475
6.316565	0.003475
6.320492	0.003474
6.324419	0.003472
6.328346	0.003467
6.332273	0.003461
6.336200	0.003453
6.340127	0.003443
6.344054	0.003431
6.347981	0.003419
6.351908	0.003405
6.355835	0.003390
6.359762	0.003375
6.363689	0.003361
6.367616	0.003346
6.371543	0.003332
6.375470	0.003319
6.379397	0.003306
6.383324	0.003294
6.387251	0.003283
6.391178	0.003272
6.395105	0.003263
6.399032	0.003254
6.402959	0.003246
6.406886	0.003239
6.410813	0.003232
6.414739	0.003227
6.418666	0.003222
6.422593	0.003218
6.426520	0.003216
6.430447	0.003214
6.434374	0.003213
6.438301	0.003213
6.442228	0.003213
6.446155	0.003214
6.450082	0.003214
6.454009	0.003214
6.457936	0.003214
6.461863	0.003212
6.465790	0.003209
6.469717	0.003204
6.473644	0.003198
6.477571	0.003191
6.481498	0.003182
6.485425	0.003171
6.489352	0.003160
6.493279	0.003147
6.497206	0.003135
6.501133	0.003122
6.505060	0.003109
6.508987	0.003096
6.512914	0.003084
6.516841	0.003072
6.520768	0.003061
6.524695	0.003051
6.528622	0.003041
6.532549	0.003033
6.536476	0.003025
6.540403	0.003017
6.544330	0.003011
6.548257	0.003005
6.552184	0.002999
6.556111	0.002994
6.560038	0.002990
6.563965	0.002987
6.567892	0.002984
6.571819	0.002982
6.575746	0.002980
6.579673	0.002979
6.583600	0.002978
6.587527	0.002978
6.591454	0.002977
6.595381	0.002975
6.599308	0.002973
6.603235	0.002971
6.607162	0.002967
6.611089	0.002962
6.615016	0.002956
6.618943	0.002949
6.622870	0.002940
6.626797	0.002931
6.630724	0.002921
6.634651	0.002910
6.638578	0.002899
6.642505	0.002888
6.646432	0.002877
6.650359	0.002867
6.654286	0.002856
6.658213	0.002846
6.662140	0.002837
6.666067	0.002828
6.669994	0.002820
6.673921	0.002812
6.677848	0.002805
6.681775	0.002798
6.685702	0.002792
6.689629	0.002786
6.693556	0.002780
6.697483	0.002775
6.701410	0.002771
6.705337	0.002766
6.709264	0.002763
6.713191	0.002759
6.717118	0.002756
6.721045	0.002754
6.724972	0.002752
6.728899	0.002750
6.732826	0.002749
6.736753	0.002748
6.740680	0.002747
6.744607	0.002746
6.748534	0.002745
6.752461	0.002743
6.756388	0.002741
6.760315	0.002738
6.764242	0.002734
6.768169	0.002730
6.772096	0.002725
6.776023	0.002719
6.779950	0.002712
6.783877	0.002704
6.787804	0.002697
6.791731	0.002688
6.795658	0.002680
6.799585	0.002672
6.803512	0.002663
6.807439	0.002655
6.811366	0.002647
6.815293	0.002639
6.819220	0.002632
6.823147	0.002625
6.827074	0.002618
6.831001	0.002611
6.834928	0.002605
6.838855	0.002600
6.842781	0.002594
6.846708	0.002589
6.850635	0.002584
6.854562	0.002580
6.858489	0.002576
6.862416	0.002572
6.866343	0.002568
6.870270	0.002565
6.874197	0.002562
6.878124	0.002559
6.882051	0.002557
6.885978	0.002554
6.889905	0.002552
6.893832	0.002550
6.897759	0.002547
6.901686	0.002544
6.905613	0.002541
6.909540	0.002538
6.913467	0.002534
6.917394	0.002530
6.921321	0.002525
6.925248	0.002520
6.929175	0.002515
6.933102	0.002509
6.937029	0.002504
6.940956	0.002498
6.944883	0.002492
6.948810	0.002485
6.952737	0.002479
6.956664	0.002473
6.960591	0.002468
6.964518	0.002462
6.968445	0.002457
6.972372	0.002452
6.976299	0.002447
6.980226	0.002442
6.984153	0.002438
6.988080	0.002433
6.992007	0.002429
6.995934	0.002425
6.999861	0.002421
7.003788	0.002418
7.007715	0.002414
7.011642	0.002411
7.015569	0.002408
7.019496	0.002406
7.023423	0.002403
7.027350	0.002401
7.031277	0.002398
7.035204	0.002396
7.039131	0.002395
7.043058	0.002393
7.046985	0.002391
7.050912	0.002389
7.054839	0.002388
7.058766	0.002386
7.062693	0.002383
7.066620	0.002381
7.070547	0.002378
7.074474	0.002374
7.078401	0.002371
7.082328	0.002367
7.086255	0.002362
7.090182	0.002357
7.094109	0.002352
7.098036	0.002347
7.101963	0.002342
7.105890	0.002337
7.109817	0.002332
7.113744	0.002327
7.117671	0.002322
7.121598	0.002317
7.125525	0.002312
7.129452	0.002308
7.133379	0.002304
7.137306	0.002300
7.141233	0.002296
7.145160	0.002292
7.149087	0.002289
7.153014	0.002285
7.156941	0.002282
7.160868	0.002279
7.164795	0.002276
7.168722	0.002273
7.172649	0.002271
7.176576	0.002269
7.180503	0.002266
7.184430	0.002264
7.188357	0.002263
7.192284	0.002261
7.196211	0.002259
7.200138	0.002257
7.204065	0.002256
7.207992	0.002254
7.211919	0.002252
7.215846	0.002250
7.219773	0.002247
7.223700	0.002245
7.227627	0.002242
7.231554	0.002239
7.235481	0.002235
7.239408	0.002231
7.243335	0.002227
7.247262	0.002223
7.251189	0.002218
7.255116	0.002214
7.259043	0.002210
7.262970	0.002205
7.266897	0.002201
7.270823	0.002196
7.274750	0.002192
7.278677	0.002188
7.282604	0.002184
7.286531	0.002180
7.290458	0.002176
7.294385	0.002173
7.298312	0.002169
7.302239	0.002166
7.306166	0.002163
7.310093	0.002160
7.314020	0.002157
7.317947	0.002154
7.321874	0.002152
7.325801	0.002150
7.329728	0.002147
7.333655	0.002145
7.337582	0.002144
7.341509	0.002142
7.345436	0.002140
7.349363	0.002139
7.353290	0.002137
7.357217	0.002135
7.361144	0.002133
7.365071	0.002131
7.368998	0.002129
7.372925	0.002127
7.376852	0.002124
7.380779	0.002121
7.384706	0.002117
7.388633	0.002114
7.392560	0.002110
7.396487	0.002106
7.400414	0.002102
7.404341	0.002098
7.408268	0.002093
7.412195	0.002089
7.416122	0.002085
7.420049	0.002081
7.423976	0.002077
7.427903	0.002074
7.431830	0.002070
7.435757	0.002067
7.439684	0.002063
7.443611	0.002060
7.447538	0.002057
7.451465	0.002054
7.455392	0.002051
7.459319	0.002048
7.463246	0.002046
7.467173	0.002043
7.471100	0.002041
7.475027	0.002038
7.478954	0.002036
7.482881	0.002034
7.486808	0.002032
7.490735	0.002030
7.494662	0.002028
7.498589	0.002026
7.502516	0.002024
7.506443	0.002022
7.510370	0.002020
7.514297	0.002017
7.518224	0.002015
7.522151	0.002012
7.526078	0.002010
7.530005	0.002007
7.533932	0.002004
7.537859	0.002001
7.541786	0.001997
7.545713	0.001994
7.549640	0.001991
7.553567	0.001987
7.557494	0.001984
7.561421	0.001980
7.565348	0.001977
7.569275	0.001974
7.573202	0.001971
7.577129	0.001968
7.581056	0.001965
7.584983	0.001962
7.588910	0.001959
7.592837	0.001956
7.596764	0.001953
7.600691	0.001951
7.604618	0.001948
7.608545	0.001946
7.612472	0.001943
7.616399	0.001941
7.620326	0.001938
7.624253	0.001936
7.628180	0.001934
7.632107	0.001932
7.636034	0.001930
7.639961	0.001928
7.643888	0.001926
7.647815	0.001924
7.651742	0.001922
7.655669	0.001920
7.659596	0.001918
7.663523	0.001916
7.667450	0.001914
7.671377	0.001912
7.675304	0.001909
7.679231	0.001907
7.683158	0.001905
7.687085	0.001902
7.691012	0.001900
7.694939	0.001897
7.698865	0.001894
7.702792	0.001891
7.706719	0.001889
7.710646	0.001886
7.714573	0.001883
7.718500	0.001880
7.722427	0.001877
7.726354	0.001874
7.730281	0.001872
7.734208	0.001869
7.738135	0.001866
7.742062	0.001864
7.745989	0.001861
7.749916	0.001858
7.753843	0.001856
7.757770	0.001853
7.761697	0.001851
7.765624	0.001849
7.769551	0.001846
7.773478	0.001844
7.777405	0.001842
7.781332	0.001840
7.785259	0.001838
7.789186	0.001836
7.793113	0.001834
7.797040	0.001832
7.800967	0.001830
7.804894	0.001828
7.808821	0.001826
7.812748	0.001825
7.816675	0.001823
7.820602	0.001821
7.824529	0.001819
7.828456	0.001817
7.832383	0.001815
7.836310	0.001813
7.840237	0.001810
7.844164	0.001808
7.848091	0.001806
7.852018	0.001803
7.855945	0.001801
7.859872	0.001798
7.863799	0.001796
7.867726	0.001793
7.871653	0.001791
7.875580	0.001788
7.879507	0.001786
7.883434	0.001783
7.887361	0.001781
7.891288	0.001779
7.895215	0.001776
7.899142	0.001774
7.903069	0.001772
7.906996	0.001769
7.910923	0.001767
7.914850	0.001765
7.918777	0.001763
7.922704	0.001761
7.926631	0.001759
7.930558	0.001757
7.934485	0.001755
7.938412	0.001753
7.942339	0.001751
7.946266	0.001749
7.950193	0.001747
7.954120	0.001745
7.958047	0.001743
7.961974	0.001741
7.965901	0.001739
7.969828	0.001738
7.973755	0.001736
7.977682	0.001734
7.981609	0.001732
7.985536	0.001730
7.989463	0.001728
7.993390	0.001726
7.997317	0.001724
8.001244	0.001722
8.005171	0.001720
8.009098	0.001717
8.013025	0.001715
8.016952	0.001713
8.020879	0.001711
8.024806	0.001709
8.028733	0.001706
8.032660	0.001704
8.036587	0.001702
8.040514	0.001700
8.044441	0.001698
8.048368	0.001696
8.052295	0.001693
8.056222	0.001691
8.060149	0.001689
8.064076	0.001687
8.068003	0.001685
8.071930	0.001683
8.075857	0.001681
8.079784	0.001679
8.083711	0.001678
8.087638	0.001676
8.091565	0.001674
8.095492	0.001672
8.099419	0.001670
8.103346	0.001668
8.107273	0.001667
8.111200	0.001665
8.115127	0.001663
8.119054	0.001661
8.122981	0.001660
8.126907	0.001658
8.130834	0.001656
8.134761	0.001655
8.138688	0.001653
8.142615	0.001651
8.146542	0.001649
8.150469	0.001647
8.154396	0.001646
8.158323	0.001644
8.162250	0.001642
8.166177	0.001640
8.170104	0.001638
8.174031	0.001636
8.177958	0.001634
8.181885	0.001632
8.185812	0.001630
8.189739	0.001628
8.193666	0.001626
8.197593	0.001624
8.201520	0.001622
8.205447	0.001620
8.209374	0.001618
8.213301	0.001616
8.217228	0.001614
8.221155	0.001612
8.225082	0.001611
8.229009	0.001609
8.232936	0.001607
8.236863	0.001605
8.240790	0.001603
8.244717	0.001602
8.248644	0.001600
8.252571	0.001598
8.256498	0.001597
8.260425	0.001595
8.264352	0.001593
8.268279	0.001592
8.272206	0.001590
8.276133	0.001588
8.280060	0.001587
8.283987	0.001585
8.287914	0.001583
8.291841	0.001582
8.295768	0.001580
8.299695	0.001578
8.303622	0.001577
8.307549	0.001575
8.311476	0.001573
8.315403	0.001571
8.319330	0.001569
8.323257	0.001568
8.327184	0.001566
8.331111	0.001564
8.335038	0.001562
8.338965	0.001560
8.342892	0.001559
8.346819	0.001557
8.350746	0.001555
8.354673	0.001553
8.358600	0.001551
8.362527	0.001550
8.366454	0.001548
8.370381	0.001546
8.374308	0.001544
8.378235	0.001543
8.382162	0.001541
8.386089	0.001539
8.390016	0.001538
8.393943	0.001536
8.397870	0.001534
8.401797	0.001533
8.405724	0.001531
8.409651	0.001529
8.413578	0.001528
8.417505	0.001526
8.421432	0.001525
8.425359	0.001523
8.429286	0.001521
8.433213	0.001520
8.437140	0.001518
8.441067	0.001517
8.444994	0.001515
8.448921	0.001513
8.452848	0.001512
8.456775	0.001510
8.460702	0.001509
8.464629	0.001507
8.468556	0.001505
8.472483	0.001504
8.476410	0.001502
8.480337	0.001501
8.484264	0.001499
8.488191	0.001497
8.492118	0.001496
8.496045	0.001494
8.499972	0.001492
8.503899	0.001491
8.507826	0.001489
8.511753	0.001487
8.515680	0.001486
8.519607	0.001484
8.523534	0.001482
8.527461	0.001481
8.531388	0.001479
8.535315	0.001478
8.539242	0.001476
8.543169	0.001474
8.547096	0.001473
8.551023	0.001471
8.554949	0.001470
8.558876	0.001468
8.562803	0.001467
8.566730	0.001465
8.570657	0.001464
8.574584	0.001462
8.578511	0.001461
8.582438	0.001459
8.586365	0.001458
8.590292	0.001456
8.594219	0.001455
8.598146	0.001453
8.602073	0.001452
8.606000	0.001450
8.609927	0.001449
8.613854	0.001447
8.617781	0.001446
8.621708	0.001444
8.625635	0.001443
8.629562	0.001441
8.633489	0.001440
8.637416	0.001438
8.641343	0.001437
8.645270	0.001435
8.649197	0.001434
8.653124	0.001432
8.657051	0.001431
8.660978	0.001429
8.664905	0.001428
8.668832	0.001426
8.672759	0.001425
8.676686	0.001423
8.680613	0.001422
8.684540	0.001420
8.688467	0.001419
8.692394	0.001417
8.696321	0.001416
8.700248	0.001414
8.704175	0.001413
8.708102	0.001411
8.712029	0.001410
8.715956	0.001408
8.719883	0.001407
8.723810	0.001406
8.727737	0.001404
8.731664	0.001403
8.735591	0.001401
8.739518	0.001400
8.743445	0.001399
8.747372	0.001397
8.751299	0.001396
8.755226	0.001394
8.759153	0.001393
8.763080	0.001392
8.767007	0.001390
8.770934	0.001389
8.774861	0.001387
8.778788	0.001386
8.782715	0.001385
8.786642	0.001383
8.790569	0.001382
8.794496	0.001380
8.798423	0.001379
8.802350	0.001378
8.806277	0.001376
8.810204	0.001375
8.814131	0.001373
8.818058	0.001372
8.821985	0.001371
8.825912	0.001369
8.829839	0.001368
8.833766	0.001366
8.837693	0.001365
8.841620	0.001364
8.845547	0.001362
8.849474	0.001361
8.853401	0.001359
8.857328	0.001358
8.861255	0.001357
8.865182	0.001355
8.869109	0.001354
8.873036	0.001353
8.876963	0.001351
8.880890	0.001350
8.884817	0.001349
8.888744	0.001347
8.892671	0.001346
8.896598	0.001345
8.900525	0.001343
8.904452	0.001342
8.908379	0.001341
8.912306	0.001339
8.916233	0.001338
8.920160	0.001337
8.924087	0.001335
8.928014	0.001334
8.931941	0.001333
8.935868	0.001331
8.939795	0.001330
8.943722	0.001329
8.947649	0.001328
8.951576	0.001326
8.955503	0.001325
8.959430	0.001324
8.963357	0.001322
8.967284	0.001321
8.971211	0.001320
8.975138	0.001318
8.979065	0.001317
8.982991	0.001316
8.986918	0.001314
8.990845	0.001313
8.994772	0.001312
8.998699	0.001311
9.002626	0.001309
9.006553	0.001308
9.010480	0.001307
9.014407	0.001305
9.018334	0.001304
9.022261	0.001303
9.026188	0.001302
9.030115	0.001300
9.034042	0.001299
9.037969	0.001298
9.041896	0.001296
9.045823	0.001295
9.049750	0.001294
9.053677	0.001293
9.057604	0.001291
9.061531	0.001290
9.065458	0.001289
9.069385	0.001288
9.073312	0.001286
9.077239	0.001285
9.081166	0.001284
9.085093	0.001283
9.089020	0.001282
9.092947	0.001280
9.096874	0.001279
9.100801	0.001278
9.104728	0.001277
9.108655	0.001275
9.112582	0.001274
9.116509	0.001273
9.120436	0.001272
9.124363	0.001270
9.128290	0.001269
9.132217	0.001268
9.136144	0.001267
9.140071	0.001266
9.143998	0.001264
9.147925	0.001263
9.151852	0.001262
9.155779	0.001261
9.159706	0.001259
9.163633	0.001258
9.167560	0.001257
9.171487	0.001256
9.175414	0.001255
9.179341	0.001253
9.183268	0.001252
9.187195	0.001251
9.191122	0.001250
9.195049	0.001249
9.198976	0.001247
9.202903	0.001246
9.206830	0.001245
9.210757	0.001244
9.214684	0.001243
9.218611	0.001242
9.222538	0.001240
9.226465	0.001239
9.230392	0.001238
9.234319	0.001237
9.238246	0.001236
9.242173	0.001235
9.246100	0.001233
9.250027	0.001232
9.253954	0.001231
9.257881	0.001230
9.261808	0.001229
9.265735	0.001228
9.269662	0.001226
9.273589	0.001225
9.277516	0.001224
9.281443	0.001223
9.285370	0.001222
9.289297	0.001221
9.293224	0.001220
9.297151	0.001218
9.301078	0.001217
9.305005	0.001216
9.308932	0.001215
9.312859	0.001214
9.316786	0.001213
9.320713	0.001212
9.324640	0.001210
9.328567	0.001209
9.332494	0.001208
9.336421	0.001207
9.340348	0.001206
9.344275	0.001205
9.348202	0.001204
9.352129	0.001203
9.356056	0.001201
9.359983	0.001200
9.363910	0.001199
9.367837	0.001198
9.371764	0.001197
9.375691	0.001196
9.379618	0.001195
9.383545	0.001194
9.387472	0.001192
9.391399	0.001191
9.395326	0.001190
9.399253	0.001189
9.403180	0.001188
9.407107	0.001187
9.411033	0.001186
9.414960	0.001185
9.418887	0.001184
9.422814	0.001183
9.426741	0.001182
9.430668	0.001180
9.434595	0.001179
9.438522	0.001178
9.442449	0.001177
9.446376	0.001176
9.450303	0.001175
9.454230	0.001174
9.458157	0.001173
9.462084	0.001172
9.466011	0.001171
9.469938	0.001170
9.473865	0.001169
9.477792	0.001167
9.481719	0.001166
9.485646	0.001165
9.489573	0.001164
9.493500	0.001163
9.497427	0.001162
9.501354	0.001161
9.505281	0.001160
9.509208	0.001159
9.513135	0.001158
9.517062	0.001157
9.520989	0.001156
9.524916	0.001155
9.528843	0.001154
9.532770	0.001153
9.536697	0.001152
9.540624	0.001151
9.544551	0.001150
9.548478	0.001148
9.552405	0.001147
9.556332	0.001146
9.560259	0.001145
9.564186	0.001144
9.568113	0.001143
9.572040	0.001142
9.575967	0.001141
9.579894	0.001140
9.583821	0.001139
9.587748	0.001138
9.591675	0.001137
9.595602	0.001136
9.599529	0.001135
9.603456	0.001134
9.607383	0.001133
9.611310	0.001132
9.615237	0.001131
9.619164	0.001130
9.623091	0.001129
9.627018	0.001128
9.630945	0.001127
9.634872	0.001126
9.638799	0.001125
9.642726	0.001124
9.646653	0.001123
9.650580	0.001122
9.654507	0.001121
9.658434	0.001120
9.662361	0.001119
9.666288	0.001118
9.670215	0.001117
9.674142	0.001116
9.678069	0.001115
9.681996	0.001114
9.685923	0.001113
9.689850	0.001112
9.693777	0.001111
9.697704	0.001110
9.701631	0.001109
9.705558	0.001108
9.709485	0.001107
9.713412	0.001106
9.717339	0.001105
9.721266	0.001104
9.725193	0.001103
9.729120	0.001102
9.733047	0.001101
9.736974	0.001100
9.740901	0.001099
9.744828	0.001098
9.748755	0.001097
9.752682	0.001096
9.756609	0.001095
9.760536	0.001094
9.764463	0.001093
9.768390	0.001092
9.772317	0.001091
9.776244	0.001090
9.780171	0.001089
9.784098	0.001089
9.788025	0.001088
9.791952	0.001087
9.795879	0.001086
9.799806	0.001085
9.803733	0.001084
9.807660	0.001083
9.811587	0.001082
9.815514	0.001081
9.819441	0.001080
