-9.819441	0.001058
-9.815514	0.001059
-9.811587	0.001060
-9.807660	0.001061
-9.803733	0.001062
-9.799806	0.001063
-9.795879	0.001063
-9.791952	0.001064
-9.788025	0.001065
-9.784098	0.001066
-9.780171	0.001067
-9.776244	0.001068
-9.772317	0.001069
-9.768390	0.001070
-9.764463	0.001071
-9.760536	0.001072
-9.756609	0.001073
-9.752682	0.001074
-9.748755	0.001074
-9.744828	0.001075
-9.740901	0.001076
-9.736974	0.001077
-9.733047	0.001078
-9.729120	0.001079
-9.725193	0.001080
-9.721266	0.001081
-9.717339	0.001082
-9.713412	0.001083
-9.709485	0.001084
-9.705558	0.001085
-9.701631	0.001086
-9.697704	0.001087
-9.693777	0.001088
-9.689850	0.001089
-9.685923	0.001089
-9.681996	0.001090
-9.678069	0.001091
-9.674142	0.001092
-9.670215	0.001093
-9.666288	0.001094
-9.662361	0.001095
-9.658434	0.001096
-9.654507	0.001097
-9.650580	0.001098
-9.646653	0.001099
-9.642726	0.001100
-9.638799	0.001101
-9.634872	0.001102
-9.630945	0.001103
-9.627018	0.001104
-9.623091	0.001105
-9.619164	0.001106
-9.615237	0.001107
-9.611310	0.001108
-9.607383	0.001109
-9.603456	0.001110
-9.599529	0.001111
-9.595602	0.001112
-9.591675	0.001113
-9.587748	0.001114
-9.583821	0.001114
-9.579894	0.001115
-9.575967	0.001116
-9.572040	0.001117
-9.568113	0.001118
-9.564186	0.001119
-9.560259	0.001120
-9.556332	0.001121
-9.552405	0.001122
-9.548478	0.001123
-9.544551	0.001124
-9.540624	0.001125
-9.536697	0.001126
-9.532770	0.001127
-9.528843	0.001128
-9.524916	0.001129
-9.520989	0.001130
-9.517062	0.001131
-9.513135	0.001132
-9.509208	0.001133
-9.505281	0.001134
-9.501354	0.001135
-9.497427	0.001136
-9.493500	0.001137
-9.489573	0.001138
-9.485646	0.001139
-9.481719	0.001140
-9.477792	0.001141
-9.473865	0.001142
-9.469938	0.001143
-9.466011	0.001144
-9.462084	0.001145
-9.458157	0.001146
-9.454230	0.001148
-9.450303	0.001149
-9.446376	0.001150
-9.442449	0.001151
-9.438522	0.001152
-9.434595	0.001153
-9.430668	0.001154
-9.426741	0.001155
-9.422814	0.001156
-9.418887	0.001157
-9.414960	0.001158
-9.411033	0.001159
-9.407107	0.001160
-9.403180	0.001161
-9.399253	0.001162
-9.395326	0.001163
-9.391399	0.001164
-9.387472	0.001165
-9.383545	0.001166
-9.379618	0.001167
-9.375691	0.001168
-9.371764	0.001169
-9.367837	0.001170
-9.363910	0.001171
-9.359983	0.001173
-9.356056	0.001174
-9.352129	0.001175
-9.348202	0.001176
-9.344275	0.001177
-9.340348	0.001178
-9.336421	0.001179
-9.332494	0.001180
-9.328567	0.001181
-9.324640	0.001182
-9.320713	0.001183
-9.316786	0.001184
-9.312859	0.001185
-9.308932	0.001186
-9.305005	0.001187
-9.301078	0.001189
-9.297151	0.001190
-9.293224	0.001191
-9.289297	0.001192
-9.285370	0.001193
-9.281443	0.001194
-9.277516	0.001195
-9.273589	0.001196
-9.269662	0.001197
-9.265735	0.001198
-9.261808	0.001199
-9.257881	0.001201
-9.253954	0.001202
-9.250027	0.001203
-9.246100	0.001204
-9.242173	0.001205
-9.238246	0.001206
-9.234319	0.001207
-9.230392	0.001208
-9.226465	0.001209
-9.222538	0.001210
-9.218611	0.001212
-9.214684	0.001213
-9.210757	0.001214
-9.206830	0.001215
-9.202903	0.001216
-9.198976	0.001217
-9.195049	0.001218
-9.191122	0.001219
-9.187195	0.001221
-9.183268	0.001222
-9.179341	0.001223
-9.175414	0.001224
-9.171487	0.001225
-9.167560	0.001226
-9.163633	0.001227
-9.159706	0.001228
-9.155779	0.001230
-9.151852	0.001231
-9.147925	0.001232
-9.143998	0.001233
-9.140071	0.001234
-9.136144	0.001235
-9.132217	0.001236
-9.128290	0.001238
-9.124363	0.001239
-9.120436	0.001240
-9.116509	0.001241
-9.112582	0.001242
-9.108655	0.001243
-9.104728	0.001245
-9.100801	0.001246
-9.096874	0.001247
-9.092947	0.001248
-9.089020	0.001249
-9.085093	0.001250
-9.081166	0.001252
-9.077239	0.001253
-9.073312	0.001254
-9.069385	0.001255
-9.065458	0.001256
-9.061531	0.001257
-9.057604	0.001259
-9.053677	0.001260
-9.049750	0.001261
-9.045823	0.001262
-9.041896	0.001263
-9.037969	0.001264
-9.034042	0.001266
-9.030115	0.001267
-9.026188	0.001268
-9.022261	0.001269
-9.018334	0.001270
-9.014407	0.001272
-9.010480	0.001273
-9.006553	0.001274
-9.002626	0.001275
-8.998699	0.001276
-8.994772	0.001278
-8.990845	0.001279
-8.986918	0.001280
-8.982991	0.001281
-8.979065	0.001283
-8.975138	0.001284
-8.971211	0.001285
-8.967284	0.001286
-8.963357	0.001287
-8.959430	0.001289
-8.955503	0.001290
-8.951576	0.001291
-8.947649	0.001292
-8.943722	0.001294
-8.939795	0.001295
-8.935868	0.001296
-8.931941	0.001297
-8.928014	0.001298
-8.924087	0.001300
-8.920160	0.001301
-8.916233	0.001302
-8.912306	0.001303
-8.908379	0.001305
-8.904452	0.001306
-8.900525	0.001307
-8.896598	0.001308
-8.892671	0.001310
-8.888744	0.001311
-8.884817	0.001312
-8.880890	0.001313
-8.876963	0.001315
-8.873036	0.001316
-8.869109	0.001317
-8.865182	0.001319
-8.861255	0.001320
-8.857328	0.001321
-8.853401	0.001322
-8.849474	0.001324
-8.845547	0.001325
-8.841620	0.001326
-8.837693	0.001327
-8.833766	0.001329
-8.829839	0.001330
-8.825912	0.001331
-8.821985	0.001333
-8.818058	0.001334
-8.814131	0.001335
-8.810204	0.001336
-8.806277	0.001338
-8.802350	0.001339
-8.798423	0.001340
-8.794496	0.001342
-8.790569	0.001343
-8.786642	0.001344
-8.782715	0.001346
-8.778788	0.001347
-8.774861	0.001348
-8.770934	0.001349
-8.767007	0.001351
-8.763080	0.001352
-8.759153	0.001353
-8.755226	0.001355
-8.751299	0.001356
-8.747372	0.001357
-8.743445	0.001359
-8.739518	0.001360
-8.735591	0.001361
-8.731664	0.001363
-8.727737	0.001364
-8.723810	0.001365
-8.719883	0.001367
-8.715956	0.001368
-8.712029	0.001369
-8.708102	0.001371
-8.704175	0.001372
-8.700248	0.001373
-8.696321	0.001375
-8.692394	0.001376
-8.688467	0.001378
-8.684540	0.001379
-8.680613	0.001380
-8.676686	0.001382
-8.672759	0.001383
-8.668832	0.001384
-8.664905	0.001386
-8.660978	0.001387
-8.657051	0.001388
-8.653124	0.001390
-8.649197	0.001391
-8.645270	0.001393
-8.641343	0.001394
-8.637416	0.001395
-8.633489	0.001397
-8.629562	0.001398
-8.625635	0.001399
-8.621708	0.001401
-8.617781	0.001402
-8.613854	0.001404
-8.609927	0.001405
-8.606000	0.001406
-8.602073	0.001408
-8.598146	0.001409
-8.594219	0.001411
-8.590292	0.001412
-8.586365	0.001413
-8.582438	0.001415
-8.578511	0.001416
-8.574584	0.001418
-8.570657	0.001419
-8.566730	0.001421
-8.562803	0.001422
-8.558876	0.001423
-8.554949	0.001425
-8.551023	0.001426
-8.547096	0.001428
-8.543169	0.001429
-8.539242	0.001431
-8.535315	0.001432
-8.531388	0.001433
-8.527461	0.001435
-8.523534	0.001436
-8.519607	0.001438
-8.515680	0.001439
-8.511753	0.001441
-8.507826	0.001442
-8.503899	0.001444
-8.499972	0.001445
-8.496045	0.001447
-8.492118	0.001448
-8.488191	0.001449
-8.484264	0.001451
-8.480337	0.001452
-8.476410	0.001454
-8.472483	0.001455
-8.468556	0.001457
-8.464629	0.001458
-8.460702	0.001460
-8.456775	0.001461
-8.452848	0.001463
-8.448921	0.001464
-8.444994	0.001466
-8.441067	0.001467
-8.437140	0.001469
-8.433213	0.001470
-8.429286	0.001472
-8.425359	0.001473
-8.421432	0.001475
-8.417505	0.001476
-8.413578	0.001478
-8.409651	0.001479
-8.405724	0.001481
-8.401797	0.001482
-8.397870	0.001484
-8.393943	0.001485
-8.390016	0.001487
-8.386089	0.001488
-8.382162	0.001490
-8.378235	0.001491
-8.374308	0.001493
-8.370381	0.001495
-8.366454	0.001496
-8.362527	0.001498
-8.358600	0.001499
-8.354673	0.001501
-8.350746	0.001502
-8.346819	0.001504
-8.342892	0.001505
-8.338965	0.001507
-8.335038	0.001508
-8.331111	0.001510
-8.327184	0.001512
-8.323257	0.001513
-8.319330	0.001515
-8.315403	0.001516
-8.311476	0.001518
-8.307549	0.001519
-8.303622	0.001521
-8.299695	0.001523
-8.295768	0.001524
-8.291841	0.001526
-8.287914	0.001527
-8.283987	0.001529
-8.280060	0.001531
-8.276133	0.001532
-8.272206	0.001534
-8.268279	0.001535
-8.264352	0.001537
-8.260425	0.001539
-8.256498	0.001540
-8.252571	0.001542
-8.248644	0.001543
-8.244717	0.001545
-8.240790	0.001547
-8.236863	0.001548
-8.232936	0.001550
-8.229009	0.001552
-8.225082	0.001553
-8.221155	0.001555
-8.217228	0.001556
-8.213301	0.001558
-8.209374	0.001560
-8.205447	0.001561
-8.201520	0.001563
-8.197593	0.001565
-8.193666	0.001566
-8.189739	0.001568
-8.185812	0.001570
-8.181885	0.001571
-8.177958	0.001573
-8.174031	0.001575
-8.170104	0.001576
-8.166177	0.001578
-8.162250	0.001580
-8.158323	0.001581
-8.154396	0.001583
-8.150469	0.001585
-8.146542	0.001586
-8.142615	0.001588
-8.138688	0.001590
-8.134761	0.001591
-8.130834	0.001593
-8.126907	0.001595
-8.122981	0.001597
-8.119054	0.001598
-8.115127	0.001600
-8.111200	0.001602
-8.107273	0.001603
-8.103346	0.001605
-8.099419	0.001607
-8.095492	0.001609
-8.091565	0.001610
-8.087638	0.001612
-8.083711	0.001614
-8.079784	0.001615
-8.075857	0.001617
-8.071930	0.001619
-8.068003	0.001621
-8.064076	0.001622
-8.060149	0.001624
-8.056222	0.001626
-8.052295	0.001628
-8.048368	0.001629
-8.044441	0.001631
-8.040514	0.001633
-8.036587	0.001635
-8.032660	0.001636
-8.028733	0.001638
-8.024806	0.001640
-8.020879	0.001642
-8.016952	0.001644
-8.013025	0.001645
-8.009098	0.001647
-8.005171	0.001649
-8.001244	0.001651
-7.997317	0.001653
-7.993390	0.001654
-7.989463	0.001656
-7.985536	0.001658
-7.981609	0.001660
-7.977682	0.001662
-7.973755	0.001663
-7.969828	0.001665
-7.965901	0.001667
-7.961974	0.001669
-7.958047	0.001671
-7.954120	0.001673
-7.950193	0.001674
-7.946266	0.001676
-7.942339	0.001678
-7.938412	0.001680
-7.934485	0.001682
-7.930558	0.001684
-7.926631	0.001685
-7.922704	0.001687
-7.918777	0.001689
-7.914850	0.001691
-7.910923	0.001693
-7.906996	0.001695
-7.903069	0.001697
-7.899142	0.001699
-7.895215	0.001700
-7.891288	0.001702
-7.887361	0.001704
-7.883434	0.001706
-7.879507	0.001708
-7.875580	0.001710
-7.871653	0.001712
-7.867726	0.001714
-7.863799	0.001716
-7.859872	0.001717
-7.855945	0.001719
-7.852018	0.001721
-7.848091	0.001723
-7.844164	0.001725
-7.840237	0.001727
-7.836310	0.001729
-7.832383	0.001731
-7.828456	0.001733
-7.824529	0.001735
-7.820602	0.001737
-7.816675	0.001739
-7.812748	0.001741
-7.808821	0.001743
-7.804894	0.001744
-7.800967	0.001746
-7.797040	0.001748
-7.793113	0.001750
-7.789186	0.001752
-7.785259	0.001754
-7.781332	0.001756
-7.777405	0.001758
-7.773478	0.001760
-7.769551	0.001762
-7.765624	0.001764
-7.761697	0.001766
-7.757770	0.001768
-7.753843	0.001770
-7.749916	0.001772
-7.745989	0.001774
-7.742062	0.001776
-7.738135	0.001778
-7.734208	0.001780
-7.730281	0.001782
-7.726354	0.001784
-7.722427	0.001786
-7.718500	0.001788
-7.714573	0.001790
-7.710646	0.001792
-7.706719	0.001794
-7.702792	0.001796
-7.698865	0.001799
-7.694939	0.001801
-7.691012	0.001803
-7.687085	0.001805
-7.683158	0.001807
-7.679231	0.001809
-7.675304	0.001811
-7.671377	0.001813
-7.667450	0.001815
-7.663523	0.001817
-7.659596	0.001819
-7.655669	0.001821
-7.651742	0.001823
-7.647815	0.001825
-7.643888	0.001828
-7.639961	0.001830
-7.636034	0.001832
-7.632107	0.001834
-7.628180	0.001836
-7.624253	0.001838
-7.620326	0.001840
-7.616399	0.001842
-7.612472	0.001845
-7.608545	0.001847
-7.604618	0.001849
-7.600691	0.001851
-7.596764	0.001853
-7.592837	0.001855
-7.588910	0.001857
-7.584983	0.001860
-7.581056	0.001862
-7.577129	0.001864
-7.573202	0.001866
-7.569275	0.001868
-7.565348	0.001870
-7.561421	0.001873
-7.557494	0.001875
-7.553567	0.001877
-7.549640	0.001879
-7.545713	0.001881
-7.541786	0.001884
-7.537859	0.001886
-7.533932	0.001888
-7.530005	0.001890
-7.526078	0.001892
-7.522151	0.001895
-7.518224	0.001897
-7.514297	0.001899
-7.510370	0.001901
-7.506443	0.001904
-7.502516	0.001906
-7.498589	0.001908
-7.494662	0.001910
-7.490735	0.001913
-7.486808	0.001915
-7.482881	0.001917
-7.478954	0.001919
-7.475027	0.001922
-7.471100	0.001924
-7.467173	0.001926
-7.463246	0.001929
-7.459319	0.001931
-7.455392	0.001933
-7.451465	0.001935
-7.447538	0.001938
-7.443611	0.001940
-7.439684	0.001942
-7.435757	0.001945
-7.431830	0.001947
-7.427903	0.001949
-7.423976	0.001952
-7.420049	0.001954
-7.416122	0.001956
-7.412195	0.001959
-7.408268	0.001961
-7.404341	0.001963
-7.400414	0.001966
-7.396487	0.001968
-7.392560	0.001971
-7.388633	0.001973
-7.384706	0.001975
-7.380779	0.001978
-7.376852	0.001980
-7.372925	0.001982
-7.368998	0.001985
-7.365071	0.001987
-7.361144	0.001990
-7.357217	0.001992
-7.353290	0.001994
-7.349363	0.001997
-7.345436	0.001999
-7.341509	0.002002
-7.337582	0.002004
-7.333655	0.002006
-7.329728	0.002009
-7.325801	0.002011
-7.321874	0.002014
-7.317947	0.002016
-7.314020	0.002019
-7.310093	0.002021
-7.306166	0.002024
-7.302239	0.002026
-7.298312	0.002028
-7.294385	0.002031
-7.290458	0.002033
-7.286531	0.002036
-7.282604	0.002038
-7.278677	0.002041
-7.274750	0.002043
-7.270823	0.002046
-7.266897	0.002048
-7.262970	0.002051
-7.259043	0.002053
-7.255116	0.002056
-7.251189	0.002059
-7.247262	0.002061
-7.243335	0.002064
-7.239408	0.002066
-7.235481	0.002069
-7.231554	0.002071
-7.227627	0.002074
-7.223700	0.002076
-7.219773	0.002079
-7.215846	0.002082
-7.211919	0.002084
-7.207992	0.002087
-7.204065	0.002089
-7.200138	0.002092
-7.196211	0.002095
-7.192284	0.002097
-7.188357	0.002100
-7.184430	0.002102
-7.180503	0.002105
-7.176576	0.002108
-7.172649	0.002110
-7.168722	0.002113
-7.164795	0.002115
-7.160868	0.002118
-7.156941	0.002121
-7.153014	0.002123
-7.149087	0.002126
-7.145160	0.002129
-7.141233	0.002131
-7.137306	0.002134
-7.133379	0.002137
-7.129452	0.002140
-7.125525	0.002142
-7.121598	0.002145
-7.117671	0.002148
-7.113744	0.002150
-7.109817	0.002153
-7.105890	0.002156
-7.101963	0.002159
-7.098036	0.002162
-7.094109	0.002164
-7.090182	0.002167
-7.086255	0.002170
-7.082328	0.002173
-7.078401	0.002175
-7.074474	0.002178
-7.070547	0.002181
-7.066620	0.002184
-7.062693	0.002187
-7.058766	0.002189
-7.054839	0.002192
-7.050912	0.002195
-7.046985	0.002198
-7.043058	0.002200
-7.039131	0.002203
-7.035204	0.002206
-7.031277	0.002209
-7.027350	0.002212
-7.023423	0.002215
-7.019496	0.002217
-7.015569	0.002220
-7.011642	0.002223
-7.007715	0.002226
-7.003788	0.002229
-6.999861	0.002232
-6.995934	0.002235
-6.992007	0.002237
-6.988080	0.002240
-6.984153	0.002243
-6.980226	0.002246
-6.976299	0.002249
-6.972372	0.002252
-6.968445	0.002255
-6.964518	0.002258
-6.960591	0.002261
-6.956664	0.002264
-6.952737	0.002267
-6.948810	0.002270
-6.944883	0.002273
-6.940956	0.002276
-6.937029	0.002279
-6.933102	0.002282
-6.929175	0.002285
-6.925248	0.002288
-6.921321	0.002291
-6.917394	0.002294
-6.913467	0.002297
-6.909540	0.002300
-6.905613	0.002303
-6.901686	0.002306
-6.897759	0.002309
-6.893832	0.002312
-6.889905	0.002315
-6.885978	0.002318
-6.882051	0.002321
-6.878124	0.002324
-6.874197	0.002327
-6.870270	0.002330
-6.866343	0.002333
-6.862416	0.002336
-6.858489	0.002339
-6.854562	0.002342
-6.850635	0.002345
-6.846708	0.002349
-6.842781	0.002352
-6.838855	0.002355
-6.834928	0.002358
-6.831001	0.002361
-6.827074	0.002364
-6.823147	0.002367
-6.819220	0.002371
-6.815293	0.002374
-6.811366	0.002377
-6.807439	0.002380
-6.803512	0.002383
-6.799585	0.002387
-6.795658	0.002390
-6.791731	0.002393
-6.787804	0.002396
-6.783877	0.002400
-6.779950	0.002403
-6.776023	0.002406
-6.772096	0.002409
-6.768169	0.002412
-6.764242	0.002416
-6.760315	0.002419
-6.756388	0.002422
-6.752461	0.002425
-6.748534	0.002429
-6.744607	0.002432
-6.740680	0.002435
-6.736753	0.002439
-6.732826	0.002442
-6.728899	0.002445
-6.724972	0.002449
-6.721045	0.002452
-6.717118	0.002455
-6.713191	0.002459
-6.709264	0.002462
-6.705337	0.002465
-6.701410	0.002469
-6.697483	0.002472
-6.693556	0.002476
-6.689629	0.002479
-6.685702	0.002483
-6.681775	0.002486
-6.677848	0.002489
-6.673921	0.002493
-6.669994	0.002496
-6.666067	0.002500
-6.662140	0.002503
-6.658213	0.002507
-6.654286	0.002511
-6.650359	0.002514
-6.646432	0.002518
-6.642505	0.002521
-6.638578	0.002525
-6.634651	0.002528
-6.630724	0.002532
-6.626797	0.002535
-6.622870	0.002539
-6.618943	0.002542
-6.615016	0.002546
-6.611089	0.002549
-6.607162	0.002553
-6.603235	0.002557
-6.599308	0.002560
-6.595381	0.002564
-6.591454	0.002567
-6.587527	0.002571
-6.583600	0.002574
-6.579673	0.002578
-6.575746	0.002582
-6.571819	0.002585
-6.567892	0.002589
-6.563965	0.002593
-6.560038	0.002596
-6.556111	0.002600
-6.552184	0.002604
-6.548257	0.002608
-6.544330	0.002611
-6.540403	0.002615
-6.536476	0.002619
-6.532549	0.002623
-6.528622	0.002626
-6.524695	0.002630
-6.520768	0.002634
-6.516841	0.002638
-6.512914	0.002642
-6.508987	0.002646
-6.505060	0.002649
-6.501133	0.002653
-6.497206	0.002657
-6.493279	0.002661
-6.489352	0.002665
-6.485425	0.002669
-6.481498	0.002672
-6.477571	0.002676
-6.473644	0.002680
-6.469717	0.002684
-6.465790	0.002688
-6.461863	0.002691
-6.457936	0.002695
-6.454009	0.002699
-6.450082	0.002703
-6.446155	0.002707
-6.442228	0.002711
-6.438301	0.002715
-6.434374	0.002719
-6.430447	0.002723
-6.426520	0.002727
-6.422593	0.002731
-6.418666	0.002735
-6.414739	0.002739
-6.410813	0.002743
-6.406886	0.002747
-6.402959	0.002751
-6.399032	0.002755
-6.395105	0.002759
-6.391178	0.002763
-6.387251	0.002767
-6.383324	0.002772
-6.379397	0.002776
-6.375470	0.002780
-6.371543	0.002784
-6.367616	0.002788
-6.363689	0.002792
-6.359762	0.002797
-6.355835	0.002801
-6.351908	0.002805
-6.347981	0.002809
-6.344054	0.002813
-6.340127	0.002817
-6.336200	0.002821
-6.332273	0.002825
-6.328346	0.002830
-6.324419	0.002834
-6.320492	0.002838
-6.316565	0.002842
-6.312638	0.002847
-6.308711	0.002851
-6.304784	0.002855
-6.300857	0.002859
-6.296930	0.002864
-6.293003	0.002868
-6.289076	0.002872
-6.285149	0.002877
-6.281222	0.002881
-6.277295	0.002886
-6.273368	0.002890
-6.269441	0.002895
-6.265514	0.002899
-6.261587	0.002904
-6.257660	0.002908
-6.253733	0.002913
-6.249806	0.002918
-6.245879	0.002922
-6.241952	0.002927
-6.238025	0.002932
-6.234098	0.002936
-6.230171	0.002941
-6.226244	0.002946
-6.222317	0.002950
-6.218390	0.002955
-6.214463	0.002960
-6.210536	0.002964
-6.206609	0.002969
-6.202682	0.002974
-6.198755	0.002978
-6.194828	0.002983
-6.190901	0.002988
-6.186974	0.002992
-6.183047	0.002997
-6.179120	0.003002
-6.175193	0.003007
-6.171266	0.003011
-6.167339	0.003016
-6.163412	0.003021
-6.159485	0.003026
-6.155558	0.003031
-6.151631	0.003035
-6.147704	0.003040
-6.143777	0.003045
-6.139850	0.003050
-6.135923	0.003056
-6.131996	0.003061
-6.128069	0.003066
-6.124142	0.003071
-6.120215	0.003076
-6.116288	0.003082
-6.112361	0.003087
-6.108434	0.003092
-6.104507	0.003098
-6.100580	0.003103
-6.096653	0.003108
-6.092726	0.003114
-6.088799	0.003119
-6.084872	0.003124
-6.080945	0.003129
-6.077018	0.003134
-6.073091	0.003139
-6.069164	0.003144
-6.065237	0.003149
-6.061310	0.003154
-6.057383	0.003159
-6.053456	0.003164
-6.049529	0.003169
-6.045602	0.003174
-6.041675	0.003179
-6.037748	0.003184
-6.033821	0.003189
-6.029894	0.003194
-6.025967	0.003199
-6.022040	0.003205
-6.018113	0.003210
-6.014186	0.003215
-6.010259	0.003221
-6.006332	0.003226
-6.002405	0.003232
-5.998478	0.003237
-5.994551	0.003243
-5.990624	0.003249
-5.986698	0.003255
-5.982771	0.003260
-5.978844	0.003266
-5.974917	0.003272
-5.970990	0.003278
-5.967063	0.003284
-5.963136	0.003290
-5.959209	0.003296
-5.955282	0.003302
-5.951355	0.003308
-5.947428	0.003314
-5.943501	0.003320
-5.939574	0.003326
-5.935647	0.003332
-5.931720	0.003338
-5.927793	0.003343
-5.923866	0.003349
-5.919939	0.003355
-5.916012	0.003361
-5.912085	0.003367
-5.908158	0.003373
-5.904231	0.003380
-5.900304	0.003386
-5.896377	0.003392
-5.892450	0.003399
-5.888523	0.003405
-5.884596	0.003412
-5.880669	0.003418
-5.876742	0.003425
-5.872815	0.003432
-5.868888	0.003439
-5.864961	0.003446
-5.861034	0.003453
-5.857107	0.003460
-5.853180	0.003468
-5.849253	0.003475
-5.845326	0.003483
-5.841399	0.003491
-5.837472	0.003499
-5.833545	0.003507
-5.829618	0.003515
-5.825691	0.003524
-5.821764	0.003532
-5.817837	0.003541
-5.813910	0.003550
-5.809983	0.003559
-5.806056	0.003569
-5.802129	0.003579
-5.798202	0.003589
-5.794275	0.003599
-5.790348	0.003610
-5.786421	0.003621
-5.782494	0.003633
-5.778567	0.003644
-5.774640	0.003656
-5.770713	0.003669
-5.766786	0.003681
-5.762859	0.003694
-5.758932	0.003708
-5.755005	0.003721
-5.751078	0.003735
-5.747151	0.003750
-5.743224	0.003764
-5.739297	0.003780
-5.735370	0.003796
-5.731443	0.003812
-5.727516	0.003829
-5.723589	0.003848
-5.719662	0.003867
-5.715735	0.003888
-5.711808	0.003910
-5.707881	0.003933
-5.703954	0.003959
-5.700027	0.003986
-5.696100	0.004016
-5.692173	0.004048
-5.688246	0.004082
-5.684319	0.004118
-5.680392	0.004156
-5.676465	0.004196
-5.672538	0.004238
-5.668611	0.004281
-5.664684	0.004324
-5.660757	0.004365
-5.656830	0.004405
-5.652903	0.004441
-5.648976	0.004471
-5.645049	0.004495
-5.641122	0.004512
-5.637195	0.004521
-5.633268	0.004523
-5.629341	0.004519
-5.625414	0.004508
-5.621487	0.004494
-5.617560	0.004477
-5.613633	0.004458
-5.609706	0.004440
-5.605779	0.004421
-5.601852	0.004404
-5.597925	0.004389
-5.593998	0.004375
-5.590071	0.004363
-5.586144	0.004351
-5.582217	0.004341
-5.578290	0.004331
-5.574363	0.004321
-5.570436	0.004312
-5.566509	0.004303
-5.562582	0.004293
-5.558656	0.004284
-5.554729	0.004275
-5.550802	0.004266
-5.546875	0.004257
-5.542948	0.004250
-5.539021	0.004243
-5.535094	0.004237
-5.531167	0.004232
-5.527240	0.004228
-5.523313	0.004225
-5.519386	0.004223
-5.515459	0.004222
-5.511532	0.004223
-5.507605	0.004224
-5.503678	0.004226
-5.499751	0.004229
-5.495824	0.004233
-5.491897	0.004238
-5.487970	0.004243
-5.484043	0.004250
-5.480116	0.004257
-5.476189	0.004265
-5.472262	0.004274
-5.468335	0.004283
-5.464408	0.004294
-5.460481	0.004305
-5.456554	0.004317
-5.452627	0.004329
-5.448700	0.004343
-5.444773	0.004357
-5.440846	0.004372
-5.436919	0.004388
-5.432992	0.004405
-5.429065	0.004423
-5.425138	0.004441
-5.421211	0.004461
-5.417284	0.004481
-5.413357	0.004502
-5.409430	0.004525
-5.405503	0.004548
-5.401576	0.004573
-5.397649	0.004599
-5.393722	0.004626
-5.389795	0.004655
-5.385868	0.004685
-5.381941	0.004716
-5.378014	0.004749
-5.374087	0.004784
-5.370160	0.004820
-5.366233	0.004858
-5.362306	0.004898
-5.358379	0.004940
-5.354452	0.004984
-5.350525	0.005030
-5.346598	0.005079
-5.342671	0.005131
-5.338744	0.005185
-5.334817	0.005243
-5.330890	0.005303
-5.326963	0.005365
-5.323036	0.005429
-5.319109	0.005494
-5.315182	0.005560
-5.311255	0.005624
-5.307328	0.005685
-5.303401	0.005740
-5.299474	0.005789
-5.295547	0.005827
-5.291620	0.005855
-5.287693	0.005870
-5.283766	0.005872
-5.279839	0.005861
-5.275912	0.005838
-5.271985	0.005806
-5.268058	0.005766
-5.264131	0.005720
-5.260204	0.005671
-5.256277	0.005621
-5.252350	0.005571
-5.248423	0.005523
-5.244496	0.005479
-5.240569	0.005437
-5.236642	0.005400
-5.232715	0.005366
-5.228788	0.005337
-5.224861	0.005311
-5.220934	0.005289
-5.217007	0.005269
-5.213080	0.005253
-5.209153	0.005239
-5.205226	0.005227
-5.201299	0.005218
-5.197372	0.005210
-5.193445	0.005203
-5.189518	0.005198
-5.185591	0.005193
-5.181664	0.005190
-5.177737	0.005187
-5.173810	0.005185
-5.169883	0.005184
-5.165956	0.005183
-5.162029	0.005182
-5.158102	0.005182
-5.154175	0.005183
-5.150248	0.005185
-5.146321	0.005188
-5.142394	0.005191
-5.138467	0.005197
-5.134540	0.005203
-5.130614	0.005211
-5.126687	0.005220
-5.122760	0.005230
-5.118833	0.005242
-5.114906	0.005255
-5.110979	0.005269
-5.107052	0.005285
-5.103125	0.005302
-5.099198	0.005320
-5.095271	0.005340
-5.091344	0.005361
-5.087417	0.005384
-5.083490	0.005409
-5.079563	0.005435
-5.075636	0.005463
-5.071709	0.005494
-5.067782	0.005527
-5.063855	0.005563
-5.059928	0.005602
-5.056001	0.005643
-5.052074	0.005688
-5.048147	0.005737
-5.044220	0.005789
-5.040293	0.005845
-5.036366	0.005906
-5.032439	0.005970
-5.028512	0.006039
-5.024585	0.006112
-5.020658	0.006189
-5.016731	0.006269
-5.012804	0.006352
-5.008877	0.006436
-5.004950	0.006521
-5.001023	0.006604
-4.997096	0.006685
-4.993169	0.006762
-4.989242	0.006833
-4.985315	0.006897
-4.981388	0.006955
-4.977461	0.007006
-4.973534	0.007049
-4.969607	0.007088
-4.965680	0.007121
-4.961753	0.007152
-4.957826	0.007180
-4.953899	0.007208
-4.949972	0.007236
-4.946045	0.007265
-4.942118	0.007293
-4.938191	0.007321
-4.934264	0.007349
-4.930337	0.007374
-4.926410	0.007396
-4.922483	0.007415
-4.918556	0.007429
-4.914629	0.007440
-4.910702	0.007445
-4.906775	0.007445
-4.902848	0.007441
-4.898921	0.007432
-4.894994	0.007419
-4.891067	0.007404
-4.887140	0.007386
-4.883213	0.007368
-4.879286	0.007351
-4.875359	0.007337
-4.871432	0.007328
-4.867505	0.007325
-4.863578	0.007329
-4.859651	0.007343
-4.855724	0.007365
-4.851797	0.007398
-4.847870	0.007440
-4.843943	0.007492
-4.840016	0.007553
-4.836089	0.007622
-4.832162	0.007697
-4.828235	0.007777
-4.824308	0.007858
-4.820381	0.007938
-4.816454	0.008012
-4.812527	0.008077
-4.808600	0.008129
-4.804673	0.008164
-4.800746	0.008179
-4.796819	0.008174
-4.792892	0.008148
-4.788965	0.008103
-4.785038	0.008042
-4.781111	0.007969
-4.777184	0.007889
-4.773257	0.007804
-4.769330	0.007719
-4.765403	0.007636
-4.761476	0.007557
-4.757549	0.007484
-4.753622	0.007418
-4.749695	0.007360
-4.745768	0.007309
-4.741841	0.007265
-4.737914	0.007229
-4.733987	0.007200
-4.730060	0.007177
-4.726133	0.007161
-4.722206	0.007151
-4.718279	0.007147
-4.714352	0.007147
-4.710425	0.007153
-4.706498	0.007163
-4.702572	0.007177
-4.698645	0.007194
-4.694718	0.007215
-4.690791	0.007239
-4.686864	0.007267
-4.682937	0.007297
-4.679010	0.007332
-4.675083	0.007370
-4.671156	0.007412
-4.667229	0.007458
-4.663302	0.007509
-4.659375	0.007566
-4.655448	0.007628
-4.651521	0.007695
-4.647594	0.007767
-4.643667	0.007845
-4.639740	0.007927
-4.635813	0.008013
-4.631886	0.008102
-4.627959	0.008192
-4.624032	0.008280
-4.620105	0.008366
-4.616178	0.008447
-4.612251	0.008521
-4.608324	0.008586
-4.604397	0.008641
-4.600470	0.008685
-4.596543	0.008719
-4.592616	0.008742
-4.588689	0.008757
-4.584762	0.008765
-4.580835	0.008769
-4.576908	0.008771
-4.572981	0.008773
-4.569054	0.008779
-4.565127	0.008789
-4.561200	0.008806
-4.557273	0.008830
-4.553346	0.008863
-4.549419	0.008905
-4.545492	0.008956
-4.541565	0.009015
-4.537638	0.009084
-4.533711	0.009159
-4.529784	0.009242
-4.525857	0.009329
-4.521930	0.009419
-4.518003	0.009509
-4.514076	0.009597
-4.510149	0.009681
-4.506222	0.009758
-4.502295	0.009828
-4.498368	0.009888
-4.494441	0.009940
-4.490514	0.009982
-4.486587	0.010017
-4.482660	0.010045
-4.478733	0.010068
-4.474806	0.010088
-4.470879	0.010106
-4.466952	0.010126
-4.463025	0.010148
-4.459098	0.010175
-4.455171	0.010209
-4.451244	0.010249
-4.447317	0.010295
-4.443390	0.010347
-4.439463	0.010401
-4.435536	0.010456
-4.431609	0.010509
-4.427682	0.010557
-4.423755	0.010596
-4.419828	0.010624
-4.415901	0.010641
-4.411974	0.010645
-4.408047	0.010636
-4.404120	0.010616
-4.400193	0.010587
-4.396266	0.010551
-4.392339	0.010511
-4.388412	0.010470
-4.384485	0.010431
-4.380558	0.010396
-4.376631	0.010369
-4.372704	0.010351
-4.368777	0.010344
-4.364850	0.010349
-4.360923	0.010367
-4.356996	0.010397
-4.353069	0.010439
-4.349142	0.010491
-4.345215	0.010551
-4.341288	0.010616
-4.337361	0.010682
-4.333434	0.010744
-4.329507	0.010797
-4.325580	0.010838
-4.321653	0.010861
-4.317726	0.010866
-4.313799	0.010850
-4.309872	0.010816
-4.305945	0.010766
-4.302018	0.010703
-4.298091	0.010632
-4.294164	0.010558
-4.290237	0.010483
-4.286310	0.010410
-4.282383	0.010344
-4.278456	0.010284
-4.274530	0.010233
-4.270603	0.010191
-4.266676	0.010157
-4.262749	0.010133
-4.258822	0.010118
-4.254895	0.010112
-4.250968	0.010114
-4.247041	0.010125
-4.243114	0.010143
-4.239187	0.010170
-4.235260	0.010204
-4.231333	0.010246
-4.227406	0.010297
-4.223479	0.010357
-4.219552	0.010426
-4.215625	0.010505
-4.211698	0.010595
-4.207771	0.010696
-4.203844	0.010809
-4.199917	0.010935
-4.195990	0.011075
-4.192063	0.011229
-4.188136	0.011398
-4.184209	0.011582
-4.180282	0.011782
-4.176355	0.011997
-4.172428	0.012227
-4.168501	0.012470
-4.164574	0.012724
-4.160647	0.012986
-4.156720	0.013250
-4.152793	0.013512
-4.148866	0.013764
-4.144939	0.013999
-4.141012	0.014209
-4.137085	0.014387
-4.133158	0.014526
-4.129231	0.014623
-4.125304	0.014679
-4.121377	0.014695
-4.117450	0.014678
-4.113523	0.014637
-4.109596	0.014580
-4.105669	0.014518
-4.101742	0.014460
-4.097815	0.014413
-4.093888	0.014383
-4.089961	0.014376
-4.086034	0.014394
-4.082107	0.014440
-4.078180	0.014515
-4.074253	0.014619
-4.070326	0.014750
-4.066399	0.014905
-4.062472	0.015083
-4.058545	0.015277
-4.054618	0.015484
-4.050691	0.015697
-4.046764	0.015909
-4.042837	0.016114
-4.038910	0.016305
-4.034983	0.016478
-4.031056	0.016627
-4.027129	0.016748
-4.023202	0.016840
-4.019275	0.016903
-4.015348	0.016939
-4.011421	0.016952
-4.007494	0.016949
-4.003567	0.016938
-3.999640	0.016926
-3.995713	0.016922
-3.991786	0.016930
-3.987859	0.016957
-3.983932	0.017005
-3.980005	0.017072
-3.976078	0.017156
-3.972151	0.017252
-3.968224	0.017351
-3.964297	0.017445
-3.960370	0.017522
-3.956443	0.017575
-3.952516	0.017593
-3.948589	0.017572
-3.944662	0.017508
-3.940735	0.017402
-3.936808	0.017257
-3.932881	0.017079
-3.928954	0.016875
-3.925027	0.016654
-3.921100	0.016423
-3.917173	0.016189
-3.913246	0.015961
-3.909319	0.015743
-3.905392	0.015540
-3.901465	0.015355
-3.897538	0.015189
-3.893611	0.015044
-3.889684	0.014919
-3.885757	0.014813
-3.881830	0.014725
-3.877903	0.014653
-3.873976	0.014594
-3.870049	0.014546
-3.866122	0.014506
-3.862195	0.014472
-3.858268	0.014443
-3.854341	0.014418
-3.850414	0.014394
-3.846488	0.014372
-3.842561	0.014352
-3.838634	0.014334
-3.834707	0.014317
-3.830780	0.014303
-3.826853	0.014293
-3.822926	0.014288
-3.818999	0.014289
-3.815072	0.014297
-3.811145	0.014313
-3.807218	0.014338
-3.803291	0.014372
-3.799364	0.014417
-3.795437	0.014472
-3.791510	0.014538
-3.787583	0.014615
-3.783656	0.014703
-3.779729	0.014804
-3.775802	0.014917
-3.771875	0.015043
-3.767948	0.015182
-3.764021	0.015336
-3.760094	0.015505
-3.756167	0.015691
-3.752240	0.015896
-3.748313	0.016121
-3.744386	0.016368
-3.740459	0.016639
-3.736532	0.016935
-3.732605	0.017259
-3.728678	0.017612
-3.724751	0.017994
-3.720824	0.018407
-3.716897	0.018849
-3.712970	0.019319
-3.709043	0.019814
-3.705116	0.020330
-3.701189	0.020860
-3.697262	0.021396
-3.693335	0.021925
-3.689408	0.022436
-3.685481	0.022912
-3.681554	0.023339
-3.677627	0.023701
-3.673700	0.023988
-3.669773	0.024192
-3.665846	0.024312
-3.661919	0.024353
-3.657992	0.024326
-3.654065	0.024247
-3.650138	0.024132
-3.646211	0.023999
-3.642284	0.023865
-3.638357	0.023743
-3.634430	0.023642
-3.630503	0.023570
-3.626576	0.023529
-3.622649	0.023521
-3.618722	0.023543
-3.614795	0.023590
-3.610868	0.023658
-3.606941	0.023736
-3.603014	0.023817
-3.599087	0.023889
-3.595160	0.023943
-3.591233	0.023971
-3.587306	0.023965
-3.583379	0.023922
-3.579452	0.023840
-3.575525	0.023722
-3.571598	0.023570
-3.567671	0.023391
-3.563744	0.023193
-3.559817	0.022983
-3.555890	0.022771
-3.551963	0.022565
-3.548036	0.022371
-3.544109	0.022195
-3.540182	0.022041
-3.536255	0.021910
-3.532328	0.021803
-3.528401	0.021720
-3.524474	0.021658
-3.520547	0.021615
-3.516620	0.021589
-3.512693	0.021576
-3.508766	0.021575
-3.504839	0.021580
-3.500912	0.021588
-3.496985	0.021595
-3.493058	0.021598
-3.489131	0.021593
-3.485204	0.021577
-3.481277	0.021552
-3.477350	0.021515
-3.473423	0.021469
-3.469496	0.021416
-3.465569	0.021358
-3.461642	0.021299
-3.457715	0.021241
-3.453788	0.021190
-3.449861	0.021146
-3.445934	0.021114
-3.442007	0.021096
-3.438080	0.021091
-3.434153	0.021100
-3.430226	0.021123
-3.426299	0.021158
-3.422372	0.021202
-3.418446	0.021253
-3.414519	0.021310
-3.410592	0.021371
-3.406665	0.021434
-3.402738	0.021500
-3.398811	0.021569
-3.394884	0.021643
-3.390957	0.021720
-3.387030	0.021804
-3.383103	0.021894
-3.379176	0.021991
-3.375249	0.022095
-3.371322	0.022206
-3.367395	0.022324
-3.363468	0.022450
-3.359541	0.022583
-3.355614	0.022724
-3.351687	0.022873
-3.347760	0.023029
-3.343833	0.023192
-3.339906	0.023362
-3.335979	0.023536
-3.332052	0.023716
-3.328125	0.023900
-3.324198	0.024088
-3.320271	0.024283
-3.316344	0.024486
-3.312417	0.024700
-3.308490	0.024926
-3.304563	0.025167
-3.300636	0.025423
-3.296709	0.025692
-3.292782	0.025972
-3.288855	0.026258
-3.284928	0.026544
-3.281001	0.026824
-3.277074	0.027091
-3.273147	0.027341
-3.269220	0.027570
-3.265293	0.027780
-3.261366	0.027974
-3.257439	0.028158
-3.253512	0.028341
-3.249585	0.028531
-3.245658	0.028739
-3.241731	0.028972
-3.237804	0.029238
-3.233877	0.029541
-3.229950	0.029885
-3.226023	0.030271
-3.222096	0.030696
-3.218169	0.031156
-3.214242	0.031645
-3.210315	0.032156
-3.206388	0.032677
-3.202461	0.033195
-3.198534	0.033697
-3.194607	0.034168
-3.190680	0.034591
-3.186753	0.034953
-3.182826	0.035242
-3.178899	0.035451
-3.174972	0.035580
-3.171045	0.035632
-3.167118	0.035617
-3.163191	0.035547
-3.159264	0.035437
-3.155337	0.035300
-3.151410	0.035148
-3.147483	0.034992
-3.143556	0.034842
-3.139629	0.034708
-3.135702	0.034597
-3.131775	0.034518
-3.127848	0.034477
-3.123921	0.034478
-3.119994	0.034525
-3.116067	0.034618
-3.112140	0.034753
-3.108213	0.034925
-3.104286	0.035124
-3.100359	0.035337
-3.096432	0.035551
-3.092505	0.035752
-3.088578	0.035924
-3.084651	0.036056
-3.080724	0.036139
-3.076797	0.036169
-3.072870	0.036144
-3.068943	0.036068
-3.065016	0.035947
-3.061089	0.035789
-3.057162	0.035606
-3.053235	0.035407
-3.049308	0.035202
-3.045381	0.035002
-3.041454	0.034815
-3.037527	0.034649
-3.033600	0.034512
-3.029673	0.034408
-3.025746	0.034341
-3.021819	0.034315
-3.017892	0.034331
-3.013965	0.034388
-3.010038	0.034485
-3.006111	0.034620
-3.002184	0.034787
-2.998257	0.034980
-2.994330	0.035192
-2.990404	0.035413
-2.986477	0.035631
-2.982550	0.035837
-2.978623	0.036021
-2.974696	0.036176
-2.970769	0.036296
-2.966842	0.036383
-2.962915	0.036438
-2.958988	0.036470
-2.955061	0.036487
-2.951134	0.036498
-2.947207	0.036513
-2.943280	0.036540
-2.939353	0.036585
-2.935426	0.036654
-2.931499	0.036750
-2.927572	0.036875
-2.923645	0.037031
-2.919718	0.037218
-2.915791	0.037437
-2.911864	0.037688
-2.907937	0.037972
-2.904010	0.038290
-2.900083	0.038644
-2.896156	0.039035
-2.892229	0.039465
-2.888302	0.039936
-2.884375	0.040447
-2.880448	0.040999
-2.876521	0.041589
-2.872594	0.042213
-2.868667	0.042867
-2.864740	0.043541
-2.860813	0.044226
-2.856886	0.044910
-2.852959	0.045579
-2.849032	0.046217
-2.845105	0.046812
-2.841178	0.047351
-2.837251	0.047824
-2.833324	0.048228
-2.829397	0.048565
-2.825470	0.048841
-2.821543	0.049069
-2.817616	0.049267
-2.813689	0.049451
-2.809762	0.049640
-2.805835	0.049852
-2.801908	0.050098
-2.797981	0.050392
-2.794054	0.050738
-2.790127	0.051141
-2.786200	0.051603
-2.782273	0.052121
-2.778346	0.052694
-2.774419	0.053316
-2.770492	0.053986
-2.766565	0.054698
-2.762638	0.055450
-2.758711	0.056239
-2.754784	0.057062
-2.750857	0.057912
-2.746930	0.058785
-2.743003	0.059672
-2.739076	0.060562
-2.735149	0.061442
-2.731222	0.062299
-2.727295	0.063119
-2.723368	0.063892
-2.719441	0.064609
-2.715514	0.065270
-2.711587	0.065881
-2.707660	0.066452
-2.703733	0.066997
-2.699806	0.067534
-2.695879	0.068074
-2.691952	0.068627
-2.688025	0.069196
-2.684098	0.069778
-2.680171	0.070363
-2.676244	0.070939
-2.672317	0.071491
-2.668390	0.072003
-2.664463	0.072460
-2.660536	0.072850
-2.656609	0.073163
-2.652682	0.073397
-2.648755	0.073552
-2.644828	0.073637
-2.640901	0.073665
-2.636974	0.073655
-2.633047	0.073630
-2.629120	0.073611
-2.625193	0.073625
-2.621266	0.073690
-2.617339	0.073827
-2.613412	0.074047
-2.609485	0.074361
-2.605558	0.074770
-2.601631	0.075272
-2.597704	0.075859
-2.593777	0.076517
-2.589850	0.077227
-2.585923	0.077963
-2.581996	0.078700
-2.578069	0.079410
-2.574142	0.080066
-2.570215	0.080648
-2.566288	0.081144
-2.562362	0.081549
-2.558435	0.081868
-2.554508	0.082117
-2.550581	0.082315
-2.546654	0.082486
-2.542727	0.082656
-2.538800	0.082848
-2.534873	0.083084
-2.530946	0.083381
-2.527019	0.083752
-2.523092	0.084208
-2.519165	0.084754
-2.515238	0.085393
-2.511311	0.086125
-2.507384	0.086948
-2.503457	0.087859
-2.499530	0.088851
-2.495603	0.089921
-2.491676	0.091062
-2.487749	0.092268
-2.483822	0.093535
-2.479895	0.094856
-2.475968	0.096227
-2.472041	0.097640
-2.468114	0.099092
-2.464187	0.100578
-2.460260	0.102092
-2.456333	0.103634
-2.452406	0.105203
-2.448479	0.106802
-2.444552	0.108437
-2.440625	0.110116
-2.436698	0.111850
-2.432771	0.113654
-2.428844	0.115542
-2.424917	0.117528
-2.420990	0.119623
-2.417063	0.121836
-2.413136	0.124173
-2.409209	0.126633
-2.405282	0.129212
-2.401355	0.131900
-2.397428	0.134683
-2.393501	0.137543
-2.389574	0.140457
-2.385647	0.143397
-2.381720	0.146334
-2.377793	0.149232
-2.373866	0.152059
-2.369939	0.154781
-2.366012	0.157371
-2.362085	0.159813
-2.358158	0.162103
-2.354231	0.164254
-2.350304	0.166296
-2.346377	0.168273
-2.342450	0.170241
-2.338523	0.172257
-2.334596	0.174378
-2.330669	0.176655
-2.326742	0.179124
-2.322815	0.181808
-2.318888	0.184712
-2.314961	0.187824
-2.311034	0.191116
-2.307107	0.194543
-2.303180	0.198051
-2.299253	0.201579
-2.295326	0.205064
-2.291399	0.208448
-2.287472	0.211688
-2.283545	0.214760
-2.279618	0.217663
-2.275691	0.220422
-2.271764	0.223083
-2.267837	0.225710
-2.263910	0.228373
-2.259983	0.231144
-2.256056	0.234084
-2.252129	0.237239
-2.248202	0.240635
-2.244275	0.244277
-2.240348	0.248152
-2.236421	0.252228
-2.232494	0.256462
-2.228567	0.260805
-2.224640	0.265212
-2.220713	0.269646
-2.216786	0.274090
-2.212859	0.278545
-2.208932	0.283036
-2.205005	0.287603
-2.201078	0.292302
-2.197151	0.297193
-2.193224	0.302337
-2.189297	0.307794
-2.185370	0.313616
-2.181443	0.319850
-2.177516	0.326539
-2.173589	0.333723
-2.169662	0.341440
-2.165735	0.349727
-2.161808	0.358617
-2.157881	0.368143
-2.153954	0.378333
-2.150027	0.389214
-2.146100	0.400812
-2.142173	0.413152
-2.138246	0.426260
-2.134320	0.440168
-2.130393	0.454913
-2.126466	0.470545
-2.122539	0.487126
-2.118612	0.504737
-2.114685	0.523479
-2.110758	0.543475
-2.106831	0.564869
-2.102904	0.587829
-2.098977	0.612538
-2.095050	0.639200
-2.091123	0.668034
-2.087196	0.699276
-2.083269	0.733180
-2.079342	0.770022
-2.075415	0.810099
-2.071488	0.853736
-2.067561	0.901284
-2.063634	0.953124
-2.059707	1.009665
-2.055780	1.071338
-2.051853	1.138596
-2.047926	1.211893
-2.043999	1.291674
-2.040072	1.378339
-2.036145	1.472210
-2.032218	1.573477
-2.028291	1.682134
-2.024364	1.797904
-2.020437	1.920160
-2.016510	2.047858
-2.012583	2.179489
-2.008656	2.313088
-2.004729	2.446302
-2.000802	2.576540
-1.996875	2.701170
-1.992948	2.817736
-1.989021	2.924137
-1.985094	3.018716
-1.981167	3.100272
-1.977240	3.168006
-1.973313	3.221476
-1.969386	3.260600
-1.965459	3.285710
-1.961532	3.297633
-1.957605	3.297727
-1.953678	3.287848
-1.949751	3.270215
-1.945824	3.247191
-1.941897	3.221014
-1.937970	3.193519
-1.934043	3.165899
-1.930116	3.138554
-1.926189	3.111092
-1.922262	3.082488
-1.918335	3.051423
-1.914408	3.016721
-1.910481	2.977800
-1.906554	2.934988
-1.902627	2.889598
-1.898700	2.843719
-1.894773	2.799758
-1.890846	2.759868
-1.886919	2.725405
-1.882992	2.696565
-1.879065	2.672267
-1.875138	2.650344
-1.871211	2.628016
-1.867284	2.602605
-1.863357	2.572355
-1.859430	2.537111
-1.855503	2.498492
-1.851576	2.459360
-1.847649	2.422776
-1.843722	2.390954
-1.839795	2.364703
-1.835868	2.343489
-1.831941	2.325895
-1.828014	2.310212
-1.824087	2.294905
-1.820160	2.278891
-1.816233	2.261617
-1.812306	2.242990
-1.808379	2.223247
-1.804452	2.202793
-1.800525	2.182076
-1.796598	2.161498
-1.792671	2.141372
-1.788744	2.121915
-1.784817	2.103259
-1.780890	2.085479
-1.776963	2.068602
-1.773036	2.052629
-1.769109	2.037530
-1.765182	2.023255
-1.761255	2.009721
-1.757328	1.996821
-1.753401	1.984414
-1.749474	1.972339
-1.745547	1.960416
-1.741620	1.948467
-1.737693	1.936329
-1.733766	1.923878
-1.729839	1.911050
-1.725912	1.897855
-1.721985	1.884381
-1.718058	1.870783
-1.714131	1.857251
-1.710205	1.843984
-1.706278	1.831150
-1.702351	1.818874
-1.698424	1.807222
-1.694497	1.796203
-1.690570	1.785775
-1.686643	1.775848
-1.682716	1.766299
-1.678789	1.756985
-1.674862	1.747769
-1.670935	1.738534
-1.667008	1.729208
-1.663081	1.719766
-1.659154	1.710233
-1.655227	1.700675
-1.651300	1.691179
-1.647373	1.681843
-1.643446	1.672756
-1.639519	1.663989
-1.635592	1.655590
-1.631665	1.647585
-1.627738	1.639978
-1.623811	1.632752
-1.619884	1.625871
-1.615957	1.619275
-1.612030	1.612883
-1.608103	1.606595
-1.604176	1.600299
-1.600249	1.593886
-1.596322	1.587269
-1.592395	1.580397
-1.588468	1.573270
-1.584541	1.565939
-1.580614	1.558501
-1.576687	1.551082
-1.572760	1.543820
-1.568833	1.536847
-1.564906	1.530268
-1.560979	1.524158
-1.557052	1.518547
-1.553125	1.513419
-1.549198	1.508700
-1.545271	1.504245
-1.541344	1.499843
-1.537417	1.495242
-1.533490	1.490204
-1.529563	1.484582
-1.525636	1.478388
-1.521709	1.471803
-1.517782	1.465136
-1.513855	1.458723
-1.509928	1.452829
-1.506001	1.447582
-1.502074	1.442955
-1.498147	1.438797
-1.494220	1.434891
-1.490293	1.431018
-1.486366	1.427006
-1.482439	1.422758
-1.478512	1.418259
-1.474585	1.413559
-1.470658	1.408745
-1.466731	1.403912
-1.462804	1.399142
-1.458877	1.394495
-1.454950	1.390002
-1.451023	1.385669
-1.447096	1.381488
-1.443169	1.377437
-1.439242	1.373491
-1.435315	1.369624
-1.431388	1.365811
-1.427461	1.362034
-1.423534	1.358276
-1.419607	1.354526
-1.415680	1.350776
-1.411753	1.347023
-1.407826	1.343266
-1.403899	1.339509
-1.399972	1.335762
-1.396045	1.332035
-1.392118	1.328344
-1.388191	1.324706
-1.384264	1.321135
-1.380337	1.317642
-1.376410	1.314235
-1.372483	1.310911
-1.368556	1.307659
-1.364629	1.304464
-1.360702	1.301307
-1.356775	1.298173
-1.352848	1.295051
-1.348921	1.291937
-1.344994	1.288834
-1.341067	1.285749
-1.337140	1.282691
-1.333213	1.279668
-1.329286	1.276684
-1.325359	1.273743
-1.321432	1.270844
-1.317505	1.267986
-1.313578	1.265163
-1.309651	1.262371
-1.305724	1.259604
-1.301797	1.256856
-1.297870	1.254124
-1.293943	1.251404
-1.290016	1.248693
-1.286089	1.245992
-1.282163	1.243301
-1.278236	1.240622
-1.274309	1.237956
-1.270382	1.235304
-1.266455	1.232669
-1.262528	1.230049
-1.258601	1.227445
-1.254674	1.224854
-1.250747	1.222275
-1.246820	1.219706
-1.242893	1.217145
-1.238966	1.214588
-1.235039	1.212036
-1.231112	1.209485
-1.227185	1.206936
-1.223258	1.204389
-1.219331	1.201844
-1.215404	1.199301
-1.211477	1.196762
-1.207550	1.194230
-1.203623	1.191710
-1.199696	1.189209
-1.195769	1.186734
-1.191842	1.184296
-1.187915	1.181902
-1.183988	1.179561
-1.180061	1.177274
-1.176134	1.175041
-1.172207	1.172857
-1.168280	1.170717
-1.164353	1.168615
-1.160426	1.166545
-1.156499	1.164506
-1.152572	1.162499
-1.148645	1.160525
-1.144718	1.158587
-1.140791	1.156685
-1.136864	1.154815
-1.132937	1.152971
-1.129010	1.151146
-1.125083	1.149332
-1.121156	1.147522
-1.117229	1.145715
-1.113302	1.143914
-1.109375	1.142123
-1.105448	1.140345
-1.101521	1.138585
-1.097594	1.136841
-1.093667	1.135111
-1.089740	1.133390
-1.085813	1.131673
-1.081886	1.129956
-1.077959	1.128235
-1.074032	1.126513
-1.070105	1.124789
-1.066178	1.123067
-1.062251	1.121351
-1.058324	1.119643
-1.054397	1.117945
-1.050470	1.116263
-1.046543	1.114601
-1.042616	1.112969
-1.038689	1.111381
-1.034762	1.109853
-1.030835	1.108405
-1.026908	1.107055
-1.022981	1.105810
-1.019054	1.104667
-1.015127	1.103604
-1.011200	1.102584
-1.007273	1.101562
-1.003346	1.100492
-0.999419	1.099346
-0.995492	1.098111
-0.991565	1.096796
-0.987638	1.095427
-0.983711	1.094032
-0.979784	1.092637
-0.975857	1.091259
-0.971930	1.089906
-0.968003	1.088581
-0.964076	1.087278
-0.960149	1.085994
-0.956222	1.084722
-0.952295	1.083458
-0.948368	1.082200
-0.944441	1.080946
-0.940514	1.079695
-0.936587	1.078448
-0.932660	1.077205
-0.928733	1.075966
-0.924806	1.074733
-0.920879	1.073505
-0.916952	1.072283
-0.913025	1.071068
-0.909098	1.069860
-0.905171	1.068660
-0.901244	1.067467
-0.897317	1.066281
-0.893390	1.065104
-0.889463	1.063934
-0.885536	1.062772
-0.881609	1.061617
-0.877682	1.060469
-0.873755	1.059329
-0.869828	1.058195
-0.865901	1.057067
-0.861974	1.055946
-0.858047	1.054830
-0.854121	1.053721
-0.850194	1.052617
-0.846267	1.051520
-0.842340	1.050429
-0.838413	1.049346
-0.834486	1.048272
-0.830559	1.047206
-0.826632	1.046150
-0.822705	1.045105
-0.818778	1.044070
-0.814851	1.043046
-0.810924	1.042033
-0.806997	1.041031
-0.803070	1.040040
-0.799143	1.039058
-0.795216	1.038087
-0.791289	1.037124
-0.787362	1.036171
-0.783435	1.035226
-0.779508	1.034289
-0.775581	1.033360
-0.771654	1.032439
-0.767727	1.031525
-0.763800	1.030617
-0.759873	1.029716
-0.755946	1.028821
-0.752019	1.027931
-0.748092	1.027047
-0.744165	1.026168
-0.740238	1.025293
-0.736311	1.024422
-0.732384	1.023554
-0.728457	1.022688
-0.724530	1.021823
-0.720603	1.020958
-0.716676	1.020093
-0.712749	1.019225
-0.708822	1.018353
-0.704895	1.017474
-0.700968	1.016588
-0.697041	1.015691
-0.693114	1.014780
-0.689187	1.013855
-0.685260	1.012912
-0.681333	1.011951
-0.677406	1.010969
-0.673479	1.009969
-0.669552	1.008952
-0.665625	1.007923
-0.661698	1.006889
-0.657771	1.005859
-0.653844	1.004842
-0.649917	1.003850
-0.645990	1.002892
-0.642063	1.001976
-0.638136	1.001108
-0.634209	1.000288
-0.630282	0.999517
-0.626355	0.998790
-0.622428	0.998103
-0.618501	0.997450
-0.614574	0.996826
-0.610647	0.996225
-0.606720	0.995642
-0.602793	0.995073
-0.598866	0.994515
-0.594939	0.993965
-0.591012	0.993422
-0.587085	0.992883
-0.583158	0.992347
-0.579231	0.991815
-0.575304	0.991285
-0.571377	0.990757
-0.567450	0.990231
-0.563523	0.989707
-0.559596	0.989185
-0.555669	0.988664
-0.551742	0.988145
-0.547815	0.987628
-0.543888	0.987114
-0.539961	0.986601
-0.536034	0.986090
-0.532107	0.985582
-0.528180	0.985075
-0.524253	0.984571
-0.520326	0.984068
-0.516399	0.983567
-0.512472	0.983067
-0.508545	0.982569
-0.504618	0.982071
-0.500691	0.981574
-0.496764	0.981077
-0.492837	0.980580
-0.488910	0.980084
-0.484983	0.979587
-0.481056	0.979091
-0.477129	0.978596
-0.473202	0.978102
-0.469275	0.977611
-0.465348	0.977124
-0.461421	0.976641
-0.457494	0.976163
-0.453567	0.975691
-0.449640	0.975226
-0.445713	0.974768
-0.441786	0.974317
-0.437859	0.973873
-0.433932	0.973436
-0.430005	0.973006
-0.426079	0.972583
-0.422152	0.972165
-0.418225	0.971754
-0.414298	0.971348
-0.410371	0.970947
-0.406444	0.970551
-0.402517	0.970159
-0.398590	0.969773
-0.394663	0.969390
-0.390736	0.969012
-0.386809	0.968638
-0.382882	0.968269
-0.378955	0.967903
-0.375028	0.967541
-0.371101	0.967183
-0.367174	0.966829
-0.363247	0.966479
-0.359320	0.966132
-0.355393	0.965789
-0.351466	0.965450
-0.347539	0.965114
-0.343612	0.964781
-0.339685	0.964452
-0.335758	0.964126
-0.331831	0.963804
-0.327904	0.963484
-0.323977	0.963167
-0.320050	0.962853
-0.316123	0.962542
-0.312196	0.962235
-0.308269	0.961930
-0.304342	0.961628
-0.300415	0.961331
-0.296488	0.961037
-0.292561	0.960748
-0.288634	0.960464
-0.284707	0.960185
-0.280780	0.959911
-0.276853	0.959643
-0.272926	0.959380
-0.268999	0.959123
-0.265072	0.958871
-0.261145	0.958624
-0.257218	0.958382
-0.253291	0.958144
-0.249364	0.957911
-0.245437	0.957682
-0.241510	0.957456
-0.237583	0.957235
-0.233656	0.957017
-0.229729	0.956803
-0.225802	0.956593
-0.221875	0.956386
-0.217948	0.956183
-0.214021	0.955983
-0.210094	0.955787
-0.206167	0.955594
-0.202240	0.955405
-0.198313	0.955220
-0.194386	0.955037
-0.190459	0.954859
-0.186532	0.954683
-0.182605	0.954511
-0.178678	0.954343
-0.174751	0.954177
-0.170824	0.954015
-0.166897	0.953856
-0.162970	0.953700
-0.159043	0.953548
-0.155116	0.953398
-0.151189	0.953252
-0.147262	0.953109
-0.143335	0.952969
-0.139408	0.952833
-0.135481	0.952700
-0.131554	0.952571
-0.127627	0.952446
-0.123700	0.952326
-0.119773	0.952210
-0.115846	0.952100
-0.111919	0.951996
-0.107992	0.951897
-0.104065	0.951803
-0.100138	0.951715
-0.096211	0.951631
-0.092284	0.951552
-0.088357	0.951476
-0.084430	0.951403
-0.080503	0.951332
-0.076576	0.951263
-0.072649	0.951194
-0.068722	0.951126
-0.064795	0.951056
-0.060868	0.950984
-0.056941	0.950908
-0.053014	0.950827
-0.049087	0.950739
-0.045160	0.950642
-0.041233	0.950535
-0.037306	0.950417
-0.033379	0.950286
-0.029452	0.950143
-0.025525	0.949991
-0.021598	0.949833
-0.017671	0.949677
-0.013744	0.949532
-0.009817	0.949409
-0.005890	0.949320
-0.001963	0.949273
0.001963	0.949273
0.005890	0.949320
0.009817	0.949410
0.013744	0.949533
0.017671	0.949678
0.021598	0.949834
0.025525	0.949991
0.029452	0.950144
0.033379	0.950286
0.037306	0.950417
0.041233	0.950536
0.045160	0.950643
0.049087	0.950739
0.053014	0.950827
0.056941	0.950908
0.060868	0.950984
0.064795	0.951056
0.068722	0.951126
0.072649	0.951195
0.076576	0.951263
0.080503	0.951332
0.084430	0.951403
0.088357	0.951476
0.092284	0.951551
0.096211	0.951631
0.100138	0.951714
0.104065	0.951803
0.107992	0.951896
0.111919	0.951995
0.115846	0.952100
0.119773	0.952210
0.123700	0.952325
0.127627	0.952445
0.131554	0.952570
0.135481	0.952699
0.139408	0.952832
0.143335	0.952969
0.147262	0.953109
0.151189	0.953252
0.155116	0.953398
0.159043	0.953548
0.162970	0.953700
0.166897	0.953856
0.170824	0.954015
0.174751	0.954177
0.178678	0.954343
0.182605	0.954511
0.186532	0.954684
0.190459	0.954859
0.194386	0.955038
0.198313	0.955220
0.202240	0.955406
0.206167	0.955595
0.210094	0.955787
0.214021	0.955984
0.217948	0.956183
0.221875	0.956386
0.225802	0.956593
0.229729	0.956804
0.233656	0.957018
0.237583	0.957235
0.241510	0.957457
0.245437	0.957682
0.249364	0.957912
0.253291	0.958145
0.257218	0.958383
0.261145	0.958625
0.265072	0.958872
0.268999	0.959124
0.272926	0.959382
0.276853	0.959644
0.280780	0.959912
0.284707	0.960186
0.288634	0.960465
0.292561	0.960749
0.296488	0.961038
0.300415	0.961332
0.304342	0.961629
0.308269	0.961931
0.312196	0.962235
0.316123	0.962543
0.320050	0.962854
0.323977	0.963168
0.327904	0.963485
0.331831	0.963804
0.335758	0.964127
0.339685	0.964453
0.343612	0.964782
0.347539	0.965115
0.351466	0.965451
0.355393	0.965790
0.359320	0.966133
0.363247	0.966480
0.367174	0.966830
0.371101	0.967184
0.375028	0.967542
0.378955	0.967904
0.382882	0.968270
0.386809	0.968639
0.390736	0.969013
0.394663	0.969391
0.398590	0.969774
0.402517	0.970160
0.406444	0.970552
0.410371	0.970948
0.414298	0.971349
0.418225	0.971755
0.422152	0.972167
0.426079	0.972584
0.430005	0.973008
0.433932	0.973438
0.437859	0.973874
0.441786	0.974318
0.445713	0.974769
0.449640	0.975228
0.453567	0.975693
0.457494	0.976165
0.461421	0.976643
0.465348	0.977126
0.469275	0.977614
0.473202	0.978105
0.477129	0.978599
0.481056	0.979094
0.484983	0.979590
0.488910	0.980086
0.492837	0.980582
0.496764	0.981079
0.500691	0.981575
0.504618	0.982072
0.508545	0.982569
0.512472	0.983067
0.516399	0.983566
0.520326	0.984067
0.524253	0.984570
0.528180	0.985074
0.532107	0.985580
0.536034	0.986089
0.539961	0.986599
0.543888	0.987112
0.547815	0.987626
0.551742	0.988143
0.555669	0.988661
0.559596	0.989182
0.563523	0.989704
0.567450	0.990228
0.571377	0.990754
0.575304	0.991281
0.579231	0.991811
0.583158	0.992343
0.587085	0.992878
0.591012	0.993417
0.594939	0.993961
0.598866	0.994511
0.602793	0.995069
0.606720	0.995639
0.610647	0.996222
0.614574	0.996825
0.618501	0.997451
0.622428	0.998105
0.626355	0.998795
0.630282	0.999524
0.634209	1.000299
0.638136	1.001121
0.642063	1.001993
0.645990	1.002911
0.649917	1.003871
0.653844	1.004864
0.657771	1.005881
0.661698	1.006911
0.665625	1.007944
0.669552	1.008971
0.673479	1.009986
0.677406	1.010985
0.681333	1.011964
0.685260	1.012924
0.689187	1.013865
0.693114	1.014789
0.697041	1.015698
0.700968	1.016595
0.704895	1.017481
0.708822	1.018358
0.712749	1.019230
0.716676	1.020098
0.720603	1.020963
0.724530	1.021827
0.728457	1.022692
0.732384	1.023558
0.736311	1.024426
0.740238	1.025298
0.744165	1.026173
0.748092	1.027052
0.752019	1.027936
0.755946	1.028826
0.759873	1.029721
0.763800	1.030622
0.767727	1.031530
0.771654	1.032445
0.775581	1.033366
0.779508	1.034295
0.783435	1.035232
0.787362	1.036178
0.791289	1.037131
0.795216	1.038094
0.799143	1.039065
0.803070	1.040047
0.806997	1.041038
0.810924	1.042040
0.814851	1.043053
0.818778	1.044076
0.822705	1.045111
0.826632	1.046155
0.830559	1.047211
0.834486	1.048276
0.838413	1.049350
0.842340	1.050433
0.846267	1.051523
0.850194	1.052620
0.854121	1.053724
0.858047	1.054834
0.861974	1.055950
0.865901	1.057071
0.869828	1.058199
0.873755	1.059333
0.877682	1.060474
0.881609	1.061622
0.885536	1.062777
0.889463	1.063940
0.893390	1.065110
0.897317	1.066288
0.901244	1.067473
0.905171	1.068666
0.909098	1.069867
0.913025	1.071075
0.916952	1.072290
0.920879	1.073511
0.924806	1.074739
0.928733	1.075973
0.932660	1.077211
0.936587	1.078454
0.940514	1.079701
0.944441	1.080951
0.948368	1.082205
0.952295	1.083463
0.956222	1.084726
0.960149	1.085998
0.964076	1.087282
0.968003	1.088584
0.971930	1.089910
0.975857	1.091262
0.979784	1.092640
0.983711	1.094035
0.987638	1.095429
0.991565	1.096797
0.995492	1.098109
0.999419	1.099342
1.003346	1.100486
1.007273	1.101554
1.011200	1.102576
1.015127	1.103597
1.019054	1.104662
1.022981	1.105808
1.026908	1.107055
1.030835	1.108408
1.034762	1.109857
1.038689	1.111388
1.042616	1.112981
1.046543	1.114617
1.050470	1.116284
1.054397	1.117970
1.058324	1.119667
1.062251	1.121373
1.066178	1.123083
1.070105	1.124798
1.074032	1.126515
1.077959	1.128236
1.081886	1.129960
1.085813	1.131686
1.089740	1.133415
1.093667	1.135146
1.097594	1.136882
1.101521	1.138624
1.105448	1.140374
1.109375	1.142134
1.113302	1.143908
1.117229	1.145696
1.121156	1.147499
1.125083	1.149317
1.129010	1.151150
1.132937	1.152999
1.136864	1.154864
1.140791	1.156745
1.144718	1.158646
1.148645	1.160570
1.152572	1.162521
1.156499	1.164504
1.160426	1.166524
1.164353	1.168586
1.168280	1.170693
1.172207	1.172847
1.176134	1.175049
1.180061	1.177298
1.183988	1.179593
1.187915	1.181934
1.191842	1.184318
1.195769	1.186743
1.199696	1.189205
1.203623	1.191697
1.207550	1.194212
1.211477	1.196743
1.215404	1.199283
1.219331	1.201827
1.223258	1.204374
1.227185	1.206921
1.231112	1.209470
1.235039	1.212022
1.238966	1.214579
1.242893	1.217143
1.246820	1.219714
1.250747	1.222294
1.254674	1.224883
1.258601	1.227482
1.262528	1.230091
1.266455	1.232711
1.270382	1.235341
1.274309	1.237983
1.278236	1.240637
1.282163	1.243302
1.286089	1.245981
1.290016	1.248673
1.293943	1.251380
1.297870	1.254103
1.301797	1.256844
1.305724	1.259606
1.309651	1.262392
1.313578	1.265203
1.317505	1.268044
1.321432	1.270916
1.325359	1.273822
1.329286	1.276761
1.333213	1.279735
1.337140	1.282741
1.341067	1.285776
1.344994	1.288834
1.348921	1.291911
1.352848	1.295001
1.356775	1.298107
1.360702	1.301235
1.364629	1.304399
1.368556	1.307617
1.372483	1.310907
1.376410	1.314282
1.380337	1.317744
1.384264	1.321288
1.388191	1.324896
1.392118	1.328549
1.396045	1.332225
1.399972	1.335906
1.403899	1.339583
1.407826	1.343252
1.411753	1.346918
1.415680	1.350590
1.419607	1.354281
1.423534	1.358005
1.427461	1.361778
1.431388	1.365612
1.435315	1.369519
1.439242	1.373511
1.443169	1.377597
1.447096	1.381786
1.451023	1.386084
1.454950	1.390492
1.458877	1.395002
1.462804	1.399592
1.466731	1.404224
1.470658	1.408845
1.474585	1.413391
1.478512	1.417802
1.482439	1.422044
1.486366	1.426128
1.490293	1.430127
1.494220	1.434172
1.498147	1.438435
1.502074	1.443089
1.506001	1.448263
1.509928	1.453994
1.513855	1.460191
1.517782	1.466640
1.521709	1.473047
1.525636	1.479118
1.529563	1.484649
1.533490	1.489595
1.537417	1.494075
1.541344	1.498331
1.545271	1.502651
1.549198	1.507292
1.553125	1.512433
1.557052	1.518151
1.560979	1.524431
1.564906	1.531181
1.568833	1.538266
1.572760	1.545531
1.576687	1.552826
1.580614	1.560019
1.584541	1.567016
1.588468	1.573763
1.592395	1.580256
1.596322	1.586531
1.600249	1.592666
1.604176	1.598765
1.608103	1.604947
1.612030	1.611331
1.615957	1.618020
1.619884	1.625088
1.623811	1.632573
1.627738	1.640468
1.631665	1.648726
1.635592	1.657273
1.639519	1.666015
1.643446	1.674858
1.647373	1.683720
1.651300	1.692542
1.655227	1.701298
1.659154	1.709991
1.663081	1.718662
1.667008	1.727379
1.670935	1.736230
1.674862	1.745319
1.678789	1.754750
1.682716	1.764614
1.686643	1.774979
1.690570	1.785875
1.694497	1.797292
1.698424	1.809174
1.702351	1.821434
1.706278	1.833959
1.710205	1.846635
1.714131	1.859355
1.718058	1.872036
1.721985	1.884622
1.725912	1.897088
1.729839	1.909435
1.733766	1.921693
1.737693	1.933910
1.741620	1.946152
1.745547	1.958501
1.749474	1.971044
1.753401	1.983873
1.757328	1.997079
1.761255	2.010746
1.765182	2.024950
1.769109	2.039750
1.773036	2.055190
1.776963	2.071299
1.780890	2.088080
1.784817	2.105515
1.788744	2.123554
1.792671	2.142110
1.796598	2.161053
1.800525	2.180217
1.804452	2.199413
1.808379	2.218467
1.812306	2.237259
1.816233	2.255768
1.820160	2.274107
1.824087	2.292542
1.828014	2.311477
1.831941	2.331435
1.835868	2.352993
1.839795	2.376682
1.843722	2.402825
1.847649	2.431359
1.851576	2.461752
1.855503	2.493114
1.859430	2.524515
1.863357	2.555354
1.867284	2.585549
1.871211	2.615460
1.875138	2.645644
1.879065	2.676635
1.882992	2.708831
1.886919	2.742456
1.890846	2.777546
1.894773	2.813948
1.898700	2.851346
1.902627	2.889320
1.906554	2.927425
1.910481	2.965251
1.914408	3.002472
1.918335	3.038862
1.922262	3.074284
1.926189	3.108644
1.930116	3.141819
1.934043	3.173577
1.937970	3.203505
1.941897	3.230962
1.945824	3.255070
1.949751	3.274715
1.953678	3.288580
1.957605	3.295181
1.961532	3.292933
1.965459	3.280240
1.969386	3.255617
1.973313	3.217821
1.977240	3.165979
1.981167	3.099693
1.985094	3.019106
1.989021	2.924940
1.992948	2.818494
1.996875	2.701607
2.000802	2.576564
2.004729	2.445950
2.008656	2.312463
2.012583	2.178706
2.016510	2.047010
2.020437	1.919309
2.024364	1.797081
2.028291	1.681350
2.032218	1.572731
2.036145	1.471496
2.040072	1.377651
2.043999	1.291010
2.047926	1.211255
2.051853	1.137986
2.055780	1.070765
2.059707	1.009134
2.063634	0.952642
2.067561	0.900857
2.071488	0.853367
2.075415	0.809791
2.079342	0.769776
2.083269	0.732996
2.087196	0.699151
2.091123	0.667965
2.095050	0.639182
2.098977	0.612564
2.102904	0.587889
2.106831	0.564951
2.110758	0.543564
2.114685	0.523558
2.118612	0.504789
2.122539	0.487133
2.126466	0.470492
2.130393	0.454791
2.134320	0.439973
2.138246	0.425998
2.142173	0.412836
2.146100	0.400463
2.150027	0.388856
2.153954	0.377991
2.157881	0.367842
2.161808	0.358377
2.165735	0.349561
2.169662	0.341356
2.173589	0.333723
2.177516	0.326621
2.181443	0.320010
2.185370	0.313848
2.189297	0.308089
2.193224	0.302684
2.197151	0.297577
2.201078	0.292705
2.205005	0.288002
2.208932	0.283405
2.212859	0.278861
2.216786	0.274333
2.220713	0.269806
2.224640	0.265289
2.228567	0.260814
2.232494	0.256426
2.236421	0.252178
2.240348	0.248119
2.244275	0.244292
2.248202	0.240721
2.252129	0.237411
2.256056	0.234349
2.259983	0.231496
2.263910	0.228798
2.267837	0.226183
2.271764	0.223575
2.275691	0.220898
2.279618	0.218085
2.283545	0.215091
2.287472	0.211897
2.291399	0.208513
2.295326	0.204974
2.299253	0.201340
2.303180	0.197680
2.307107	0.194069
2.311034	0.190574
2.314961	0.187254
2.318888	0.184151
2.322815	0.181288
2.326742	0.178671
2.330669	0.176286
2.334596	0.174103
2.338523	0.172077
2.342450	0.170152
2.346377	0.168266
2.350304	0.166357
2.354231	0.164367
2.358158	0.162248
2.362085	0.159971
2.366012	0.157520
2.369939	0.154901
2.373866	0.152132
2.377793	0.149245
2.381720	0.146277
2.385647	0.143269
2.389574	0.140262
2.393501	0.137291
2.397428	0.134388
2.401355	0.131580
2.405282	0.128887
2.409209	0.126323
2.413136	0.123897
2.417063	0.121611
2.420990	0.119461
2.424917	0.117439
2.428844	0.115531
2.432771	0.113720
2.436698	0.111988
2.440625	0.110316
2.444552	0.108686
2.448479	0.107085
2.452406	0.105500
2.456333	0.103924
2.460260	0.102356
2.464187	0.100796
2.468114	0.099249
2.472041	0.097726
2.475968	0.096234
2.479895	0.094785
2.483822	0.093392
2.487749	0.092063
2.491676	0.090810
2.495603	0.089641
2.499530	0.088564
2.503457	0.087584
2.507384	0.086705
2.511311	0.085929
2.515238	0.085257
2.519165	0.084687
2.523092	0.084215
2.527019	0.083833
2.530946	0.083531
2.534873	0.083296
2.538800	0.083109
2.542727	0.082948
2.546654	0.082789
2.550581	0.082604
2.554508	0.082370
2.558435	0.082064
2.562362	0.081671
2.566288	0.081185
2.570215	0.080607
2.574142	0.079950
2.578069	0.079233
2.581996	0.078480
2.585923	0.077720
2.589850	0.076979
2.593777	0.076283
2.597704	0.075654
2.601631	0.075107
2.605558	0.074653
2.609485	0.074300
2.613412	0.074045
2.617339	0.073884
2.621266	0.073806
2.625193	0.073794
2.629120	0.073826
2.633047	0.073878
2.636974	0.073922
2.640901	0.073933
2.644828	0.073885
2.648755	0.073761
2.652682	0.073550
2.656609	0.073246
2.660536	0.072855
2.664463	0.072388
2.668390	0.071862
2.672317	0.071294
2.676244	0.070706
2.680171	0.070117
2.684098	0.069543
2.688025	0.068995
2.691952	0.068478
2.695879	0.067990
2.699806	0.067521
2.703733	0.067057
2.707660	0.066575
2.711587	0.066057
2.715514	0.065483
2.719441	0.064840
2.723368	0.064123
2.727295	0.063335
2.731222	0.062483
2.735149	0.061585
2.739076	0.060657
2.743003	0.059717
2.746930	0.058782
2.750857	0.057867
2.754784	0.056981
2.758711	0.056132
2.762638	0.055325
2.766565	0.054563
2.770492	0.053848
2.774419	0.053182
2.778346	0.052568
2.782273	0.052009
2.786200	0.051508
2.790127	0.051066
2.794054	0.050684
2.797981	0.050359
2.801908	0.050087
2.805835	0.049861
2.809762	0.049667
2.813689	0.049492
2.817616	0.049319
2.821543	0.049127
2.825470	0.048899
2.829397	0.048619
2.833324	0.048273
2.837251	0.047856
2.841178	0.047367
2.845105	0.046812
2.849032	0.046201
2.852959	0.045547
2.856886	0.044866
2.860813	0.044172
2.864740	0.043481
2.868667	0.042805
2.872594	0.042152
2.876521	0.041532
2.880448	0.040947
2.884375	0.040403
2.888302	0.039899
2.892229	0.039437
2.896156	0.039014
2.900083	0.038629
2.904010	0.038281
2.907937	0.037968
2.911864	0.037689
2.915791	0.037442
2.919718	0.037227
2.923645	0.037044
2.927572	0.036892
2.931499	0.036770
2.935426	0.036677
2.939353	0.036611
2.943280	0.036567
2.947207	0.036541
2.951134	0.036524
2.955061	0.036509
2.958988	0.036486
2.962915	0.036446
2.966842	0.036381
2.970769	0.036285
2.974696	0.036155
2.978623	0.035993
2.982550	0.035805
2.986477	0.035597
2.990404	0.035381
2.994330	0.035166
2.998257	0.034963
3.002184	0.034781
3.006111	0.034628
3.010038	0.034508
3.013965	0.034427
3.017892	0.034386
3.021819	0.034387
3.025746	0.034428
3.029673	0.034507
3.033600	0.034622
3.037527	0.034766
3.041454	0.034935
3.045381	0.035120
3.049308	0.035314
3.053235	0.035508
3.057162	0.035691
3.061089	0.035856
3.065016	0.035992
3.068943	0.036091
3.072870	0.036145
3.076797	0.036150
3.080724	0.036103
3.084651	0.036006
3.088578	0.035865
3.092505	0.035687
3.096432	0.035486
3.100359	0.035275
3.104286	0.035068
3.108213	0.034878
3.112140	0.034718
3.116067	0.034595
3.119994	0.034516
3.123921	0.034482
3.127848	0.034494
3.131775	0.034547
3.135702	0.034637
3.139629	0.034757
3.143556	0.034898
3.147483	0.035052
3.151410	0.035210
3.155337	0.035360
3.159264	0.035493
3.163191	0.035594
3.167118	0.035650
3.171045	0.035648
3.174972	0.035575
3.178899	0.035425
3.182826	0.035195
3.186753	0.034887
3.190680	0.034511
3.194607	0.034078
3.198534	0.033604
3.202461	0.033104
3.206388	0.032592
3.210315	0.032084
3.214242	0.031590
3.218169	0.031119
3.222096	0.030680
3.226023	0.030277
3.229950	0.029914
3.233877	0.029589
3.237804	0.029303
3.241731	0.029049
3.245658	0.028821
3.249585	0.028611
3.253512	0.028411
3.257439	0.028211
3.261366	0.028002
3.265293	0.027780
3.269220	0.027540
3.273147	0.027283
3.277074	0.027009
3.281001	0.026724
3.284928	0.026435
3.288855	0.026146
3.292782	0.025864
3.296709	0.025594
3.300636	0.025339
3.304563	0.025101
3.308490	0.024877
3.312417	0.024668
3.316344	0.024471
3.320271	0.024281
3.324198	0.024098
3.328125	0.023919
3.332052	0.023742
3.335979	0.023569
3.339906	0.023398
3.343833	0.023232
3.347760	0.023071
3.351687	0.022916
3.355614	0.022767
3.359541	0.022625
3.363468	0.022490
3.367395	0.022363
3.371322	0.022242
3.375249	0.022128
3.379176	0.022020
3.383103	0.021918
3.387030	0.021821
3.390957	0.021728
3.394884	0.021638
3.398811	0.021552
3.402738	0.021468
3.406665	0.021386
3.410592	0.021310
3.414519	0.021239
3.418446	0.021176
3.422372	0.021125
3.426299	0.021087
3.430226	0.021064
3.434153	0.021059
3.438080	0.021071
3.442007	0.021100
3.445934	0.021145
3.449861	0.021202
3.453788	0.021268
3.457715	0.021339
3.461642	0.021410
3.465569	0.021476
3.469496	0.021532
3.473423	0.021575
3.477350	0.021603
3.481277	0.021616
3.485204	0.021614
3.489131	0.021600
3.493058	0.021579
3.496985	0.021554
3.500912	0.021530
3.504839	0.021511
3.508766	0.021502
3.512693	0.021505
3.516620	0.021524
3.520547	0.021561
3.524474	0.021617
3.528401	0.021696
3.532328	0.021797
3.536255	0.021923
3.540182	0.022072
3.544109	0.022243
3.548036	0.022433
3.551963	0.022637
3.555890	0.022848
3.559817	0.023059
3.563744	0.023263
3.567671	0.023451
3.571598	0.023615
3.575525	0.023751
3.579452	0.023853
3.583379	0.023920
3.587306	0.023949
3.591233	0.023944
3.595160	0.023907
3.599087	0.023846
3.603014	0.023769
3.606941	0.023684
3.610868	0.023603
3.614795	0.023533
3.618722	0.023484
3.622649	0.023461
3.626576	0.023470
3.630503	0.023513
3.634430	0.023590
3.638357	0.023697
3.642284	0.023828
3.646211	0.023971
3.650138	0.024114
3.654065	0.024240
3.657992	0.024329
3.661919	0.024365
3.665846	0.024330
3.669773	0.024215
3.673700	0.024015
3.677627	0.023729
3.681554	0.023366
3.685481	0.022937
3.689408	0.022457
3.693335	0.021942
3.697262	0.021407
3.701189	0.020866
3.705116	0.020330
3.709043	0.019809
3.712970	0.019310
3.716897	0.018837
3.720824	0.018394
3.724751	0.017981
3.728678	0.017599
3.732605	0.017247
3.736532	0.016925
3.740459	0.016631
3.744386	0.016362
3.748313	0.016118
3.752240	0.015895
3.756167	0.015693
3.760094	0.015509
3.764021	0.015341
3.767948	0.015189
3.771875	0.015051
3.775802	0.014927
3.779729	0.014815
3.783656	0.014716
3.787583	0.014629
3.791510	0.014553
3.795437	0.014488
3.799364	0.014434
3.803291	0.014391
3.807218	0.014357
3.811145	0.014332
3.815072	0.014316
3.818999	0.014307
3.822926	0.014304
3.826853	0.014307
3.830780	0.014314
3.834707	0.014323
3.838634	0.014335
3.842561	0.014349
3.846488	0.014364
3.850414	0.014381
3.854341	0.014399
3.858268	0.014420
3.862195	0.014445
3.866122	0.014476
3.870049	0.014515
3.873976	0.014564
3.877903	0.014626
3.881830	0.014703
3.885757	0.014797
3.889684	0.014910
3.893611	0.015044
3.897538	0.015198
3.901465	0.015373
3.905392	0.015568
3.909319	0.015779
3.913246	0.016004
3.917173	0.016237
3.921100	0.016472
3.925027	0.016703
3.928954	0.016922
3.932881	0.017119
3.936808	0.017288
3.940735	0.017422
3.944662	0.017515
3.948589	0.017565
3.952516	0.017572
3.956443	0.017541
3.960370	0.017479
3.964297	0.017394
3.968224	0.017297
3.972151	0.017198
3.976078	0.017106
3.980005	0.017029
3.983932	0.016971
3.987859	0.016935
3.991786	0.016921
3.995713	0.016925
3.999640	0.016943
4.003567	0.016967
4.007494	0.016989
4.011421	0.017001
4.015348	0.016994
4.019275	0.016961
4.023202	0.016898
4.027129	0.016802
4.031056	0.016673
4.034983	0.016514
4.038910	0.016329
4.042837	0.016124
4.046764	0.015906
4.050691	0.015682
4.054618	0.015459
4.058545	0.015245
4.062472	0.015045
4.066399	0.014865
4.070326	0.014709
4.074253	0.014579
4.078180	0.014479
4.082107	0.014407
4.086034	0.014365
4.089961	0.014352
4.093888	0.014364
4.097815	0.014399
4.101742	0.014451
4.105669	0.014514
4.109596	0.014581
4.113523	0.014642
4.117450	0.014687
4.121377	0.014707
4.125304	0.014692
4.129231	0.014638
4.133158	0.014541
4.137085	0.014400
4.141012	0.014221
4.144939	0.014008
4.148866	0.013769
4.152793	0.013513
4.156720	0.013248
4.160647	0.012980
4.164574	0.012716
4.168501	0.012459
4.172428	0.012215
4.176355	0.011985
4.180282	0.011769
4.184209	0.011570
4.188136	0.011387
4.192063	0.011219
4.195990	0.011067
4.199917	0.010929
4.203844	0.010804
4.207771	0.010693
4.211698	0.010593
4.215625	0.010505
4.219552	0.010427
4.223479	0.010359
4.227406	0.010300
4.231333	0.010250
4.235260	0.010208
4.239187	0.010174
4.243114	0.010148
4.247041	0.010130
4.250968	0.010119
4.254895	0.010117
4.258822	0.010124
4.262749	0.010139
4.266676	0.010164
4.270603	0.010198
4.274530	0.010241
4.278456	0.010293
4.282383	0.010353
4.286310	0.010420
4.290237	0.010492
4.294164	0.010567
4.298091	0.010641
4.302018	0.010710
4.305945	0.010770
4.309872	0.010818
4.313799	0.010849
4.317726	0.010861
4.321653	0.010853
4.325580	0.010827
4.329507	0.010785
4.333434	0.010731
4.337361	0.010670
4.341288	0.010605
4.345215	0.010543
4.349142	0.010486
4.353069	0.010438
4.356996	0.010400
4.360923	0.010375
4.364850	0.010362
4.368777	0.010361
4.372704	0.010372
4.376631	0.010393
4.380558	0.010422
4.384485	0.010457
4.388412	0.010495
4.392339	0.010534
4.396266	0.010570
4.400193	0.010600
4.404120	0.010622
4.408047	0.010635
4.411974	0.010636
4.415901	0.010626
4.419828	0.010603
4.423755	0.010571
4.427682	0.010529
4.431609	0.010482
4.435536	0.010430
4.439463	0.010377
4.443390	0.010326
4.447317	0.010279
4.451244	0.010237
4.455171	0.010202
4.459098	0.010174
4.463025	0.010151
4.466952	0.010132
4.470879	0.010116
4.474806	0.010100
4.478733	0.010082
4.482660	0.010059
4.486587	0.010031
4.490514	0.009994
4.494441	0.009949
4.498368	0.009895
4.502295	0.009831
4.506222	0.009759
4.510149	0.009678
4.514076	0.009591
4.518003	0.009501
4.521930	0.009409
4.525857	0.009318
4.529784	0.009231
4.533711	0.009149
4.537638	0.009073
4.541565	0.009006
4.545492	0.008948
4.549419	0.008899
4.553346	0.008859
4.557273	0.008827
4.561200	0.008804
4.565127	0.008789
4.569054	0.008779
4.572981	0.008774
4.576908	0.008772
4.580835	0.008770
4.584762	0.008767
4.588689	0.008758
4.592616	0.008743
4.596543	0.008720
4.600470	0.008686
4.604397	0.008642
4.608324	0.008587
4.612251	0.008522
4.616178	0.008448
4.620105	0.008368
4.624032	0.008282
4.627959	0.008194
4.631886	0.008104
4.635813	0.008016
4.639740	0.007930
4.643667	0.007848
4.647594	0.007770
4.651521	0.007698
4.655448	0.007630
4.659375	0.007568
4.663302	0.007511
4.667229	0.007460
4.671156	0.007413
4.675083	0.007371
4.679010	0.007332
4.682937	0.007298
4.686864	0.007267
4.690791	0.007239
4.694718	0.007214
4.698645	0.007193
4.702572	0.007175
4.706498	0.007161
4.710425	0.007152
4.714352	0.007146
4.718279	0.007146
4.722206	0.007151
4.726133	0.007162
4.730060	0.007178
4.733987	0.007202
4.737914	0.007231
4.741841	0.007268
4.745768	0.007313
4.749695	0.007365
4.753622	0.007424
4.757549	0.007491
4.761476	0.007564
4.765403	0.007643
4.769330	0.007726
4.773257	0.007812
4.777184	0.007896
4.781111	0.007976
4.785038	0.008047
4.788965	0.008107
4.792892	0.008149
4.796819	0.008173
4.800746	0.008177
4.804673	0.008159
4.808600	0.008122
4.812527	0.008069
4.816454	0.008003
4.820381	0.007928
4.824308	0.007848
4.828235	0.007767
4.832162	0.007688
4.836089	0.007614
4.840016	0.007546
4.843943	0.007487
4.847870	0.007437
4.851797	0.007396
4.855724	0.007365
4.859651	0.007344
4.863578	0.007332
4.867505	0.007328
4.871432	0.007332
4.875359	0.007341
4.879286	0.007355
4.883213	0.007371
4.887140	0.007388
4.891067	0.007405
4.894994	0.007419
4.898921	0.007431
4.902848	0.007439
4.906775	0.007442
4.910702	0.007441
4.914629	0.007435
4.918556	0.007425
4.922483	0.007410
4.926410	0.007391
4.930337	0.007369
4.934264	0.007344
4.938191	0.007318
4.942118	0.007290
4.946045	0.007263
4.949972	0.007235
4.953899	0.007209
4.957826	0.007182
4.961753	0.007155
4.965680	0.007126
4.969607	0.007093
4.973534	0.007056
4.977461	0.007012
4.981388	0.006962
4.985315	0.006903
4.989242	0.006838
4.993169	0.006766
4.997096	0.006688
5.001023	0.006606
5.004950	0.006522
5.008877	0.006436
5.012804	0.006351
5.016731	0.006267
5.020658	0.006187
5.024585	0.006110
5.028512	0.006036
5.032439	0.005967
5.036366	0.005903
5.040293	0.005843
5.044220	0.005787
5.048147	0.005735
5.052074	0.005686
5.056001	0.005642
5.059928	0.005600
5.063855	0.005562
5.067782	0.005526
5.071709	0.005493
5.075636	0.005463
5.079563	0.005435
5.083490	0.005408
5.087417	0.005384
5.091344	0.005361
5.095271	0.005340
5.099198	0.005320
5.103125	0.005302
5.107052	0.005285
5.110979	0.005270
5.114906	0.005255
5.118833	0.005242
5.122760	0.005231
5.126687	0.005221
5.130614	0.005212
5.134540	0.005204
5.138467	0.005198
5.142394	0.005193
5.146321	0.005189
5.150248	0.005186
5.154175	0.005185
5.158102	0.005184
5.162029	0.005184
5.165956	0.005184
5.169883	0.005185
5.173810	0.005186
5.177737	0.005188
5.181664	0.005190
5.185591	0.005193
5.189518	0.005197
5.193445	0.005201
5.197372	0.005208
5.201299	0.005216
5.205226	0.005225
5.209153	0.005237
5.213080	0.005251
5.217007	0.005267
5.220934	0.005287
5.224861	0.005310
5.228788	0.005336
5.232715	0.005366
5.236642	0.005400
5.240569	0.005439
5.244496	0.005481
5.248423	0.005526
5.252350	0.005575
5.256277	0.005625
5.260204	0.005675
5.264131	0.005724
5.268058	0.005770
5.271985	0.005810
5.275912	0.005841
5.279839	0.005863
5.283766	0.005872
5.287693	0.005869
5.291620	0.005852
5.295547	0.005824
5.299474	0.005784
5.303401	0.005734
5.307328	0.005678
5.311255	0.005617
5.315182	0.005554
5.319109	0.005489
5.323036	0.005424
5.326963	0.005361
5.330890	0.005300
5.334817	0.005241
5.338744	0.005185
5.342671	0.005131
5.346598	0.005080
5.350525	0.005032
5.354452	0.004986
5.358379	0.004943
5.362306	0.004901
5.366233	0.004861
5.370160	0.004823
5.374087	0.004787
5.378014	0.004752
5.381941	0.004719
5.385868	0.004687
5.389795	0.004656
5.393722	0.004627
5.397649	0.004599
5.401576	0.004573
5.405503	0.004548
5.409430	0.004524
5.413357	0.004501
5.417284	0.004480
5.421211	0.004459
5.425138	0.004440
5.429065	0.004422
5.432992	0.004404
5.436919	0.004387
5.440846	0.004372
5.444773	0.004357
5.448700	0.004342
5.452627	0.004329
5.456554	0.004316
5.460481	0.004305
5.464408	0.004294
5.468335	0.004283
5.472262	0.004274
5.476189	0.004265
5.480116	0.004257
5.484043	0.004250
5.487970	0.004244
5.491897	0.004238
5.495824	0.004234
5.499751	0.004230
5.503678	0.004227
5.507605	0.004225
5.511532	0.004224
5.515459	0.004223
5.519386	0.004224
5.523313	0.004226
5.527240	0.004229
5.531167	0.004233
5.535094	0.004238
5.539021	0.004244
5.542948	0.004251
5.546875	0.004258
5.550802	0.004266
5.554729	0.004275
5.558656	0.004283
5.562582	0.004292
5.566509	0.004301
5.570436	0.004310
5.574363	0.004319
5.578290	0.004329
5.582217	0.004339
5.586144	0.004349
5.590071	0.004361
5.593998	0.004374
5.597925	0.004389
5.601852	0.004405
5.605779	0.004422
5.609706	0.004441
5.613633	0.004461
5.617560	0.004479
5.621487	0.004497
5.625414	0.004511
5.629341	0.004522
5.633268	0.004526
5.637195	0.004524
5.641122	0.004514
5.645049	0.004496
5.648976	0.004471
5.652903	0.004440
5.656830	0.004404
5.660757	0.004364
5.664684	0.004322
5.668611	0.004279
5.672538	0.004236
5.676465	0.004195
5.680392	0.004154
5.684319	0.004116
5.688246	0.004080
5.692173	0.004046
5.696100	0.004015
5.700027	0.003986
5.703954	0.003958
5.707881	0.003933
5.711808	0.003910
5.715735	0.003888
5.719662	0.003867
5.723589	0.003848
5.727516	0.003830
5.731443	0.003812
5.735370	0.003796
5.739297	0.003780
5.743224	0.003765
5.747151	0.003750
5.751078	0.003736
5.755005	0.003721
5.758932	0.003708
5.762859	0.003694
5.766786	0.003681
5.770713	0.003668
5.774640	0.003656
5.778567	0.003644
5.782494	0.003632
5.786421	0.003621
5.790348	0.003610
5.794275	0.003599
5.798202	0.003589
5.802129	0.003579
5.806056	0.003569
5.809983	0.003559
5.813910	0.003550
5.817837	0.003541
5.821764	0.003532
5.825691	0.003523
5.829618	0.003515
5.833545	0.003507
5.837472	0.003499
5.841399	0.003491
5.845326	0.003483
5.849253	0.003475
5.853180	0.003468
5.857107	0.003460
5.861034	0.003453
5.864961	0.003446
5.868888	0.003439
5.872815	0.003432
5.876742	0.003425
5.880669	0.003418
5.884596	0.003412
5.888523	0.003405
5.892450	0.003399
5.896377	0.003392
5.900304	0.003386
5.904231	0.003380
5.908158	0.003373
5.912085	0.003367
5.916012	0.003361
5.919939	0.003355
5.923866	0.003349
5.927793	0.003343
5.931720	0.003338
5.935647	0.003332
5.939574	0.003326
5.943501	0.003320
5.947428	0.003314
5.951355	0.003308
5.955282	0.003302
5.959209	0.003296
5.963136	0.003290
5.967063	0.003284
5.970990	0.003278
5.974917	0.003272
5.978844	0.003266
5.982771	0.003260
5.986698	0.003255
5.990624	0.003249
5.994551	0.003243
5.998478	0.003237
6.002405	0.003232
6.006332	0.003226
6.010259	0.003221
6.014186	0.003215
6.018113	0.003210
6.022040	0.003205
6.025967	0.003199
6.029894	0.003194
6.033821	0.003189
6.037748	0.003184
6.041675	0.003179
6.045602	0.003174
6.049529	0.003169
6.053456	0.003164
6.057383	0.003159
6.061310	0.003154
6.065237	0.003149
6.069164	0.003144
6.073091	0.003139
6.077018	0.003134
6.080945	0.003129
6.084872	0.003124
6.088799	0.003119
6.092726	0.003114
6.096653	0.003108
6.100580	0.003103
6.104507	0.003097
6.108434	0.003092
6.112361	0.003087
6.116288	0.003081
6.120215	0.003076
6.124142	0.003071
6.128069	0.003066
6.131996	0.003061
6.135923	0.003055
6.139850	0.003050
6.143777	0.003045
6.147704	0.003040
6.151631	0.003035
6.155558	0.003031
6.159485	0.003026
6.163412	0.003021
6.167339	0.003016
6.171266	0.003011
6.175193	0.003007
6.179120	0.003002
6.183047	0.002997
6.186974	0.002993
6.190901	0.002988
6.194828	0.002983
6.198755	0.002978
6.202682	0.002974
6.206609	0.002969
6.210536	0.002964
6.214463	0.002960
6.218390	0.002955
6.222317	0.002950
6.226244	0.002946
6.230171	0.002941
6.234098	0.002936
6.238025	0.002932
6.241952	0.002927
6.245879	0.002922
6.249806	0.002918
6.253733	0.002913
6.257660	0.002908
6.261587	0.002904
6.265514	0.002899
6.269441	0.002895
6.273368	0.002890
6.277295	0.002886
6.281222	0.002881
6.285149	0.002877
6.289076	0.002872
6.293003	0.002868
6.296930	0.002864
6.300857	0.002859
6.304784	0.002855
6.308711	0.002851
6.312638	0.002847
6.316565	0.002842
6.320492	0.002838
6.324419	0.002834
6.328346	0.002830
6.332273	0.002825
6.336200	0.002821
6.340127	0.002817
6.344054	0.002813
6.347981	0.002809
6.351908	0.002805
6.355835	0.002801
6.359762	0.002797
6.363689	0.002792
6.367616	0.002788
6.371543	0.002784
6.375470	0.002780
6.379397	0.002776
6.383324	0.002772
6.387251	0.002767
6.391178	0.002763
6.395105	0.002759
6.399032	0.002755
6.402959	0.002751
6.406886	0.002747
6.410813	0.002743
6.414739	0.002739
6.418666	0.002735
6.422593	0.002731
6.426520	0.002727
6.430447	0.002723
6.434374	0.002719
6.438301	0.002715
6.442228	0.002711
6.446155	0.002707
6.450082	0.002703
6.454009	0.002699
6.457936	0.002695
6.461863	0.002691
6.465790	0.002688
6.469717	0.002684
6.473644	0.002680
6.477571	0.002676
6.481498	0.002672
6.485425	0.002669
6.489352	0.002665
6.493279	0.002661
6.497206	0.002657
6.501133	0.002653
6.505060	0.002649
6.508987	0.002646
6.512914	0.002642
6.516841	0.002638
6.520768	0.002634
6.524695	0.002630
6.528622	0.002626
6.532549	0.002623
6.536476	0.002619
6.540403	0.002615
6.544330	0.002611
6.548257	0.002607
6.552184	0.002604
6.556111	0.002600
6.560038	0.002596
6.563965	0.002593
6.567892	0.002589
6.571819	0.002585
6.575746	0.002582
6.579673	0.002578
6.583600	0.002574
6.587527	0.002571
6.591454	0.002567
6.595381	0.002564
6.599308	0.002560
6.603235	0.002557
6.607162	0.002553
6.611089	0.002549
6.615016	0.002546
6.618943	0.002542
6.622870	0.002539
6.626797	0.002535
6.630724	0.002532
6.634651	0.002528
6.638578	0.002525
6.642505	0.002521
6.646432	0.002518
6.650359	0.002514
6.654286	0.002510
6.658213	0.002507
6.662140	0.002503
6.666067	0.002500
6.669994	0.002496
6.673921	0.002493
6.677848	0.002489
6.681775	0.002486
6.685702	0.002482
6.689629	0.002479
6.693556	0.002476
6.697483	0.002472
6.701410	0.002469
6.705337	0.002465
6.709264	0.002462
6.713191	0.002459
6.717118	0.002455
6.721045	0.002452
6.724972	0.002449
6.728899	0.002445
6.732826	0.002442
6.736753	0.002439
6.740680	0.002435
6.744607	0.002432
6.748534	0.002429
6.752461	0.002425
6.756388	0.002422
6.760315	0.002419
6.764242	0.002416
6.768169	0.002412
6.772096	0.002409
6.776023	0.002406
6.779950	0.002403
6.783877	0.002400
6.787804	0.002396
6.791731	0.002393
6.795658	0.002390
6.799585	0.002387
6.803512	0.002383
6.807439	0.002380
6.811366	0.002377
6.815293	0.002374
6.819220	0.002371
6.823147	0.002367
6.827074	0.002364
6.831001	0.002361
6.834928	0.002358
6.838855	0.002355
6.842781	0.002352
6.846708	0.002349
6.850635	0.002345
6.854562	0.002342
6.858489	0.002339
6.862416	0.002336
6.866343	0.002333
6.870270	0.002330
6.874197	0.002327
6.878124	0.002324
6.882051	0.002321
6.885978	0.002318
6.889905	0.002315
6.893832	0.002312
6.897759	0.002309
6.901686	0.002306
6.905613	0.002303
6.909540	0.002300
6.913467	0.002297
6.917394	0.002294
6.921321	0.002291
6.925248	0.002288
6.929175	0.002285
6.933102	0.002282
6.937029	0.002279
6.940956	0.002276
6.944883	0.002273
6.948810	0.002270
6.952737	0.002267
6.956664	0.002264
6.960591	0.002261
6.964518	0.002258
6.968445	0.002255
6.972372	0.002252
6.976299	0.002249
6.980226	0.002246
6.984153	0.002243
6.988080	0.002240
6.992007	0.002237
6.995934	0.002235
6.999861	0.002232
7.003788	0.002229
7.007715	0.002226
7.011642	0.002223
7.015569	0.002220
7.019496	0.002217
7.023423	0.002215
7.027350	0.002212
7.031277	0.002209
7.035204	0.002206
7.039131	0.002203
7.043058	0.002200
7.046985	0.002198
7.050912	0.002195
7.054839	0.002192
7.058766	0.002189
7.062693	0.002187
7.066620	0.002184
7.070547	0.002181
7.074474	0.002178
7.078401	0.002175
7.082328	0.002173
7.086255	0.002170
7.090182	0.002167
7.094109	0.002164
7.098036	0.002162
7.101963	0.002159
7.105890	0.002156
7.109817	0.002153
7.113744	0.002150
7.117671	0.002148
7.121598	0.002145
7.125525	0.002142
7.129452	0.002140
7.133379	0.002137
7.137306	0.002134
7.141233	0.002131
7.145160	0.002129
7.149087	0.002126
7.153014	0.002123
7.156941	0.002121
7.160868	0.002118
7.164795	0.002115
7.168722	0.002113
7.172649	0.002110
7.176576	0.002108
7.180503	0.002105
7.184430	0.002102
7.188357	0.002100
7.192284	0.002097
7.196211	0.002094
7.200138	0.002092
7.204065	0.002089
7.207992	0.002087
7.211919	0.002084
7.215846	0.002082
7.219773	0.002079
7.223700	0.002076
7.227627	0.002074
7.231554	0.002071
7.235481	0.002069
7.239408	0.002066
7.243335	0.002064
7.247262	0.002061
7.251189	0.002059
7.255116	0.002056
7.259043	0.002053
7.262970	0.002051
7.266897	0.002048
7.270823	0.002046
7.274750	0.002043
7.278677	0.002041
7.282604	0.002038
7.286531	0.002036
7.290458	0.002033
7.294385	0.002031
7.298312	0.002028
7.302239	0.002026
7.306166	0.002023
7.310093	0.002021
7.314020	0.002019
7.317947	0.002016
7.321874	0.002014
7.325801	0.002011
7.329728	0.002009
7.333655	0.002006
7.337582	0.002004
7.341509	0.002002
7.345436	0.001999
7.349363	0.001997
7.353290	0.001994
7.357217	0.001992
7.361144	0.001990
7.365071	0.001987
7.368998	0.001985
7.372925	0.001982
7.376852	0.001980
7.380779	0.001978
7.384706	0.001975
7.388633	0.001973
7.392560	0.001971
7.396487	0.001968
7.400414	0.001966
7.404341	0.001963
7.408268	0.001961
7.412195	0.001959
7.416122	0.001956
7.420049	0.001954
7.423976	0.001952
7.427903	0.001949
7.431830	0.001947
7.435757	0.001945
7.439684	0.001942
7.443611	0.001940
7.447538	0.001938
7.451465	0.001935
7.455392	0.001933
7.459319	0.001931
7.463246	0.001929
7.467173	0.001926
7.471100	0.001924
7.475027	0.001922
7.478954	0.001919
7.482881	0.001917
7.486808	0.001915
7.490735	0.001913
7.494662	0.001910
7.498589	0.001908
7.502516	0.001906
7.506443	0.001904
7.510370	0.001901
7.514297	0.001899
7.518224	0.001897
7.522151	0.001895
7.526078	0.001892
7.530005	0.001890
7.533932	0.001888
7.537859	0.001886
7.541786	0.001884
7.545713	0.001881
7.549640	0.001879
7.553567	0.001877
7.557494	0.001875
7.561421	0.001873
7.565348	0.001870
7.569275	0.001868
7.573202	0.001866
7.577129	0.001864
7.581056	0.001862
7.584983	0.001860
7.588910	0.001857
7.592837	0.001855
7.596764	0.001853
7.600691	0.001851
7.604618	0.001849
7.608545	0.001847
7.612472	0.001844
7.616399	0.001842
7.620326	0.001840
7.624253	0.001838
7.628180	0.001836
7.632107	0.001834
7.636034	0.001832
7.639961	0.001830
7.643888	0.001828
7.647815	0.001825
7.651742	0.001823
7.655669	0.001821
7.659596	0.001819
7.663523	0.001817
7.667450	0.001815
7.671377	0.001813
7.675304	0.001811
7.679231	0.001809
7.683158	0.001807
7.687085	0.001805
7.691012	0.001803
7.694939	0.001801
7.698865	0.001799
7.702792	0.001796
7.706719	0.001794
7.710646	0.001792
7.714573	0.001790
7.718500	0.001788
7.722427	0.001786
7.726354	0.001784
7.730281	0.001782
7.734208	0.001780
7.738135	0.001778
7.742062	0.001776
7.745989	0.001774
7.749916	0.001772
7.753843	0.001770
7.757770	0.001768
7.761697	0.001766
7.765624	0.001764
7.769551	0.001762
7.773478	0.001760
7.777405	0.001758
7.781332	0.001756
7.785259	0.001754
7.789186	0.001752
7.793113	0.001750
7.797040	0.001748
7.800967	0.001746
7.804894	0.001744
7.808821	0.001743
7.812748	0.001741
7.816675	0.001739
7.820602	0.001737
7.824529	0.001735
7.828456	0.001733
7.832383	0.001731
7.836310	0.001729
7.840237	0.001727
7.844164	0.001725
7.848091	0.001723
7.852018	0.001721
7.855945	0.001719
7.859872	0.001717
7.863799	0.001716
7.867726	0.001714
7.871653	0.001712
7.875580	0.001710
7.879507	0.001708
7.883434	0.001706
7.887361	0.001704
7.891288	0.001702
7.895215	0.001700
7.899142	0.001698
7.903069	0.001697
7.906996	0.001695
7.910923	0.001693
7.914850	0.001691
7.918777	0.001689
7.922704	0.001687
7.926631	0.001685
7.930558	0.001684
7.934485	0.001682
7.938412	0.001680
7.942339	0.001678
7.946266	0.001676
7.950193	0.001674
7.954120	0.001673
7.958047	0.001671
7.961974	0.001669
7.965901	0.001667
7.969828	0.001665
7.973755	0.001663
7.977682	0.001662
7.981609	0.001660
7.985536	0.001658
7.989463	0.001656
7.993390	0.001654
7.997317	0.001653
8.001244	0.001651
8.005171	0.001649
8.009098	0.001647
8.013025	0.001645
8.016952	0.001644
8.020879	0.001642
8.024806	0.001640
8.028733	0.001638
8.032660	0.001636
8.036587	0.001635
8.040514	0.001633
8.044441	0.001631
8.048368	0.001629
8.052295	0.001628
8.056222	0.001626
8.060149	0.001624
8.064076	0.001622
8.068003	0.001621
8.071930	0.001619
8.075857	0.001617
8.079784	0.001615
8.083711	0.001614
8.087638	0.001612
8.091565	0.001610
8.095492	0.001609
8.099419	0.001607
8.103346	0.001605
8.107273	0.001603
8.111200	0.001602
8.115127	0.001600
8.119054	0.001598
8.122981	0.001597
8.126907	0.001595
8.130834	0.001593
8.134761	0.001591
8.138688	0.001590
8.142615	0.001588
8.146542	0.001586
8.150469	0.001585
8.154396	0.001583
8.158323	0.001581
8.162250	0.001580
8.166177	0.001578
8.170104	0.001576
8.174031	0.001575
8.177958	0.001573
8.181885	0.001571
8.185812	0.001570
8.189739	0.001568
8.193666	0.001566
8.197593	0.001565
8.201520	0.001563
8.205447	0.001561
8.209374	0.001560
8.213301	0.001558
8.217228	0.001556
8.221155	0.001555
8.225082	0.001553
8.229009	0.001552
8.232936	0.001550
8.236863	0.001548
8.240790	0.001547
8.244717	0.001545
8.248644	0.001543
8.252571	0.001542
8.256498	0.001540
8.260425	0.001539
8.264352	0.001537
8.268279	0.001535
8.272206	0.001534
8.276133	0.001532
8.280060	0.001531
8.283987	0.001529
8.287914	0.001527
8.291841	0.001526
8.295768	0.001524
8.299695	0.001523
8.303622	0.001521
8.307549	0.001519
8.311476	0.001518
8.315403	0.001516
8.319330	0.001515
8.323257	0.001513
8.327184	0.001512
8.331111	0.001510
8.335038	0.001508
8.338965	0.001507
8.342892	0.001505
8.346819	0.001504
8.350746	0.001502
8.354673	0.001501
8.358600	0.001499
8.362527	0.001498
8.366454	0.001496
8.370381	0.001495
8.374308	0.001493
8.378235	0.001491
8.382162	0.001490
8.386089	0.001488
8.390016	0.001487
8.393943	0.001485
8.397870	0.001484
8.401797	0.001482
8.405724	0.001481
8.409651	0.001479
8.413578	0.001478
8.417505	0.001476
8.421432	0.001475
8.425359	0.001473
8.429286	0.001472
8.433213	0.001470
8.437140	0.001469
8.441067	0.001467
8.444994	0.001466
8.448921	0.001464
8.452848	0.001463
8.456775	0.001461
8.460702	0.001460
8.464629	0.001458
8.468556	0.001457
8.472483	0.001455
8.476410	0.001454
8.480337	0.001452
8.484264	0.001451
8.488191	0.001449
8.492118	0.001448
8.496045	0.001447
8.499972	0.001445
8.503899	0.001444
8.507826	0.001442
8.511753	0.001441
8.515680	0.001439
8.519607	0.001438
8.523534	0.001436
8.527461	0.001435
8.531388	0.001433
8.535315	0.001432
8.539242	0.001431
8.543169	0.001429
8.547096	0.001428
8.551023	0.001426
8.554949	0.001425
8.558876	0.001423
8.562803	0.001422
8.566730	0.001421
8.570657	0.001419
8.574584	0.001418
8.578511	0.001416
8.582438	0.001415
8.586365	0.001413
8.590292	0.001412
8.594219	0.001411
8.598146	0.001409
8.602073	0.001408
8.606000	0.001406
8.609927	0.001405
8.613854	0.001404
8.617781	0.001402
8.621708	0.001401
8.625635	0.001399
8.629562	0.001398
8.633489	0.001397
8.637416	0.001395
8.641343	0.001394
8.645270	0.001393
8.649197	0.001391
8.653124	0.001390
8.657051	0.001388
8.660978	0.001387
8.664905	0.001386
8.668832	0.001384
8.672759	0.001383
8.676686	0.001382
8.680613	0.001380
8.684540	0.001379
8.688467	0.001378
8.692394	0.001376
8.696321	0.001375
8.700248	0.001373
8.704175	0.001372
8.708102	0.001371
8.712029	0.001369
8.715956	0.001368
8.719883	0.001367
8.723810	0.001365
8.727737	0.001364
8.731664	0.001363
8.735591	0.001361
8.739518	0.001360
8.743445	0.001359
8.747372	0.001357
8.751299	0.001356
8.755226	0.001355
8.759153	0.001353
8.763080	0.001352
8.767007	0.001351
8.770934	0.001349
8.774861	0.001348
8.778788	0.001347
8.782715	0.001346
8.786642	0.001344
8.790569	0.001343
8.794496	0.001342
8.798423	0.001340
8.802350	0.001339
8.806277	0.001338
8.810204	0.001336
8.814131	0.001335
8.818058	0.001334
8.821985	0.001333
8.825912	0.001331
8.829839	0.001330
8.833766	0.001329
8.837693	0.001327
8.841620	0.001326
8.845547	0.001325
8.849474	0.001324
8.853401	0.001322
8.857328	0.001321
8.861255	0.001320
8.865182	0.001318
8.869109	0.001317
8.873036	0.001316
8.876963	0.001315
8.880890	0.001313
8.884817	0.001312
8.888744	0.001311
8.892671	0.001310
8.896598	0.001308
8.900525	0.001307
8.904452	0.001306
8.908379	0.001305
8.912306	0.001303
8.916233	0.001302
8.920160	0.001301
8.924087	0.001300
8.928014	0.001298
8.931941	0.001297
8.935868	0.001296
8.939795	0.001295
8.943722	0.001294
8.947649	0.001292
8.951576	0.001291
8.955503	0.001290
8.959430	0.001289
8.963357	0.001287
8.967284	0.001286
8.971211	0.001285
8.975138	0.001284
8.979065	0.001283
8.982991	0.001281
8.986918	0.001280
8.990845	0.001279
8.994772	0.001278
8.998699	0.001276
9.002626	0.001275
9.006553	0.001274
9.010480	0.001273
9.014407	0.001272
9.018334	0.001270
9.022261	0.001269
9.026188	0.001268
9.030115	0.001267
9.034042	0.001266
9.037969	0.001264
9.041896	0.001263
9.045823	0.001262
9.049750	0.001261
9.053677	0.001260
9.057604	0.001259
9.061531	0.001257
9.065458	0.001256
9.069385	0.001255
9.073312	0.001254
9.077239	0.001253
9.081166	0.001252
9.085093	0.001250
9.089020	0.001249
9.092947	0.001248
9.096874	0.001247
9.100801	0.001246
9.104728	0.001245
9.108655	0.001243
9.112582	0.001242
9.116509	0.001241
9.120436	0.001240
9.124363	0.001239
9.128290	0.001238
9.132217	0.001236
9.136144	0.001235
9.140071	0.001234
9.143998	0.001233
9.147925	0.001232
9.151852	0.001231
9.155779	0.001230
9.159706	0.001228
9.163633	0.001227
9.167560	0.001226
9.171487	0.001225
9.175414	0.001224
9.179341	0.001223
9.183268	0.001222
9.187195	0.001221
9.191122	0.001219
9.195049	0.001218
9.198976	0.001217
9.202903	0.001216
9.206830	0.001215
9.210757	0.001214
9.214684	0.001213
9.218611	0.001212
9.222538	0.001210
9.226465	0.001209
9.230392	0.001208
9.234319	0.001207
9.238246	0.001206
9.242173	0.001205
9.246100	0.001204
9.250027	0.001203
9.253954	0.001202
9.257881	0.001201
9.261808	0.001199
9.265735	0.001198
9.269662	0.001197
9.273589	0.001196
9.277516	0.001195
9.281443	0.001194
9.285370	0.001193
9.289297	0.001192
9.293224	0.001191
9.297151	0.001190
9.301078	0.001189
9.305005	0.001187
9.308932	0.001186
9.312859	0.001185
9.316786	0.001184
9.320713	0.001183
9.324640	0.001182
9.328567	0.001181
9.332494	0.001180
9.336421	0.001179
9.340348	0.001178
9.344275	0.001177
9.348202	0.001176
9.352129	0.001175
9.356056	0.001174
9.359983	0.001172
9.363910	0.001171
9.367837	0.001170
9.371764	0.001169
9.375691	0.001168
9.379618	0.001167
9.383545	0.001166
9.387472	0.001165
9.391399	0.001164
9.395326	0.001163
9.399253	0.001162
9.403180	0.001161
9.407107	0.001160
9.411033	0.001159
9.414960	0.001158
9.418887	0.001157
9.422814	0.001156
9.426741	0.001155
9.430668	0.001154
9.434595	0.001153
9.438522	0.001152
9.442449	0.001151
9.446376	0.001150
9.450303	0.001149
9.454230	0.001148
9.458157	0.001146
9.462084	0.001145
9.466011	0.001144
9.469938	0.001143
9.473865	0.001142
9.477792	0.001141
9.481719	0.001140
9.485646	0.001139
9.489573	0.001138
9.493500	0.001137
9.497427	0.001136
9.501354	0.001135
9.505281	0.001134
9.509208	0.001133
9.513135	0.001132
9.517062	0.001131
9.520989	0.001130
9.524916	0.001129
9.528843	0.001128
9.532770	0.001127
9.536697	0.001126
9.540624	0.001125
9.544551	0.001124
9.548478	0.001123
9.552405	0.001122
9.556332	0.001121
9.560259	0.001120
9.564186	0.001119
9.568113	0.001118
9.572040	0.001117
9.575967	0.001116
9.579894	0.001115
9.583821	0.001114
9.587748	0.001113
9.591675	0.001113
9.595602	0.001112
9.599529	0.001111
9.603456	0.001110
9.607383	0.001109
9.611310	0.001108
9.615237	0.001107
9.619164	0.001106
9.623091	0.001105
9.627018	0.001104
9.630945	0.001103
9.634872	0.001102
9.638799	0.001101
9.642726	0.001100
9.646653	0.001099
9.650580	0.001098
9.654507	0.001097
9.658434	0.001096
9.662361	0.001095
9.666288	0.001094
9.670215	0.001093
9.674142	0.001092
9.678069	0.001091
9.681996	0.001090
9.685923	0.001089
9.689850	0.001089
9.693777	0.001088
9.697704	0.001087
9.701631	0.001086
9.705558	0.001085
9.709485	0.001084
9.713412	0.001083
9.717339	0.001082
9.721266	0.001081
9.725193	0.001080
9.729120	0.001079
9.733047	0.001078
9.736974	0.001077
9.740901	0.001076
9.744828	0.001075
9.748755	0.001074
9.752682	0.001074
9.756609	0.001073
9.760536	0.001072
9.764463	0.001071
9.768390	0.001070
9.772317	0.001069
9.776244	0.001068
9.780171	0.001067
9.784098	0.001066
9.788025	0.001065
9.791952	0.001064
9.795879	0.001063
9.799806	0.001063
9.803733	0.001062
9.807660	0.001061
9.811587	0.001060
9.815514	0.001059
9.819441	0.001058
