-9.819441	0.002941
-9.815514	0.002979
-9.811587	0.003011
-9.807660	0.003034
-9.803733	0.003049
-9.799806	0.003055
-9.795879	0.003052
-9.791952	0.003039
-9.788025	0.003018
-9.784098	0.002989
-9.780171	0.002953
-9.776244	0.002912
-9.772317	0.002866
-9.768390	0.002817
-9.764463	0.002767
-9.760536	0.002718
-9.756609	0.002669
-9.752682	0.002624
-9.748755	0.002581
-9.744828	0.002543
-9.740901	0.002509
-9.736974	0.002479
-9.733047	0.002454
-9.729120	0.002434
-9.725193	0.002418
-9.721266	0.002406
-9.717339	0.002399
-9.713412	0.002396
-9.709485	0.002397
-9.705558	0.002402
-9.701631	0.002411
-9.697704	0.002424
-9.693777	0.002440
-9.689850	0.002458
-9.685923	0.002479
-9.681996	0.002502
-9.678069	0.002525
-9.674142	0.002547
-9.670215	0.002568
-9.666288	0.002587
-9.662361	0.002601
-9.658434	0.002612
-9.654507	0.002618
-9.650580	0.002620
-9.646653	0.002619
-9.642726	0.002615
-9.638799	0.002610
-9.634872	0.002605
-9.630945	0.002600
-9.627018	0.002598
-9.623091	0.002599
-9.619164	0.002603
-9.615237	0.002611
-9.611310	0.002624
-9.607383	0.002641
-9.603456	0.002664
-9.599529	0.002691
-9.595602	0.002723
-9.591675	0.002759
-9.587748	0.002800
-9.583821	0.002844
-9.579894	0.002891
-9.575967	0.002940
-9.572040	0.002989
-9.568113	0.003038
-9.564186	0.003085
-9.560259	0.003129
-9.556332	0.003169
-9.552405	0.003205
-9.548478	0.003238
-9.544551	0.003267
-9.540624	0.003293
-9.536697	0.003317
-9.532770	0.003340
-9.528843	0.003362
-9.524916	0.003383
-9.520989	0.003403
-9.517062	0.003421
-9.513135	0.003438
-9.509208	0.003452
-9.505281	0.003462
-9.501354	0.003468
-9.497427	0.003469
-9.493500	0.003464
-9.489573	0.003453
-9.485646	0.003437
-9.481719	0.003417
-9.477792	0.003394
-9.473865	0.003370
-9.469938	0.003346
-9.466011	0.003325
-9.462084	0.003307
-9.458157	0.003295
-9.454230	0.003289
-9.450303	0.003290
-9.446376	0.003298
-9.442449	0.003314
-9.438522	0.003338
-9.434595	0.003369
-9.430668	0.003406
-9.426741	0.003449
-9.422814	0.003495
-9.418887	0.003542
-9.414960	0.003589
-9.411033	0.003632
-9.407107	0.003669
-9.403180	0.003696
-9.399253	0.003714
-9.395326	0.003719
-9.391399	0.003714
-9.387472	0.003698
-9.383545	0.003675
-9.379618	0.003646
-9.375691	0.003615
-9.371764	0.003584
-9.367837	0.003556
-9.363910	0.003532
-9.359983	0.003515
-9.356056	0.003505
-9.352129	0.003503
-9.348202	0.003509
-9.344275	0.003524
-9.340348	0.003547
-9.336421	0.003578
-9.332494	0.003616
-9.328567	0.003661
-9.324640	0.003710
-9.320713	0.003764
-9.316786	0.003819
-9.312859	0.003875
-9.308932	0.003931
-9.305005	0.003984
-9.301078	0.004035
-9.297151	0.004082
-9.293224	0.004125
-9.289297	0.004164
-9.285370	0.004200
-9.281443	0.004232
-9.277516	0.004261
-9.273589	0.004289
-9.269662	0.004314
-9.265735	0.004339
-9.261808	0.004361
-9.257881	0.004381
-9.253954	0.004400
-9.250027	0.004416
-9.246100	0.004430
-9.242173	0.004444
-9.238246	0.004456
-9.234319	0.004470
-9.230392	0.004484
-9.226465	0.004499
-9.222538	0.004515
-9.218611	0.004528
-9.214684	0.004538
-9.210757	0.004541
-9.206830	0.004533
-9.202903	0.004513
-9.198976	0.004478
-9.195049	0.004427
-9.191122	0.004361
-9.187195	0.004282
-9.183268	0.004194
-9.179341	0.004098
-9.175414	0.003999
-9.171487	0.003901
-9.167560	0.003804
-9.163633	0.003712
-9.159706	0.003626
-9.155779	0.003546
-9.151852	0.003473
-9.147925	0.003408
-9.143998	0.003350
-9.140071	0.003300
-9.136144	0.003256
-9.132217	0.003219
-9.128290	0.003189
-9.124363	0.003165
-9.120436	0.003146
-9.116509	0.003134
-9.112582	0.003127
-9.108655	0.003125
-9.104728	0.003130
-9.100801	0.003139
-9.096874	0.003154
-9.092947	0.003174
-9.089020	0.003200
-9.085093	0.003232
-9.081166	0.003270
-9.077239	0.003314
-9.073312	0.003363
-9.069385	0.003419
-9.065458	0.003480
-9.061531	0.003547
-9.057604	0.003618
-9.053677	0.003695
-9.049750	0.003774
-9.045823	0.003857
-9.041896	0.003941
-9.037969	0.004026
-9.034042	0.004110
-9.030115	0.004193
-9.026188	0.004273
-9.022261	0.004349
-9.018334	0.004420
-9.014407	0.004486
-9.010480	0.004547
-9.006553	0.004602
-9.002626	0.004653
-8.998699	0.004700
-8.994772	0.004746
-8.990845	0.004790
-8.986918	0.004832
-8.982991	0.004871
-8.979065	0.004906
-8.975138	0.004932
-8.971211	0.004948
-8.967284	0.004948
-8.963357	0.004931
-8.959430	0.004895
-8.955503	0.004839
-8.951576	0.004766
-8.947649	0.004677
-8.943722	0.004576
-8.939795	0.004468
-8.935868	0.004356
-8.931941	0.004245
-8.928014	0.004136
-8.924087	0.004033
-8.920160	0.003936
-8.916233	0.003847
-8.912306	0.003766
-8.908379	0.003693
-8.904452	0.003629
-8.900525	0.003572
-8.896598	0.003524
-8.892671	0.003483
-8.888744	0.003448
-8.884817	0.003421
-8.880890	0.003400
-8.876963	0.003386
-8.873036	0.003377
-8.869109	0.003375
-8.865182	0.003378
-8.861255	0.003388
-8.857328	0.003403
-8.853401	0.003424
-8.849474	0.003452
-8.845547	0.003486
-8.841620	0.003527
-8.837693	0.003576
-8.833766	0.003631
-8.829839	0.003696
-8.825912	0.003768
-8.821985	0.003850
-8.818058	0.003941
-8.814131	0.004042
-8.810204	0.004152
-8.806277	0.004273
-8.802350	0.004403
-8.798423	0.004540
-8.794496	0.004684
-8.790569	0.004832
-8.786642	0.004980
-8.782715	0.005124
-8.778788	0.005258
-8.774861	0.005378
-8.770934	0.005478
-8.767007	0.005554
-8.763080	0.005604
-8.759153	0.005626
-8.755226	0.005621
-8.751299	0.005592
-8.747372	0.005540
-8.743445	0.005470
-8.739518	0.005384
-8.735591	0.005287
-8.731664	0.005181
-8.727737	0.005069
-8.723810	0.004953
-8.719883	0.004834
-8.715956	0.004714
-8.712029	0.004595
-8.708102	0.004478
-8.704175	0.004364
-8.700248	0.004253
-8.696321	0.004148
-8.692394	0.004049
-8.688467	0.003956
-8.684540	0.003871
-8.680613	0.003792
-8.676686	0.003720
-8.672759	0.003656
-8.668832	0.003598
-8.664905	0.003547
-8.660978	0.003501
-8.657051	0.003462
-8.653124	0.003428
-8.649197	0.003399
-8.645270	0.003375
-8.641343	0.003356
-8.637416	0.003341
-8.633489	0.003331
-8.629562	0.003325
-8.625635	0.003323
-8.621708	0.003325
-8.617781	0.003331
-8.613854	0.003341
-8.609927	0.003356
-8.606000	0.003375
-8.602073	0.003398
-8.598146	0.003426
-8.594219	0.003459
-8.590292	0.003498
-8.586365	0.003542
-8.582438	0.003592
-8.578511	0.003648
-8.574584	0.003710
-8.570657	0.003779
-8.566730	0.003855
-8.562803	0.003937
-8.558876	0.004026
-8.554949	0.004120
-8.551023	0.004220
-8.547096	0.004323
-8.543169	0.004429
-8.539242	0.004536
-8.535315	0.004640
-8.531388	0.004741
-8.527461	0.004836
-8.523534	0.004920
-8.519607	0.004993
-8.515680	0.005050
-8.511753	0.005089
-8.507826	0.005109
-8.503899	0.005109
-8.499972	0.005090
-8.496045	0.005054
-8.492118	0.005003
-8.488191	0.004940
-8.484264	0.004868
-8.480337	0.004789
-8.476410	0.004704
-8.472483	0.004616
-8.468556	0.004526
-8.464629	0.004434
-8.460702	0.004342
-8.456775	0.004251
-8.452848	0.004161
-8.448921	0.004075
-8.444994	0.003993
-8.441067	0.003916
-8.437140	0.003844
-8.433213	0.003778
-8.429286	0.003717
-8.425359	0.003663
-8.421432	0.003613
-8.417505	0.003569
-8.413578	0.003530
-8.409651	0.003496
-8.405724	0.003467
-8.401797	0.003441
-8.397870	0.003420
-8.393943	0.003402
-8.390016	0.003388
-8.386089	0.003377
-8.382162	0.003369
-8.378235	0.003365
-8.374308	0.003363
-8.370381	0.003364
-8.366454	0.003369
-8.362527	0.003376
-8.358600	0.003387
-8.354673	0.003400
-8.350746	0.003417
-8.346819	0.003437
-8.342892	0.003460
-8.338965	0.003488
-8.335038	0.003519
-8.331111	0.003554
-8.327184	0.003594
-8.323257	0.003639
-8.319330	0.003689
-8.315403	0.003744
-8.311476	0.003806
-8.307549	0.003873
-8.303622	0.003947
-8.299695	0.004026
-8.295768	0.004112
-8.291841	0.004204
-8.287914	0.004300
-8.283987	0.004399
-8.280060	0.004500
-8.276133	0.004600
-8.272206	0.004697
-8.268279	0.004788
-8.264352	0.004870
-8.260425	0.004939
-8.256498	0.004995
-8.252571	0.005034
-8.248644	0.005056
-8.244717	0.005060
-8.240790	0.005046
-8.236863	0.005014
-8.232936	0.004968
-8.229009	0.004909
-8.225082	0.004838
-8.221155	0.004760
-8.217228	0.004676
-8.213301	0.004589
-8.209374	0.004501
-8.205447	0.004414
-8.201520	0.004329
-8.197593	0.004248
-8.193666	0.004171
-8.189739	0.004099
-8.185812	0.004033
-8.181885	0.003973
-8.177958	0.003919
-8.174031	0.003870
-8.170104	0.003827
-8.166177	0.003789
-8.162250	0.003756
-8.158323	0.003728
-8.154396	0.003704
-8.150469	0.003684
-8.146542	0.003669
-8.142615	0.003657
-8.138688	0.003649
-8.134761	0.003644
-8.130834	0.003643
-8.126907	0.003645
-8.122981	0.003650
-8.119054	0.003658
-8.115127	0.003669
-8.111200	0.003682
-8.107273	0.003699
-8.103346	0.003718
-8.099419	0.003739
-8.095492	0.003761
-8.091565	0.003785
-8.087638	0.003811
-8.083711	0.003836
-8.079784	0.003863
-8.075857	0.003889
-8.071930	0.003916
-8.068003	0.003943
-8.064076	0.003972
-8.060149	0.004001
-8.056222	0.004032
-8.052295	0.004065
-8.048368	0.004099
-8.044441	0.004134
-8.040514	0.004171
-8.036587	0.004210
-8.032660	0.004249
-8.028733	0.004288
-8.024806	0.004328
-8.020879	0.004368
-8.016952	0.004408
-8.013025	0.004448
-8.009098	0.004485
-8.005171	0.004521
-8.001244	0.004554
-7.997317	0.004582
-7.993390	0.004607
-7.989463	0.004626
-7.985536	0.004639
-7.981609	0.004647
-7.977682	0.004648
-7.973755	0.004644
-7.969828	0.004634
-7.965901	0.004619
-7.961974	0.004599
-7.958047	0.004576
-7.954120	0.004551
-7.950193	0.004523
-7.946266	0.004493
-7.942339	0.004462
-7.938412	0.004429
-7.934485	0.004395
-7.930558	0.004360
-7.926631	0.004324
-7.922704	0.004289
-7.918777	0.004256
-7.914850	0.004224
-7.910923	0.004194
-7.906996	0.004167
-7.903069	0.004143
-7.899142	0.004123
-7.895215	0.004107
-7.891288	0.004094
-7.887361	0.004084
-7.883434	0.004078
-7.879507	0.004076
-7.875580	0.004077
-7.871653	0.004081
-7.867726	0.004089
-7.863799	0.004100
-7.859872	0.004114
-7.855945	0.004132
-7.852018	0.004154
-7.848091	0.004179
-7.844164	0.004207
-7.840237	0.004240
-7.836310	0.004277
-7.832383	0.004319
-7.828456	0.004365
-7.824529	0.004417
-7.820602	0.004474
-7.816675	0.004537
-7.812748	0.004607
-7.808821	0.004683
-7.804894	0.004768
-7.800967	0.004861
-7.797040	0.004962
-7.793113	0.005072
-7.789186	0.005191
-7.785259	0.005318
-7.781332	0.005454
-7.777405	0.005597
-7.773478	0.005745
-7.769551	0.005896
-7.765624	0.006045
-7.761697	0.006187
-7.757770	0.006319
-7.753843	0.006435
-7.749916	0.006528
-7.745989	0.006597
-7.742062	0.006637
-7.738135	0.006647
-7.734208	0.006629
-7.730281	0.006585
-7.726354	0.006517
-7.722427	0.006430
-7.718500	0.006329
-7.714573	0.006217
-7.710646	0.006098
-7.706719	0.005977
-7.702792	0.005856
-7.698865	0.005738
-7.694939	0.005626
-7.691012	0.005520
-7.687085	0.005423
-7.683158	0.005334
-7.679231	0.005253
-7.675304	0.005182
-7.671377	0.005120
-7.667450	0.005066
-7.663523	0.005020
-7.659596	0.004982
-7.655669	0.004951
-7.651742	0.004927
-7.647815	0.004911
-7.643888	0.004901
-7.639961	0.004898
-7.636034	0.004900
-7.632107	0.004909
-7.628180	0.004925
-7.624253	0.004946
-7.620326	0.004973
-7.616399	0.005006
-7.612472	0.005044
-7.608545	0.005087
-7.604618	0.005134
-7.600691	0.005185
-7.596764	0.005238
-7.592837	0.005292
-7.588910	0.005344
-7.584983	0.005394
-7.581056	0.005439
-7.577129	0.005478
-7.573202	0.005509
-7.569275	0.005534
-7.565348	0.005551
-7.561421	0.005563
-7.557494	0.005569
-7.553567	0.005570
-7.549640	0.005569
-7.545713	0.005564
-7.541786	0.005557
-7.537859	0.005548
-7.533932	0.005536
-7.530005	0.005520
-7.526078	0.005502
-7.522151	0.005481
-7.518224	0.005458
-7.514297	0.005431
-7.510370	0.005403
-7.506443	0.005374
-7.502516	0.005344
-7.498589	0.005315
-7.494662	0.005288
-7.490735	0.005263
-7.486808	0.005242
-7.482881	0.005224
-7.478954	0.005210
-7.475027	0.005202
-7.471100	0.005198
-7.467173	0.005199
-7.463246	0.005204
-7.459319	0.005214
-7.455392	0.005229
-7.451465	0.005246
-7.447538	0.005266
-7.443611	0.005288
-7.439684	0.005310
-7.435757	0.005331
-7.431830	0.005350
-7.427903	0.005366
-7.423976	0.005377
-7.420049	0.005384
-7.416122	0.005387
-7.412195	0.005385
-7.408268	0.005381
-7.404341	0.005374
-7.400414	0.005367
-7.396487	0.005360
-7.392560	0.005355
-7.388633	0.005352
-7.384706	0.005352
-7.380779	0.005355
-7.376852	0.005363
-7.372925	0.005375
-7.368998	0.005391
-7.365071	0.005412
-7.361144	0.005438
-7.357217	0.005468
-7.353290	0.005504
-7.349363	0.005544
-7.345436	0.005590
-7.341509	0.005640
-7.337582	0.005694
-7.333655	0.005752
-7.329728	0.005814
-7.325801	0.005877
-7.321874	0.005942
-7.317947	0.006006
-7.314020	0.006069
-7.310093	0.006128
-7.306166	0.006183
-7.302239	0.006232
-7.298312	0.006277
-7.294385	0.006316
-7.290458	0.006351
-7.286531	0.006383
-7.282604	0.006414
-7.278677	0.006444
-7.274750	0.006475
-7.270823	0.006507
-7.266897	0.006541
-7.262970	0.006578
-7.259043	0.006616
-7.255116	0.006655
-7.251189	0.006695
-7.247262	0.006734
-7.243335	0.006772
-7.239408	0.006806
-7.235481	0.006837
-7.231554	0.006861
-7.227627	0.006878
-7.223700	0.006887
-7.219773	0.006886
-7.215846	0.006876
-7.211919	0.006856
-7.207992	0.006829
-7.204065	0.006795
-7.200138	0.006757
-7.196211	0.006717
-7.192284	0.006677
-7.188357	0.006640
-7.184430	0.006606
-7.180503	0.006577
-7.176576	0.006554
-7.172649	0.006537
-7.168722	0.006528
-7.164795	0.006525
-7.160868	0.006529
-7.156941	0.006541
-7.153014	0.006560
-7.149087	0.006586
-7.145160	0.006620
-7.141233	0.006661
-7.137306	0.006710
-7.133379	0.006766
-7.129452	0.006829
-7.125525	0.006899
-7.121598	0.006976
-7.117671	0.007058
-7.113744	0.007145
-7.109817	0.007236
-7.105890	0.007329
-7.101963	0.007422
-7.098036	0.007513
-7.094109	0.007600
-7.090182	0.007683
-7.086255	0.007760
-7.082328	0.007831
-7.078401	0.007897
-7.074474	0.007960
-7.070547	0.008020
-7.066620	0.008079
-7.062693	0.008138
-7.058766	0.008199
-7.054839	0.008262
-7.050912	0.008328
-7.046985	0.008396
-7.043058	0.008465
-7.039131	0.008535
-7.035204	0.008603
-7.031277	0.008667
-7.027350	0.008724
-7.023423	0.008769
-7.019496	0.008800
-7.015569	0.008814
-7.011642	0.008808
-7.007715	0.008781
-7.003788	0.008734
-6.999861	0.008669
-6.995934	0.008589
-6.992007	0.008498
-6.988080	0.008401
-6.984153	0.008301
-6.980226	0.008202
-6.976299	0.008107
-6.972372	0.008017
-6.968445	0.007935
-6.964518	0.007860
-6.960591	0.007793
-6.956664	0.007734
-6.952737	0.007684
-6.948810	0.007641
-6.944883	0.007606
-6.940956	0.007578
-6.937029	0.007556
-6.933102	0.007540
-6.929175	0.007531
-6.925248	0.007527
-6.921321	0.007528
-6.917394	0.007533
-6.913467	0.007544
-6.909540	0.007559
-6.905613	0.007579
-6.901686	0.007603
-6.897759	0.007632
-6.893832	0.007665
-6.889905	0.007702
-6.885978	0.007744
-6.882051	0.007790
-6.878124	0.007842
-6.874197	0.007897
-6.870270	0.007958
-6.866343	0.008024
-6.862416	0.008094
-6.858489	0.008169
-6.854562	0.008249
-6.850635	0.008332
-6.846708	0.008420
-6.842781	0.008510
-6.838855	0.008603
-6.834928	0.008696
-6.831001	0.008791
-6.827074	0.008887
-6.823147	0.008982
-6.819220	0.009079
-6.815293	0.009175
-6.811366	0.009274
-6.807439	0.009374
-6.803512	0.009476
-6.799585	0.009580
-6.795658	0.009685
-6.791731	0.009791
-6.787804	0.009896
-6.783877	0.009998
-6.779950	0.010093
-6.776023	0.010179
-6.772096	0.010253
-6.768169	0.010313
-6.764242	0.010358
-6.760315	0.010388
-6.756388	0.010403
-6.752461	0.010406
-6.748534	0.010399
-6.744607	0.010384
-6.740680	0.010365
-6.736753	0.010342
-6.732826	0.010318
-6.728899	0.010294
-6.724972	0.010272
-6.721045	0.010251
-6.717118	0.010233
-6.713191	0.010218
-6.709264	0.010207
-6.705337	0.010198
-6.701410	0.010194
-6.697483	0.010193
-6.693556	0.010197
-6.689629	0.010205
-6.685702	0.010219
-6.681775	0.010239
-6.677848	0.010265
-6.673921	0.010298
-6.669994	0.010339
-6.666067	0.010388
-6.662140	0.010445
-6.658213	0.010510
-6.654286	0.010585
-6.650359	0.010668
-6.646432	0.010761
-6.642505	0.010864
-6.638578	0.010977
-6.634651	0.011101
-6.630724	0.011236
-6.626797	0.011383
-6.622870	0.011542
-6.618943	0.011713
-6.615016	0.011897
-6.611089	0.012093
-6.607162	0.012300
-6.603235	0.012518
-6.599308	0.012743
-6.595381	0.012974
-6.591454	0.013207
-6.587527	0.013438
-6.583600	0.013661
-6.579673	0.013870
-6.575746	0.014062
-6.571819	0.014230
-6.567892	0.014369
-6.563965	0.014477
-6.560038	0.014554
-6.556111	0.014599
-6.552184	0.014616
-6.548257	0.014609
-6.544330	0.014584
-6.540403	0.014547
-6.536476	0.014502
-6.532549	0.014453
-6.528622	0.014404
-6.524695	0.014358
-6.520768	0.014316
-6.516841	0.014280
-6.512914	0.014249
-6.508987	0.014226
-6.505060	0.014210
-6.501133	0.014202
-6.497206	0.014203
-6.493279	0.014214
-6.489352	0.014235
-6.485425	0.014266
-6.481498	0.014309
-6.477571	0.014362
-6.473644	0.014427
-6.469717	0.014504
-6.465790	0.014591
-6.461863	0.014690
-6.457936	0.014800
-6.454009	0.014921
-6.450082	0.015053
-6.446155	0.015196
-6.442228	0.015351
-6.438301	0.015517
-6.434374	0.015695
-6.430447	0.015885
-6.426520	0.016087
-6.422593	0.016302
-6.418666	0.016529
-6.414739	0.016770
-6.410813	0.017023
-6.406886	0.017289
-6.402959	0.017567
-6.399032	0.017856
-6.395105	0.018156
-6.391178	0.018464
-6.387251	0.018778
-6.383324	0.019098
-6.379397	0.019421
-6.375470	0.019746
-6.371543	0.020073
-6.367616	0.020401
-6.363689	0.020733
-6.359762	0.021070
-6.355835	0.021415
-6.351908	0.021770
-6.347981	0.022140
-6.344054	0.022528
-6.340127	0.022937
-6.336200	0.023372
-6.332273	0.023837
-6.328346	0.024334
-6.324419	0.024869
-6.320492	0.025445
-6.316565	0.026066
-6.312638	0.026736
-6.308711	0.027459
-6.304784	0.028241
-6.300857	0.029085
-6.296930	0.029998
-6.293003	0.030985
-6.289076	0.032053
-6.285149	0.033209
-6.281222	0.034459
-6.277295	0.035811
-6.273368	0.037274
-6.269441	0.038855
-6.265514	0.040562
-6.261587	0.042401
-6.257660	0.044378
-6.253733	0.046497
-6.249806	0.048762
-6.245879	0.051173
-6.241952	0.053729
-6.238025	0.056427
-6.234098	0.059258
-6.230171	0.062211
-6.226244	0.065269
-6.222317	0.068409
-6.218390	0.071598
-6.214463	0.074801
-6.210536	0.077978
-6.206609	0.081095
-6.202682	0.084125
-6.198755	0.087060
-6.194828	0.089906
-6.190901	0.092689
-6.186974	0.095443
-6.183047	0.098201
-6.179120	0.100986
-6.175193	0.103797
-6.171266	0.106601
-6.167339	0.109331
-6.163412	0.111884
-6.159485	0.114129
-6.155558	0.115920
-6.151631	0.117113
-6.147704	0.117584
-6.143777	0.117252
-6.139850	0.116088
-6.135923	0.114119
-6.131996	0.111428
-6.128069	0.108138
-6.124142	0.104397
-6.120215	0.100360
-6.116288	0.096176
-6.112361	0.091976
-6.108434	0.087865
-6.104507	0.083925
-6.100580	0.080213
-6.096653	0.076766
-6.092726	0.073604
-6.088799	0.070732
-6.084872	0.068149
-6.080945	0.065846
-6.077018	0.063810
-6.073091	0.062026
-6.069164	0.060478
-6.065237	0.059153
-6.061310	0.058034
-6.057383	0.057109
-6.053456	0.056365
-6.049529	0.055793
-6.045602	0.055382
-6.041675	0.055126
-6.037748	0.055018
-6.033821	0.055053
-6.029894	0.055228
-6.025967	0.055542
-6.022040	0.055992
-6.018113	0.056580
-6.014186	0.057308
-6.010259	0.058179
-6.006332	0.059198
-6.002405	0.060370
-5.998478	0.061703
-5.994551	0.063206
-5.990624	0.064891
-5.986698	0.066769
-5.982771	0.068855
-5.978844	0.071167
-5.974917	0.073721
-5.970990	0.076540
-5.967063	0.079647
-5.963136	0.083068
-5.959209	0.086829
-5.955282	0.090960
-5.951355	0.095493
-5.947428	0.100456
-5.943501	0.105879
-5.939574	0.111788
-5.935647	0.118200
-5.931720	0.125124
-5.927793	0.132552
-5.923866	0.140454
-5.919939	0.148775
-5.916012	0.157430
-5.912085	0.166299
-5.908158	0.175232
-5.904231	0.184053
-5.900304	0.192575
-5.896377	0.200611
-5.892450	0.207994
-5.888523	0.214581
-5.884596	0.220260
-5.880669	0.224945
-5.876742	0.228564
-5.872815	0.231054
-5.868888	0.232350
-5.864961	0.232400
-5.861034	0.231175
-5.857107	0.228694
-5.853180	0.225035
-5.849253	0.220344
-5.845326	0.214829
-5.841399	0.208740
-5.837472	0.202346
-5.833545	0.195905
-5.829618	0.189649
-5.825691	0.183766
-5.821764	0.178393
-5.817837	0.173621
-5.813910	0.169492
-5.809983	0.166004
-5.806056	0.163122
-5.802129	0.160777
-5.798202	0.158875
-5.794275	0.157308
-5.790348	0.155960
-5.786421	0.154721
-5.782494	0.153499
-5.778567	0.152230
-5.774640	0.150883
-5.770713	0.149459
-5.766786	0.147984
-5.762859	0.146498
-5.758932	0.145041
-5.755005	0.143644
-5.751078	0.142322
-5.747151	0.141072
-5.743224	0.139873
-5.739297	0.138701
-5.735370	0.137530
-5.731443	0.136346
-5.727516	0.135149
-5.723589	0.133958
-5.719662	0.132808
-5.715735	0.131745
-5.711808	0.130818
-5.707881	0.130076
-5.703954	0.129560
-5.700027	0.129302
-5.696100	0.129321
-5.692173	0.129629
-5.688246	0.130227
-5.684319	0.131115
-5.680392	0.132292
-5.676465	0.133761
-5.672538	0.135532
-5.668611	0.137623
-5.664684	0.140061
-5.660757	0.142873
-5.656830	0.146095
-5.652903	0.149757
-5.648976	0.153891
-5.645049	0.158527
-5.641122	0.163693
-5.637195	0.169416
-5.633268	0.175728
-5.629341	0.182660
-5.625414	0.190244
-5.621487	0.198509
-5.617560	0.207472
-5.613633	0.217128
-5.609706	0.227444
-5.605779	0.238346
-5.601852	0.249706
-5.597925	0.261347
-5.593998	0.273035
-5.590071	0.284494
-5.586144	0.295431
-5.582217	0.305558
-5.578290	0.314634
-5.574363	0.322489
-5.570436	0.329047
-5.566509	0.334325
-5.562582	0.338429
-5.558656	0.341525
-5.554729	0.343824
-5.550802	0.345555
-5.546875	0.346956
-5.542948	0.348266
-5.539021	0.349718
-5.535094	0.351544
-5.531167	0.353970
-5.527240	0.357212
-5.523313	0.361462
-5.519386	0.366876
-5.515459	0.373558
-5.511532	0.381548
-5.507605	0.390817
-5.503678	0.401273
-5.499751	0.412772
-5.495824	0.425150
-5.491897	0.438249
-5.487970	0.451950
-5.484043	0.466193
-5.480116	0.480978
-5.476189	0.496340
-5.472262	0.512307
-5.468335	0.528849
-5.464408	0.545830
-5.460481	0.562981
-5.456554	0.579897
-5.452627	0.596075
-5.448700	0.610954
-5.444773	0.623972
-5.440846	0.634598
-5.436919	0.642342
-5.432992	0.646750
-5.429065	0.647410
-5.425138	0.643989
-5.421211	0.636309
-5.417284	0.624419
-5.413357	0.608644
-5.409430	0.589570
-5.405503	0.567977
-5.401576	0.544737
-5.397649	0.520718
-5.393722	0.496703
-5.389795	0.473347
-5.385868	0.451162
-5.381941	0.430518
-5.378014	0.411664
-5.374087	0.394745
-5.370160	0.379819
-5.366233	0.366884
-5.362306	0.355884
-5.358379	0.346731
-5.354452	0.339310
-5.350525	0.333492
-5.346598	0.329139
-5.342671	0.326108
-5.338744	0.324257
-5.334817	0.323451
-5.330890	0.323571
-5.326963	0.324525
-5.323036	0.326263
-5.319109	0.328781
-5.315182	0.332123
-5.311255	0.336372
-5.307328	0.341635
-5.303401	0.348022
-5.299474	0.355629
-5.295547	0.364523
-5.291620	0.374724
-5.287693	0.386204
-5.283766	0.398882
-5.279839	0.412623
-5.275912	0.427249
-5.271985	0.442549
-5.268058	0.458287
-5.264131	0.474206
-5.260204	0.490029
-5.256277	0.505449
-5.252350	0.520107
-5.248423	0.533578
-5.244496	0.545360
-5.240569	0.554876
-5.236642	0.561502
-5.232715	0.564626
-5.228788	0.563758
-5.224861	0.558667
-5.220934	0.549513
-5.217007	0.536887
-5.213080	0.521732
-5.209153	0.505154
-5.205226	0.488204
-5.201299	0.471710
-5.197372	0.456194
-5.193445	0.441888
-5.189518	0.428809
-5.185591	0.416861
-5.181664	0.405931
-5.177737	0.395945
-5.173810	0.386898
-5.169883	0.378850
-5.165956	0.371900
-5.162029	0.366166
-5.158102	0.361750
-5.154175	0.358726
-5.150248	0.357115
-5.146321	0.356881
-5.142394	0.357921
-5.138467	0.360060
-5.134540	0.363055
-5.130614	0.366596
-5.126687	0.370315
-5.122760	0.373808
-5.118833	0.376662
-5.114906	0.378490
-5.110979	0.378980
-5.107052	0.377931
-5.103125	0.375277
-5.099198	0.371091
-5.095271	0.365559
-5.091344	0.358938
-5.087417	0.351510
-5.083490	0.343551
-5.079563	0.335305
-5.075636	0.326983
-5.071709	0.318766
-5.067782	0.310810
-5.063855	0.303250
-5.059928	0.296198
-5.056001	0.289741
-5.052074	0.283943
-5.048147	0.278845
-5.044220	0.274474
-5.040293	0.270849
-5.036366	0.267992
-5.032439	0.265932
-5.028512	0.264709
-5.024585	0.264371
-5.020658	0.264974
-5.016731	0.266571
-5.012804	0.269208
-5.008877	0.272919
-5.004950	0.277716
-5.001023	0.283587
-4.997096	0.290484
-4.993169	0.298320
-4.989242	0.306961
-4.985315	0.316223
-4.981388	0.325872
-4.977461	0.335641
-4.973534	0.345238
-4.969607	0.354380
-4.965680	0.362818
-4.961753	0.370363
-4.957826	0.376902
-4.953899	0.382409
-4.949972	0.386932
-4.946045	0.390581
-4.942118	0.393497
-4.938191	0.395830
-4.934264	0.397701
-4.930337	0.399187
-4.926410	0.400304
-4.922483	0.401013
-4.918556	0.401235
-4.914629	0.400873
-4.910702	0.399841
-4.906775	0.398073
-4.902848	0.395525
-4.898921	0.392177
-4.894994	0.388027
-4.891067	0.383101
-4.887140	0.377459
-4.883213	0.371211
-4.879286	0.364510
-4.875359	0.357553
-4.871432	0.350562
-4.867505	0.343776
-4.863578	0.337435
-4.859651	0.331769
-4.855724	0.326988
-4.851797	0.323273
-4.847870	0.320778
-4.843943	0.319626
-4.840016	0.319914
-4.836089	0.321715
-4.832162	0.325073
-4.828235	0.330012
-4.824308	0.336522
-4.820381	0.344560
-4.816454	0.354037
-4.812527	0.364816
-4.808600	0.376702
-4.804673	0.389442
-4.800746	0.402734
-4.796819	0.416246
-4.792892	0.429638
-4.788965	0.442602
-4.785038	0.454891
-4.781111	0.466336
-4.777184	0.476833
-4.773257	0.486315
-4.769330	0.494699
-4.765403	0.501833
-4.761476	0.507486
-4.757549	0.511374
-4.753622	0.513226
-4.749695	0.512882
-4.745768	0.510353
-4.741841	0.505839
-4.737914	0.499693
-4.733987	0.492351
-4.730060	0.484265
-4.726133	0.475848
-4.722206	0.467451
-4.718279	0.459346
-4.714352	0.451735
-4.710425	0.444740
-4.706498	0.438414
-4.702572	0.432734
-4.698645	0.427604
-4.694718	0.422853
-4.690791	0.418236
-4.686864	0.413450
-4.682937	0.408153
-4.679010	0.402005
-4.675083	0.394716
-4.671156	0.386088
-4.667229	0.376056
-4.663302	0.364690
-4.659375	0.352187
-4.655448	0.338834
-4.651521	0.324964
-4.647594	0.310916
-4.643667	0.296999
-4.639740	0.283475
-4.635813	0.270546
-4.631886	0.258354
-4.627959	0.246987
-4.624032	0.236490
-4.620105	0.226871
-4.616178	0.218115
-4.612251	0.210187
-4.608324	0.203044
-4.604397	0.196637
-4.600470	0.190915
-4.596543	0.185829
-4.592616	0.181334
-4.588689	0.177389
-4.584762	0.173961
-4.580835	0.171022
-4.576908	0.168549
-4.572981	0.166524
-4.569054	0.164931
-4.565127	0.163759
-4.561200	0.162995
-4.557273	0.162629
-4.553346	0.162653
-4.549419	0.163058
-4.545492	0.163839
-4.541565	0.164990
-4.537638	0.166510
-4.533711	0.168399
-4.529784	0.170665
-4.525857	0.173319
-4.521930	0.176380
-4.518003	0.179873
-4.514076	0.183832
-4.510149	0.188294
-4.506222	0.193306
-4.502295	0.198916
-4.498368	0.205182
-4.494441	0.212162
-4.490514	0.219925
-4.486587	0.228544
-4.482660	0.238097
-4.478733	0.248671
-4.474806	0.260360
-4.470879	0.273264
-4.466952	0.287486
-4.463025	0.303135
-4.459098	0.320314
-4.455171	0.339121
-4.451244	0.359636
-4.447317	0.381910
-4.443390	0.405951
-4.439463	0.431707
-4.435536	0.459047
-4.431609	0.487741
-4.427682	0.517455
-4.423755	0.547746
-4.419828	0.578078
-4.415901	0.607860
-4.411974	0.636493
-4.408047	0.663427
-4.404120	0.688210
-4.400193	0.710511
-4.396266	0.730107
-4.392339	0.746844
-4.388412	0.760581
-4.384485	0.771144
-4.380558	0.778318
-4.376631	0.781872
-4.372704	0.781618
-4.368777	0.777464
-4.364850	0.769441
-4.360923	0.757701
-4.356996	0.742486
-4.353069	0.724100
-4.349142	0.702884
-4.345215	0.679224
-4.341288	0.653560
-4.337361	0.626391
-4.333434	0.598270
-4.329507	0.569772
-4.325580	0.541463
-4.321653	0.513850
-4.317726	0.487356
-4.313799	0.462299
-4.309872	0.438882
-4.305945	0.417201
-4.302018	0.397250
-4.298091	0.378938
-4.294164	0.362101
-4.290237	0.346520
-4.286310	0.331940
-4.282383	0.318098
-4.278456	0.304755
-4.274530	0.291732
-4.270603	0.278945
-4.266676	0.266418
-4.262749	0.254283
-4.258822	0.242748
-4.254895	0.232051
-4.250968	0.222405
-4.247041	0.213962
-4.243114	0.206796
-4.239187	0.200905
-4.235260	0.196232
-4.231333	0.192688
-4.227406	0.190173
-4.223479	0.188596
-4.219552	0.187880
-4.215625	0.187965
-4.211698	0.188812
-4.207771	0.190393
-4.203844	0.192688
-4.199917	0.195678
-4.195990	0.199345
-4.192063	0.203670
-4.188136	0.208633
-4.184209	0.214226
-4.180282	0.220451
-4.176355	0.227322
-4.172428	0.234862
-4.168501	0.243092
-4.164574	0.252014
-4.160647	0.261602
-4.156720	0.271777
-4.152793	0.282402
-4.148866	0.293264
-4.144939	0.304073
-4.141012	0.314469
-4.137085	0.324032
-4.133158	0.332321
-4.129231	0.338906
-4.125304	0.343420
-4.121377	0.345600
-4.117450	0.345320
-4.113523	0.342610
-4.109596	0.337649
-4.105669	0.330740
-4.101742	0.322277
-4.097815	0.312695
-4.093888	0.302429
-4.089961	0.291881
-4.086034	0.281396
-4.082107	0.271251
-4.078180	0.261655
-4.074253	0.252756
-4.070326	0.244647
-4.066399	0.237379
-4.062472	0.230974
-4.058545	0.225428
-4.054618	0.220727
-4.050691	0.216843
-4.046764	0.213748
-4.042837	0.211413
-4.038910	0.209810
-4.034983	0.208914
-4.031056	0.208705
-4.027129	0.209168
-4.023202	0.210292
-4.019275	0.212074
-4.015348	0.214516
-4.011421	0.217626
-4.007494	0.221419
-4.003567	0.225919
-3.999640	0.231153
-3.995713	0.237159
-3.991786	0.243979
-3.987859	0.251667
-3.983932	0.260280
-3.980005	0.269887
-3.976078	0.280562
-3.972151	0.292387
-3.968224	0.305451
-3.964297	0.319843
-3.960370	0.335652
-3.956443	0.352962
-3.952516	0.371842
-3.948589	0.392338
-3.944662	0.414459
-3.940735	0.438165
-3.936808	0.463349
-3.932881	0.489820
-3.928954	0.517292
-3.925027	0.545372
-3.921100	0.573565
-3.917173	0.601292
-3.913246	0.627923
-3.909319	0.652833
-3.905392	0.675452
-3.901465	0.695331
-3.897538	0.712176
-3.893611	0.725866
-3.889684	0.736447
-3.885757	0.744104
-3.881830	0.749117
-3.877903	0.751824
-3.873976	0.752584
-3.870049	0.751750
-3.866122	0.749649
-3.862195	0.746573
-3.858268	0.742777
-3.854341	0.738477
-3.850414	0.733852
-3.846488	0.729051
-3.842561	0.724198
-3.838634	0.719390
-3.834707	0.714711
-3.830780	0.710228
-3.826853	0.706002
-3.822926	0.702085
-3.818999	0.698528
-3.815072	0.695382
-3.811145	0.692696
-3.807218	0.690517
-3.803291	0.688888
-3.799364	0.687838
-3.795437	0.687381
-3.791510	0.687506
-3.787583	0.688185
-3.783656	0.689372
-3.779729	0.691020
-3.775802	0.693100
-3.771875	0.695609
-3.767948	0.698581
-3.764021	0.702074
-3.760094	0.706144
-3.756167	0.710816
-3.752240	0.716065
-3.748313	0.721810
-3.744386	0.727922
-3.740459	0.734242
-3.736532	0.740597
-3.732605	0.746819
-3.728678	0.752755
-3.724751	0.758278
-3.720824	0.763295
-3.716897	0.767747
-3.712970	0.771607
-3.709043	0.774867
-3.705116	0.777514
-3.701189	0.779508
-3.697262	0.780747
-3.693335	0.781034
-3.689408	0.780048
-3.685481	0.777339
-3.681554	0.772348
-3.677627	0.764476
-3.673700	0.753187
-3.669773	0.738137
-3.665846	0.719275
-3.661919	0.696882
-3.657992	0.671542
-3.654065	0.644041
-3.650138	0.615254
-3.646211	0.586027
-3.642284	0.557106
-3.638357	0.529088
-3.634430	0.502419
-3.630503	0.477398
-3.626576	0.454205
-3.622649	0.432922
-3.618722	0.413559
-3.614795	0.396081
-3.610868	0.380417
-3.606941	0.366480
-3.603014	0.354174
-3.599087	0.343403
-3.595160	0.334073
-3.591233	0.326097
-3.587306	0.319397
-3.583379	0.313905
-3.579452	0.309564
-3.575525	0.306325
-3.571598	0.304151
-3.567671	0.303014
-3.563744	0.302896
-3.559817	0.303786
-3.555890	0.305688
-3.551963	0.308612
-3.548036	0.312581
-3.544109	0.317630
-3.540182	0.323804
-3.536255	0.331157
-3.532328	0.339744
-3.528401	0.349623
-3.524474	0.360841
-3.520547	0.373425
-3.516620	0.387378
-3.512693	0.402661
-3.508766	0.419186
-3.504839	0.436807
-3.500912	0.455313
-3.496985	0.474436
-3.493058	0.493860
-3.489131	0.513253
-3.485204	0.532304
-3.481277	0.550764
-3.477350	0.568488
-3.473423	0.585456
-3.469496	0.601784
-3.465569	0.617690
-3.461642	0.633456
-3.457715	0.649360
-3.453788	0.665604
-3.449861	0.682238
-3.445934	0.699096
-3.442007	0.715749
-3.438080	0.731504
-3.434153	0.745452
-3.430226	0.756585
-3.426299	0.763949
-3.422372	0.766820
-3.418446	0.764838
-3.414519	0.758067
-3.410592	0.746969
-3.406665	0.732282
-3.402738	0.714873
-3.398811	0.695591
-3.394884	0.675165
-3.390957	0.654154
-3.387030	0.632943
-3.383103	0.611775
-3.379176	0.590786
-3.375249	0.570051
-3.371322	0.549625
-3.367395	0.529560
-3.363468	0.509921
-3.359541	0.490781
-3.355614	0.472223
-3.351687	0.454328
-3.347760	0.437184
-3.343833	0.420874
-3.339906	0.405480
-3.335979	0.391081
-3.332052	0.377743
-3.328125	0.365522
-3.324198	0.354454
-3.320271	0.344561
-3.316344	0.335844
-3.312417	0.328294
-3.308490	0.321885
-3.304563	0.316587
-3.300636	0.312364
-3.296709	0.309177
-3.292782	0.306989
-3.288855	0.305766
-3.284928	0.305482
-3.281001	0.306118
-3.277074	0.307664
-3.273147	0.310126
-3.269220	0.313515
-3.265293	0.317854
-3.261366	0.323169
-3.257439	0.329485
-3.253512	0.336821
-3.249585	0.345180
-3.245658	0.354548
-3.241731	0.364882
-3.237804	0.376108
-3.233877	0.388116
-3.229950	0.400763
-3.226023	0.413878
-3.222096	0.427280
-3.218169	0.440795
-3.214242	0.454287
-3.210315	0.467685
-3.206388	0.481003
-3.202461	0.494353
-3.198534	0.507939
-3.194607	0.522038
-3.190680	0.536967
-3.186753	0.553042
-3.182826	0.570542
-3.178899	0.589667
-3.174972	0.610514
-3.171045	0.633053
-3.167118	0.657117
-3.163191	0.682402
-3.159264	0.708478
-3.155337	0.734826
-3.151410	0.760879
-3.147483	0.786083
-3.143556	0.809952
-3.139629	0.832122
-3.135702	0.852373
-3.131775	0.870634
-3.127848	0.886960
-3.123921	0.901500
-3.119994	0.914447
-3.116067	0.926001
-3.112140	0.936335
-3.108213	0.945577
-3.104286	0.953799
-3.100359	0.961036
-3.096432	0.967310
-3.092505	0.972659
-3.088578	0.977181
-3.084651	0.981051
-3.080724	0.984524
-3.076797	0.987916
-3.072870	0.991559
-3.068943	0.995761
-3.065016	1.000756
-3.061089	1.006696
-3.057162	1.013642
-3.053235	1.021592
-3.049308	1.030505
-3.045381	1.040331
-3.041454	1.051026
-3.037527	1.062551
-3.033600	1.074866
-3.029673	1.087901
-3.025746	1.101522
-3.021819	1.115499
-3.017892	1.129464
-3.013965	1.142889
-3.010038	1.155087
-3.006111	1.165231
-3.002184	1.172414
-2.998257	1.175718
-2.994330	1.174301
-2.990404	1.167481
-2.986477	1.154804
-2.982550	1.136104
-2.978623	1.111528
-2.974696	1.081535
-2.970769	1.046861
-2.966842	1.008448
-2.962915	0.967361
-2.958988	0.924692
-2.955061	0.881468
-2.951134	0.838592
-2.947207	0.796803
-2.943280	0.756670
-2.939353	0.718600
-2.935426	0.682865
-2.931499	0.649630
-2.927572	0.618972
-2.923645	0.590907
-2.919718	0.565404
-2.915791	0.542394
-2.911864	0.521788
-2.907937	0.503475
-2.904010	0.487336
-2.900083	0.473246
-2.896156	0.461078
-2.892229	0.450710
-2.888302	0.442027
-2.884375	0.434921
-2.880448	0.429294
-2.876521	0.425053
-2.872594	0.422108
-2.868667	0.420366
-2.864740	0.419722
-2.860813	0.420061
-2.856886	0.421251
-2.852959	0.423150
-2.849032	0.425611
-2.845105	0.428498
-2.841178	0.431704
-2.837251	0.435165
-2.833324	0.438879
-2.829397	0.442904
-2.825470	0.447353
-2.821543	0.452378
-2.817616	0.458146
-2.813689	0.464812
-2.809762	0.472493
-2.805835	0.481254
-2.801908	0.491087
-2.797981	0.501912
-2.794054	0.513578
-2.790127	0.525878
-2.786200	0.538574
-2.782273	0.551424
-2.778346	0.564225
-2.774419	0.576831
-2.770492	0.589167
-2.766565	0.601224
-2.762638	0.613019
-2.758711	0.624550
-2.754784	0.635739
-2.750857	0.646384
-2.746930	0.656133
-2.743003	0.664488
-2.739076	0.670850
-2.735149	0.674602
-2.731222	0.675206
-2.727295	0.672311
-2.723368	0.665831
-2.719441	0.655972
-2.715514	0.643210
-2.711587	0.628217
-2.707660	0.611768
-2.703733	0.594642
-2.699806	0.577555
-2.695879	0.561109
-2.691952	0.545780
-2.688025	0.531916
-2.684098	0.519757
-2.680171	0.509452
-2.676244	0.501088
-2.672317	0.494705
-2.668390	0.490312
-2.664463	0.487906
-2.660536	0.487474
-2.656609	0.489009
-2.652682	0.492502
-2.648755	0.497958
-2.644828	0.505384
-2.640901	0.514798
-2.636974	0.526221
-2.633047	0.539675
-2.629120	0.555182
-2.625193	0.572757
-2.621266	0.592407
-2.617339	0.614131
-2.613412	0.637925
-2.609485	0.663787
-2.605558	0.691738
-2.601631	0.721827
-2.597704	0.754152
-2.593777	0.788857
-2.589850	0.826124
-2.585923	0.866139
-2.581996	0.909052
-2.578069	0.954919
-2.574142	1.003649
-2.570215	1.054945
-2.566288	1.108276
-2.562362	1.162856
-2.558435	1.217671
-2.554508	1.271539
-2.550581	1.323211
-2.546654	1.371491
-2.542727	1.415367
-2.538800	1.454111
-2.534873	1.487339
-2.530946	1.515016
-2.527019	1.537413
-2.523092	1.555036
-2.519165	1.568542
-2.515238	1.578660
-2.511311	1.586121
-2.507384	1.591612
-2.503457	1.595725
-2.499530	1.598920
-2.495603	1.601479
-2.491676	1.603455
-2.487749	1.604619
-2.483822	1.604416
-2.479895	1.601967
-2.475968	1.596124
-2.472041	1.585595
-2.468114	1.569152
-2.464187	1.545852
-2.460260	1.515248
-2.456333	1.477512
-2.452406	1.433441
-2.448479	1.384340
-2.444552	1.331839
-2.440625	1.277669
-2.436698	1.223479
-2.432771	1.170700
-2.428844	1.120481
-2.424917	1.073672
-2.420990	1.030856
-2.417063	0.992388
-2.413136	0.958449
-2.409209	0.929098
-2.405282	0.904310
-2.401355	0.884016
-2.397428	0.868126
-2.393501	0.856548
-2.389574	0.849206
-2.385647	0.846046
-2.381720	0.847044
-2.377793	0.852212
-2.373866	0.861597
-2.369939	0.875282
-2.366012	0.893389
-2.362085	0.916072
-2.358158	0.943511
-2.354231	0.975906
-2.350304	1.013462
-2.346377	1.056366
-2.342450	1.104763
-2.338523	1.158714
-2.334596	1.218142
-2.330669	1.282776
-2.326742	1.352066
-2.322815	1.425113
-2.318888	1.500590
-2.314961	1.576704
-2.311034	1.651196
-2.307107	1.721431
-2.303180	1.784574
-2.299253	1.837867
-2.295326	1.878962
-2.291399	1.906254
-2.287472	1.919142
-2.283545	1.918134
-2.279618	1.904786
-2.275691	1.881458
-2.271764	1.850985
-2.267837	1.816298
-2.263910	1.780098
-2.259983	1.744612
-2.256056	1.711444
-2.252129	1.681526
-2.248202	1.655139
-2.244275	1.631995
-2.240348	1.611365
-2.236421	1.592239
-2.232494	1.573505
-2.228567	1.554128
-2.224640	1.533289
-2.220713	1.510482
-2.216786	1.485542
-2.212859	1.458622
-2.208932	1.430122
-2.205005	1.400598
-2.201078	1.370678
-2.197151	1.340977
-2.193224	1.312039
-2.189297	1.284297
-2.185370	1.258053
-2.181443	1.233484
-2.177516	1.210658
-2.173589	1.189562
-2.169662	1.170125
-2.165735	1.152250
-2.161808	1.135825
-2.157881	1.120741
-2.153954	1.106892
-2.150027	1.094180
-2.146100	1.082518
-2.142173	1.071825
-2.138246	1.062028
-2.134320	1.053062
-2.130393	1.044867
-2.126466	1.037390
-2.122539	1.030580
-2.118612	1.024393
-2.114685	1.018790
-2.110758	1.013734
-2.106831	1.009194
-2.102904	1.005140
-2.098977	1.001548
-2.095050	0.998394
-2.091123	0.995660
-2.087196	0.993329
-2.083269	0.991385
-2.079342	0.989818
-2.075415	0.988616
-2.071488	0.987772
-2.067561	0.987278
-2.063634	0.987131
-2.059707	0.987326
-2.055780	0.987861
-2.051853	0.988737
-2.047926	0.989953
-2.043999	0.991509
-2.040072	0.993409
-2.036145	0.995653
-2.032218	0.998244
-2.028291	1.001183
-2.024364	1.004472
-2.020437	1.008109
-2.016510	1.012090
-2.012583	1.016411
-2.008656	1.021058
-2.004729	1.026014
-2.000802	1.031254
-1.996875	1.036742
-1.992948	1.042430
-1.989021	1.048256
-1.985094	1.054142
-1.981167	1.059991
-1.977240	1.065690
-1.973313	1.071116
-1.969386	1.076135
-1.965459	1.080626
-1.961532	1.084493
-1.957605	1.087692
-1.953678	1.090266
-1.949751	1.092365
-1.945824	1.094277
-1.941897	1.096421
-1.937970	1.099338
-1.934043	1.103637
-1.930116	1.109936
-1.926189	1.118776
-1.922262	1.130541
-1.918335	1.145386
-1.914408	1.163171
-1.910481	1.183427
-1.906554	1.205344
-1.902627	1.227799
-1.898700	1.249418
-1.894773	1.268688
-1.890846	1.284094
-1.886919	1.294269
-1.882992	1.298124
-1.879065	1.294935
-1.875138	1.284375
-1.871211	1.266505
-1.867284	1.241726
-1.863357	1.210721
-1.859430	1.174398
-1.855503	1.133830
-1.851576	1.090195
-1.847649	1.044705
-1.843722	0.998539
-1.839795	0.952775
-1.835868	0.908342
-1.831941	0.865989
-1.828014	0.826278
-1.824087	0.789596
-1.820160	0.756179
-1.816233	0.726145
-1.812306	0.699520
-1.808379	0.676269
-1.804452	0.656320
-1.800525	0.639579
-1.796598	0.625943
-1.792671	0.615312
-1.788744	0.607589
-1.784817	0.602682
-1.780890	0.600502
-1.776963	0.600957
-1.773036	0.603944
-1.769109	0.609336
-1.765182	0.616975
-1.761255	0.626655
-1.757328	0.638115
-1.753401	0.651034
-1.749474	0.665037
-1.745547	0.679706
-1.741620	0.694609
-1.737693	0.709331
-1.733766	0.723507
-1.729839	0.736848
-1.725912	0.749159
-1.721985	0.760339
-1.718058	0.770371
-1.714131	0.779307
-1.710205	0.787242
-1.706278	0.794300
-1.702351	0.800613
-1.698424	0.806313
-1.694497	0.811522
-1.690570	0.816350
-1.686643	0.820893
-1.682716	0.825231
-1.678789	0.829432
-1.674862	0.833553
-1.670935	0.837640
-1.667008	0.841732
-1.663081	0.845860
-1.659154	0.850050
-1.655227	0.854322
-1.651300	0.858694
-1.647373	0.863182
-1.643446	0.867798
-1.639519	0.872554
-1.635592	0.877458
-1.631665	0.882521
-1.627738	0.887750
-1.623811	0.893154
-1.619884	0.898739
-1.615957	0.904513
-1.612030	0.910484
-1.608103	0.916659
-1.604176	0.923046
-1.600249	0.929652
-1.596322	0.936486
-1.592395	0.943556
-1.588468	0.950870
-1.584541	0.958438
-1.580614	0.966268
-1.576687	0.974371
-1.572760	0.982755
-1.568833	0.991432
-1.564906	1.000412
-1.560979	1.009704
-1.557052	1.019320
-1.553125	1.029270
-1.549198	1.039563
-1.545271	1.050210
-1.541344	1.061218
-1.537417	1.072595
-1.533490	1.084346
-1.529563	1.096475
-1.525636	1.108981
-1.521709	1.121859
-1.517782	1.135099
-1.513855	1.148683
-1.509928	1.162584
-1.506001	1.176762
-1.502074	1.191163
-1.498147	1.205714
-1.494220	1.220314
-1.490293	1.234837
-1.486366	1.249117
-1.482439	1.262943
-1.478512	1.276052
-1.474585	1.288116
-1.470658	1.298736
-1.466731	1.307434
-1.462804	1.313650
-1.458877	1.316748
-1.454950	1.316030
-1.451023	1.310766
-1.447096	1.300248
-1.443169	1.283851
-1.439242	1.261120
-1.435315	1.231855
-1.431388	1.196174
-1.427461	1.154558
-1.423534	1.107825
-1.419607	1.057073
-1.415680	1.003567
-1.411753	0.948616
-1.407826	0.893454
-1.403899	0.839153
-1.399972	0.786573
-1.396045	0.736347
-1.392118	0.688892
-1.388191	0.644442
-1.384264	0.603083
-1.380337	0.564791
-1.376410	0.529465
-1.372483	0.496954
-1.368556	0.467079
-1.364629	0.439646
-1.360702	0.414459
-1.356775	0.391328
-1.352848	0.370071
-1.348921	0.350517
-1.344994	0.332510
-1.341067	0.315905
-1.337140	0.300573
-1.333213	0.286394
-1.329286	0.273261
-1.325359	0.261080
-1.321432	0.249763
-1.317505	0.239232
-1.313578	0.229418
-1.309651	0.220259
-1.305724	0.211697
-1.301797	0.203683
-1.297870	0.196170
-1.293943	0.189117
-1.290016	0.182488
-1.286089	0.176248
-1.282163	0.170368
-1.278236	0.164819
-1.274309	0.159577
-1.270382	0.154619
-1.266455	0.149925
-1.262528	0.145475
-1.258601	0.141253
-1.254674	0.137242
-1.250747	0.133428
-1.246820	0.129799
-1.242893	0.126342
-1.238966	0.123045
-1.235039	0.119899
-1.231112	0.116895
-1.227185	0.114023
-1.223258	0.111276
-1.219331	0.108646
-1.215404	0.106126
-1.211477	0.103710
-1.207550	0.101393
-1.203623	0.099167
-1.199696	0.097030
-1.195769	0.094974
-1.191842	0.092998
-1.187915	0.091095
-1.183988	0.089262
-1.180061	0.087497
-1.176134	0.085794
-1.172207	0.084152
-1.168280	0.082567
-1.164353	0.081036
-1.160426	0.079557
-1.156499	0.078128
-1.152572	0.076746
-1.148645	0.075408
-1.144718	0.074114
-1.140791	0.072860
-1.136864	0.071646
-1.132937	0.070469
-1.129010	0.069328
-1.125083	0.068221
-1.121156	0.067147
-1.117229	0.066105
-1.113302	0.065092
-1.109375	0.064109
-1.105448	0.063154
-1.101521	0.062225
-1.097594	0.061322
-1.093667	0.060444
-1.089740	0.059589
-1.085813	0.058757
-1.081886	0.057947
-1.077959	0.057159
-1.074032	0.056390
-1.070105	0.055642
-1.066178	0.054912
-1.062251	0.054201
-1.058324	0.053507
-1.054397	0.052830
-1.050470	0.052170
-1.046543	0.051526
-1.042616	0.050897
-1.038689	0.050282
-1.034762	0.049682
-1.030835	0.049096
-1.026908	0.048524
-1.022981	0.047964
-1.019054	0.047417
-1.015127	0.046882
-1.011200	0.046359
-1.007273	0.045848
-1.003346	0.045347
-0.999419	0.044857
-0.995492	0.044378
-0.991565	0.043909
-0.987638	0.043450
-0.983711	0.043000
-0.979784	0.042559
-0.975857	0.042128
-0.971930	0.041705
-0.968003	0.041291
-0.964076	0.040885
-0.960149	0.040487
-0.956222	0.040097
-0.952295	0.039714
-0.948368	0.039339
-0.944441	0.038971
-0.940514	0.038610
-0.936587	0.038256
-0.932660	0.037908
-0.928733	0.037567
-0.924806	0.037232
-0.920879	0.036904
-0.916952	0.036581
-0.913025	0.036264
-0.909098	0.035953
-0.905171	0.035648
-0.901244	0.035348
-0.897317	0.035053
-0.893390	0.034763
-0.889463	0.034479
-0.885536	0.034199
-0.881609	0.033924
-0.877682	0.033654
-0.873755	0.033388
-0.869828	0.033127
-0.865901	0.032870
-0.861974	0.032618
-0.858047	0.032369
-0.854121	0.032125
-0.850194	0.031885
-0.846267	0.031649
-0.842340	0.031416
-0.838413	0.031187
-0.834486	0.030962
-0.830559	0.030741
-0.826632	0.030523
-0.822705	0.030308
-0.818778	0.030097
-0.814851	0.029889
-0.810924	0.029684
-0.806997	0.029483
-0.803070	0.029284
-0.799143	0.029089
-0.795216	0.028896
-0.791289	0.028707
-0.787362	0.028520
-0.783435	0.028336
-0.779508	0.028155
-0.775581	0.027976
-0.771654	0.027801
-0.767727	0.027627
-0.763800	0.027457
-0.759873	0.027288
-0.755946	0.027122
-0.752019	0.026959
-0.748092	0.026798
-0.744165	0.026639
-0.740238	0.026483
-0.736311	0.026329
-0.732384	0.026176
-0.728457	0.026027
-0.724530	0.025879
-0.720603	0.025733
-0.716676	0.025589
-0.712749	0.025448
-0.708822	0.025308
-0.704895	0.025170
-0.700968	0.025034
-0.697041	0.024900
-0.693114	0.024768
-0.689187	0.024638
-0.685260	0.024509
-0.681333	0.024382
-0.677406	0.024257
-0.673479	0.024133
-0.669552	0.024012
-0.665625	0.023891
-0.661698	0.023773
-0.657771	0.023656
-0.653844	0.023540
-0.649917	0.023427
-0.645990	0.023314
-0.642063	0.023203
-0.638136	0.023094
-0.634209	0.022986
-0.630282	0.022879
-0.626355	0.022774
-0.622428	0.022670
-0.618501	0.022568
-0.614574	0.022467
-0.610647	0.022367
-0.606720	0.022268
-0.602793	0.022171
-0.598866	0.022075
-0.594939	0.021981
-0.591012	0.021887
-0.587085	0.021795
-0.583158	0.021704
-0.579231	0.021614
-0.575304	0.021525
-0.571377	0.021437
-0.567450	0.021351
-0.563523	0.021265
-0.559596	0.021181
-0.555669	0.021098
-0.551742	0.021016
-0.547815	0.020935
-0.543888	0.020855
-0.539961	0.020775
-0.536034	0.020697
-0.532107	0.020620
-0.528180	0.020544
-0.524253	0.020469
-0.520326	0.020395
-0.516399	0.020322
-0.512472	0.020250
-0.508545	0.020178
-0.504618	0.020108
-0.500691	0.020039
-0.496764	0.019970
-0.492837	0.019902
-0.488910	0.019835
-0.484983	0.019769
-0.481056	0.019704
-0.477129	0.019640
-0.473202	0.019577
-0.469275	0.019514
-0.465348	0.019452
-0.461421	0.019391
-0.457494	0.019331
-0.453567	0.019271
-0.449640	0.019213
-0.445713	0.019155
-0.441786	0.019098
-0.437859	0.019041
-0.433932	0.018986
-0.430005	0.018931
-0.426079	0.018876
-0.422152	0.018823
-0.418225	0.018770
-0.414298	0.018718
-0.410371	0.018667
-0.406444	0.018616
-0.402517	0.018566
-0.398590	0.018517
-0.394663	0.018468
-0.390736	0.018420
-0.386809	0.018373
-0.382882	0.018326
-0.378955	0.018280
-0.375028	0.018235
-0.371101	0.018190
-0.367174	0.018146
-0.363247	0.018103
-0.359320	0.018060
-0.355393	0.018017
-0.351466	0.017976
-0.347539	0.017935
-0.343612	0.017894
-0.339685	0.017854
-0.335758	0.017815
-0.331831	0.017776
-0.327904	0.017738
-0.323977	0.017701
-0.320050	0.017664
-0.316123	0.017627
-0.312196	0.017591
-0.308269	0.017556
-0.304342	0.017521
-0.300415	0.017487
-0.296488	0.017453
-0.292561	0.017420
-0.288634	0.017387
-0.284707	0.017355
-0.280780	0.017324
-0.276853	0.017293
-0.272926	0.017262
-0.268999	0.017232
-0.265072	0.017202
-0.261145	0.017173
-0.257218	0.017145
-0.253291	0.017117
-0.249364	0.017089
-0.245437	0.017062
-0.241510	0.017036
-0.237583	0.017010
-0.233656	0.016984
-0.229729	0.016959
-0.225802	0.016934
-0.221875	0.016910
-0.217948	0.016886
-0.214021	0.016863
-0.210094	0.016840
-0.206167	0.016818
-0.202240	0.016796
-0.198313	0.016775
-0.194386	0.016754
-0.190459	0.016734
-0.186532	0.016714
-0.182605	0.016694
-0.178678	0.016675
-0.174751	0.016656
-0.170824	0.016638
-0.166897	0.016620
-0.162970	0.016603
-0.159043	0.016586
-0.155116	0.016570
-0.151189	0.016554
-0.147262	0.016538
-0.143335	0.016523
-0.139408	0.016508
-0.135481	0.016494
-0.131554	0.016480
-0.127627	0.016466
-0.123700	0.016453
-0.119773	0.016441
-0.115846	0.016429
-0.111919	0.016417
-0.107992	0.016405
-0.104065	0.016395
-0.100138	0.016384
-0.096211	0.016374
-0.092284	0.016364
-0.088357	0.016355
-0.084430	0.016346
-0.080503	0.016338
-0.076576	0.016330
-0.072649	0.016322
-0.068722	0.016315
-0.064795	0.016308
-0.060868	0.016301
-0.056941	0.016295
-0.053014	0.016290
-0.049087	0.016284
-0.045160	0.016280
-0.041233	0.016275
-0.037306	0.016271
-0.033379	0.016268
-0.029452	0.016264
-0.025525	0.016262
-0.021598	0.016259
-0.017671	0.016257
-0.013744	0.016256
-0.009817	0.016254
-0.005890	0.016254
-0.001963	0.016253
0.001963	0.016253
0.005890	0.016254
0.009817	0.016254
0.013744	0.016256
0.017671	0.016257
0.021598	0.016259
0.025525	0.016262
0.029452	0.016264
0.033379	0.016268
0.037306	0.016271
0.041233	0.016275
0.045160	0.016280
0.049087	0.016285
0.053014	0.016290
0.056941	0.016295
0.060868	0.016301
0.064795	0.016308
0.068722	0.016315
0.072649	0.016322
0.076576	0.016330
0.080503	0.016338
0.084430	0.016346
0.088357	0.016355
0.092284	0.016364
0.096211	0.016374
0.100138	0.016384
0.104065	0.016395
0.107992	0.016406
0.111919	0.016417
0.115846	0.016429
0.119773	0.016441
0.123700	0.016454
0.127627	0.016467
0.131554	0.016480
0.135481	0.016494
0.139408	0.016508
0.143335	0.016523
0.147262	0.016538
0.151189	0.016554
0.155116	0.016570
0.159043	0.016586
0.162970	0.016603
0.166897	0.016620
0.170824	0.016638
0.174751	0.016656
0.178678	0.016675
0.182605	0.016694
0.186532	0.016714
0.190459	0.016734
0.194386	0.016754
0.198313	0.016775
0.202240	0.016796
0.206167	0.016818
0.210094	0.016841
0.214021	0.016863
0.217948	0.016887
0.221875	0.016910
0.225802	0.016934
0.229729	0.016959
0.233656	0.016984
0.237583	0.017010
0.241510	0.017036
0.245437	0.017062
0.249364	0.017089
0.253291	0.017117
0.257218	0.017145
0.261145	0.017174
0.265072	0.017203
0.268999	0.017232
0.272926	0.017262
0.276853	0.017293
0.280780	0.017324
0.284707	0.017355
0.288634	0.017388
0.292561	0.017420
0.296488	0.017453
0.300415	0.017487
0.304342	0.017521
0.308269	0.017556
0.312196	0.017591
0.316123	0.017627
0.320050	0.017664
0.323977	0.017701
0.327904	0.017738
0.331831	0.017777
0.335758	0.017815
0.339685	0.017855
0.343612	0.017894
0.347539	0.017935
0.351466	0.017976
0.355393	0.018018
0.359320	0.018060
0.363247	0.018103
0.367174	0.018146
0.371101	0.018190
0.375028	0.018235
0.378955	0.018281
0.382882	0.018327
0.386809	0.018373
0.390736	0.018421
0.394663	0.018469
0.398590	0.018517
0.402517	0.018567
0.406444	0.018617
0.410371	0.018667
0.414298	0.018719
0.418225	0.018771
0.422152	0.018823
0.426079	0.018877
0.430005	0.018931
0.433932	0.018986
0.437859	0.019042
0.441786	0.019098
0.445713	0.019155
0.449640	0.019213
0.453567	0.019272
0.457494	0.019331
0.461421	0.019391
0.465348	0.019453
0.469275	0.019514
0.473202	0.019577
0.477129	0.019640
0.481056	0.019705
0.484983	0.019770
0.488910	0.019836
0.492837	0.019903
0.496764	0.019971
0.500691	0.020039
0.504618	0.020109
0.508545	0.020179
0.512472	0.020250
0.516399	0.020323
0.520326	0.020396
0.524253	0.020470
0.528180	0.020545
0.532107	0.020621
0.536034	0.020698
0.539961	0.020776
0.543888	0.020855
0.547815	0.020935
0.551742	0.021016
0.555669	0.021099
0.559596	0.021182
0.563523	0.021266
0.567450	0.021351
0.571377	0.021438
0.575304	0.021526
0.579231	0.021614
0.583158	0.021704
0.587085	0.021796
0.591012	0.021888
0.594939	0.021981
0.598866	0.022076
0.602793	0.022172
0.606720	0.022269
0.610647	0.022368
0.614574	0.022468
0.618501	0.022569
0.622428	0.022671
0.626355	0.022775
0.630282	0.022880
0.634209	0.022987
0.638136	0.023095
0.642063	0.023204
0.645990	0.023315
0.649917	0.023428
0.653844	0.023542
0.657771	0.023657
0.661698	0.023774
0.665625	0.023893
0.669552	0.024013
0.673479	0.024135
0.677406	0.024258
0.681333	0.024383
0.685260	0.024510
0.689187	0.024639
0.693114	0.024769
0.697041	0.024901
0.700968	0.025036
0.704895	0.025171
0.708822	0.025309
0.712749	0.025449
0.716676	0.025591
0.720603	0.025734
0.724530	0.025880
0.728457	0.026028
0.732384	0.026178
0.736311	0.026330
0.740238	0.026484
0.744165	0.026641
0.748092	0.026800
0.752019	0.026961
0.755946	0.027124
0.759873	0.027290
0.763800	0.027458
0.767727	0.027629
0.771654	0.027802
0.775581	0.027978
0.779508	0.028157
0.783435	0.028338
0.787362	0.028522
0.791289	0.028709
0.795216	0.028898
0.799143	0.029091
0.803070	0.029286
0.806997	0.029485
0.810924	0.029687
0.814851	0.029891
0.818778	0.030099
0.822705	0.030311
0.826632	0.030525
0.830559	0.030743
0.834486	0.030965
0.838413	0.031190
0.842340	0.031419
0.846267	0.031651
0.850194	0.031888
0.854121	0.032128
0.858047	0.032372
0.861974	0.032621
0.865901	0.032873
0.869828	0.033130
0.873755	0.033392
0.877682	0.033657
0.881609	0.033928
0.885536	0.034202
0.889463	0.034482
0.893390	0.034767
0.897317	0.035057
0.901244	0.035352
0.905171	0.035652
0.909098	0.035957
0.913025	0.036269
0.916952	0.036586
0.920879	0.036908
0.924806	0.037237
0.928733	0.037572
0.932660	0.037913
0.936587	0.038261
0.940514	0.038615
0.944441	0.038976
0.948368	0.039344
0.952295	0.039720
0.956222	0.040102
0.960149	0.040493
0.964076	0.040891
0.968003	0.041297
0.971930	0.041712
0.975857	0.042134
0.979784	0.042566
0.983711	0.043007
0.987638	0.043457
0.991565	0.043916
0.995492	0.044386
0.999419	0.044865
1.003346	0.045355
1.007273	0.045856
1.011200	0.046368
1.015127	0.046891
1.019054	0.047426
1.022981	0.047974
1.026908	0.048534
1.030835	0.049106
1.034762	0.049693
1.038689	0.050293
1.042616	0.050908
1.046543	0.051537
1.050470	0.052182
1.054397	0.052843
1.058324	0.053520
1.062251	0.054214
1.066178	0.054926
1.070105	0.055656
1.074032	0.056405
1.077959	0.057174
1.081886	0.057963
1.085813	0.058773
1.089740	0.059606
1.093667	0.060461
1.097594	0.061340
1.101521	0.062244
1.105448	0.063173
1.109375	0.064129
1.113302	0.065113
1.117229	0.066126
1.121156	0.067169
1.125083	0.068244
1.129010	0.069352
1.132937	0.070494
1.136864	0.071672
1.140791	0.072888
1.144718	0.074142
1.148645	0.075438
1.152572	0.076777
1.156499	0.078160
1.160426	0.079591
1.164353	0.081071
1.168280	0.082604
1.172207	0.084190
1.176134	0.085834
1.180061	0.087539
1.183988	0.089306
1.187915	0.091141
1.191842	0.093046
1.195769	0.095025
1.199696	0.097083
1.203623	0.099223
1.207550	0.101451
1.211477	0.103772
1.215404	0.106191
1.219331	0.108714
1.223258	0.111348
1.227185	0.114099
1.231112	0.116975
1.235039	0.119984
1.238966	0.123134
1.242893	0.126436
1.246820	0.129899
1.250747	0.133534
1.254674	0.137354
1.258601	0.141372
1.262528	0.145602
1.266455	0.150060
1.270382	0.154763
1.274309	0.159730
1.278236	0.164982
1.282163	0.170542
1.286089	0.176435
1.290016	0.182688
1.293943	0.189332
1.297870	0.196400
1.301797	0.203930
1.305724	0.211964
1.309651	0.220546
1.313578	0.229729
1.317505	0.239567
1.321432	0.250126
1.325359	0.261474
1.329286	0.273689
1.333213	0.286858
1.337140	0.301079
1.341067	0.316457
1.344994	0.333112
1.348921	0.351175
1.352848	0.370791
1.356775	0.392116
1.360702	0.415322
1.364629	0.440590
1.368556	0.468113
1.372483	0.498085
1.376410	0.530700
1.380337	0.566136
1.384264	0.604541
1.388191	0.646016
1.392118	0.690578
1.396045	0.738136
1.399972	0.788449
1.403899	0.841090
1.407826	0.895418
1.411753	0.950563
1.415680	1.005445
1.419607	1.058824
1.423534	1.109392
1.427461	1.155889
1.431388	1.197230
1.435315	1.232608
1.439242	1.261563
1.443169	1.283988
1.447096	1.300100
1.451023	1.310361
1.454950	1.315400
1.458877	1.315930
1.462804	1.312678
1.466731	1.306339
1.470658	1.297547
1.474585	1.286858
1.478512	1.274744
1.482439	1.261603
1.486366	1.247758
1.490293	1.233469
1.494220	1.218947
1.498147	1.204353
1.502074	1.189814
1.506001	1.175428
1.509928	1.161268
1.513855	1.147387
1.517782	1.133824
1.521709	1.120606
1.525636	1.107751
1.529563	1.095268
1.533490	1.083162
1.537417	1.071433
1.541344	1.060077
1.545271	1.049090
1.549198	1.038465
1.553125	1.028191
1.557052	1.018261
1.560979	1.008664
1.564906	0.999390
1.568833	0.990428
1.572760	0.981768
1.576687	0.973399
1.580614	0.965312
1.584541	0.957497
1.588468	0.949943
1.592395	0.942643
1.596322	0.935586
1.600249	0.928765
1.604176	0.922171
1.608103	0.915796
1.612030	0.909632
1.615957	0.903672
1.619884	0.897909
1.623811	0.892334
1.627738	0.886940
1.631665	0.881721
1.635592	0.876668
1.639519	0.871773
1.643446	0.867027
1.647373	0.862421
1.651300	0.857943
1.655227	0.853581
1.659154	0.849321
1.663081	0.845144
1.667008	0.841031
1.670935	0.836954
1.674862	0.832885
1.678789	0.828786
1.682716	0.824610
1.686643	0.820302
1.690570	0.815796
1.694497	0.811011
1.698424	0.805854
1.702351	0.800216
1.706278	0.793975
1.710205	0.787002
1.714131	0.779164
1.718058	0.770337
1.721985	0.760422
1.725912	0.749366
1.729839	0.737180
1.733766	0.723958
1.737693	0.709888
1.741620	0.695253
1.745547	0.680412
1.749474	0.665779
1.753401	0.651785
1.757328	0.638848
1.761255	0.627348
1.765182	0.617609
1.769109	0.609897
1.773036	0.604421
1.776963	0.601344
1.780890	0.600794
1.784817	0.602876
1.788744	0.607682
1.792671	0.615302
1.796598	0.625828
1.800525	0.639355
1.804452	0.655984
1.808379	0.675812
1.812306	0.698933
1.816233	0.725416
1.820160	0.755293
1.824087	0.788532
1.828014	0.825013
1.831941	0.864498
1.835868	0.906596
1.839795	0.950749
1.843722	0.996212
1.847649	1.042072
1.851576	1.087268
1.855503	1.130652
1.859430	1.171043
1.863357	1.207300
1.867284	1.238381
1.871211	1.263401
1.875138	1.281683
1.879065	1.292812
1.882992	1.296696
1.886919	1.293609
1.890846	1.284216
1.894773	1.269549
1.898700	1.250923
1.902627	1.229821
1.906554	1.207741
1.910481	1.186058
1.914408	1.165912
1.918335	1.148133
1.922262	1.133217
1.926189	1.121324
1.930116	1.112322
1.934043	1.105843
1.937970	1.101357
1.941897	1.098254
1.945824	1.095929
1.949751	1.093845
1.953678	1.091582
1.957605	1.088853
1.961532	1.085507
1.965459	1.081501
1.969386	1.076877
1.973313	1.071733
1.977240	1.066189
1.981167	1.060378
1.985094	1.054425
1.989021	1.048443
1.992948	1.042526
1.996875	1.036754
2.000802	1.031189
2.004729	1.025878
2.008656	1.020857
2.012583	1.016151
2.016510	1.011778
2.020437	1.007748
2.024364	1.004069
2.028291	1.000743
2.032218	0.997771
2.036145	0.995152
2.040072	0.992884
2.043999	0.990966
2.047926	0.989394
2.051853	0.988168
2.055780	0.987285
2.059707	0.986746
2.063634	0.986552
2.067561	0.986705
2.071488	0.987207
2.075415	0.988064
2.079342	0.989283
2.083269	0.990871
2.087196	0.992838
2.091123	0.995198
2.095050	0.997964
2.098977	1.001153
2.102904	1.004785
2.106831	1.008882
2.110758	1.013468
2.114685	1.018572
2.118612	1.024226
2.122539	1.030464
2.126466	1.037327
2.130393	1.044856
2.134320	1.053099
2.138246	1.062109
2.142173	1.071943
2.146100	1.082664
2.150027	1.094341
2.153954	1.107051
2.157881	1.120881
2.161808	1.135924
2.165735	1.152285
2.169662	1.170077
2.173589	1.189414
2.177516	1.210401
2.181443	1.233118
2.185370	1.257594
2.189297	1.283775
2.193224	1.311503
2.197151	1.340492
2.201078	1.370323
2.205005	1.400463
2.208932	1.430303
2.212859	1.459217
2.216786	1.486639
2.220713	1.512158
2.224640	1.535604
2.228567	1.557117
2.232494	1.577178
2.236421	1.596582
2.240348	1.616343
2.244275	1.637554
2.248202	1.661207
2.252129	1.688015
2.256056	1.718248
2.259983	1.751601
2.263910	1.787113
2.267837	1.823147
2.271764	1.857445
2.275691	1.887284
2.279618	1.909724
2.283545	1.921953
2.287472	1.921655
2.291399	1.907349
2.295326	1.878619
2.299253	1.836164
2.303180	1.781674
2.307107	1.717558
2.311034	1.646607
2.314961	1.571658
2.318888	1.495326
2.322815	1.419833
2.326742	1.346933
2.330669	1.277908
2.334596	1.213623
2.338523	1.154594
2.342450	1.101072
2.346377	1.053114
2.350304	1.010650
2.354231	0.973528
2.358158	0.941556
2.362085	0.914529
2.366012	0.892247
2.369939	0.874532
2.373866	0.861231
2.377793	0.852229
2.381720	0.847442
2.385647	0.846829
2.389574	0.850380
2.393501	0.858123
2.397428	0.870113
2.401355	0.886429
2.405282	0.907161
2.409209	0.932398
2.413136	0.962205
2.417063	0.996597
2.420990	1.035502
2.424917	1.078720
2.428844	1.125869
2.432771	1.176334
2.436698	1.229226
2.440625	1.283354
2.444552	1.337248
2.448479	1.389229
2.452406	1.437552
2.456333	1.480600
2.460260	1.517104
2.464187	1.546330
2.468114	1.568184
2.472041	1.583193
2.475968	1.592374
2.479895	1.597014
2.483822	1.598442
2.487749	1.597827
2.491676	1.596053
2.495603	1.593665
2.499530	1.590882
2.503457	1.587636
2.507384	1.583630
2.511311	1.578394
2.515238	1.571327
2.519165	1.561739
2.523092	1.548890
2.527019	1.532045
2.530946	1.510530
2.534873	1.483816
2.538800	1.451597
2.542727	1.413865
2.546654	1.370958
2.550581	1.323558
2.554508	1.272641
2.558435	1.219378
2.562362	1.165010
2.566288	1.110727
2.570215	1.057559
2.574142	1.006314
2.578069	0.957551
2.581996	0.911590
2.585923	0.868546
2.589850	0.828380
2.593777	0.790957
2.597704	0.756101
2.601631	0.723639
2.605558	0.693431
2.609485	0.665383
2.613412	0.639445
2.617339	0.615598
2.621266	0.593842
2.625193	0.574180
2.629120	0.556612
2.633047	0.541131
2.636974	0.527719
2.640901	0.516355
2.644828	0.507017
2.648755	0.499683
2.652682	0.494337
2.656609	0.490969
2.660536	0.489579
2.664463	0.490170
2.668390	0.492754
2.672317	0.497339
2.676244	0.503928
2.680171	0.512506
2.684098	0.523026
2.688025	0.535394
2.691952	0.549446
2.695879	0.564926
2.699806	0.581465
2.703733	0.598567
2.707660	0.615604
2.711587	0.631842
2.715514	0.646490
2.719441	0.658771
2.723368	0.668028
2.727295	0.673812
2.731222	0.675953
2.735149	0.674576
2.739076	0.670072
2.743003	0.663007
2.746930	0.654022
2.750857	0.643729
2.754784	0.632633
2.758711	0.621091
2.762638	0.609306
2.766565	0.597358
2.770492	0.585245
2.774419	0.572942
2.778346	0.560450
2.782273	0.547829
2.786200	0.535211
2.790127	0.522788
2.794054	0.510787
2.797981	0.499439
2.801908	0.488942
2.805835	0.479445
2.809762	0.471024
2.813689	0.463684
2.817616	0.457363
2.821543	0.451941
2.825470	0.447260
2.829397	0.443152
2.833324	0.439458
2.837251	0.436057
2.841178	0.432883
2.845105	0.429933
2.849032	0.427262
2.852959	0.424975
2.856886	0.423210
2.860813	0.422116
2.864740	0.421844
2.868667	0.422536
2.872594	0.424320
2.876521	0.427313
2.880448	0.431622
2.884375	0.437350
2.888302	0.444597
2.892229	0.453468
2.896156	0.464075
2.900083	0.476534
2.904010	0.490966
2.907937	0.507494
2.911864	0.526237
2.915791	0.547308
2.919718	0.570801
2.923645	0.596790
2.927572	0.625314
2.931499	0.656367
2.935426	0.689885
2.939353	0.725734
2.943280	0.763691
2.947207	0.803432
2.951134	0.844511
2.955061	0.886351
2.958988	0.928240
2.962915	0.969333
2.966842	1.008691
2.970769	1.045330
2.974696	1.078287
2.978623	1.106706
2.982550	1.129906
2.986477	1.147451
2.990404	1.159185
2.994330	1.165250
2.998257	1.166072
3.002184	1.162316
3.006111	1.154813
3.010038	1.144480
3.013965	1.132225
3.017892	1.118871
3.021819	1.105096
3.025746	1.091412
3.029673	1.078173
3.033600	1.065609
3.037527	1.053877
3.041454	1.043096
3.045381	1.033364
3.049308	1.024752
3.053235	1.017277
3.057162	1.010877
3.061089	1.005395
3.065016	1.000596
3.068943	0.996198
3.072870	0.991922
3.076797	0.987548
3.080724	0.982945
3.084651	0.978084
3.088578	0.973007
3.092505	0.967778
3.096432	0.962413
3.100359	0.956843
3.104286	0.950889
3.108213	0.944273
3.112140	0.936660
3.116067	0.927702
3.119994	0.917086
3.123921	0.904568
3.127848	0.890000
3.131775	0.873338
3.135702	0.854635
3.139629	0.834035
3.143556	0.811757
3.147483	0.788088
3.151410	0.763371
3.155337	0.738006
3.159264	0.712426
3.163191	0.687076
3.167118	0.662379
3.171045	0.638702
3.174972	0.616319
3.178899	0.595395
3.182826	0.575976
3.186753	0.557990
3.190680	0.541269
3.194607	0.525577
3.198534	0.510642
3.202461	0.496195
3.206388	0.482011
3.210315	0.467930
3.214242	0.453876
3.218169	0.439858
3.222096	0.425957
3.226023	0.412301
3.229950	0.399049
3.233877	0.386361
3.237804	0.374386
3.241731	0.363245
3.245658	0.353027
3.249585	0.343792
3.253512	0.335568
3.257439	0.328360
3.261366	0.322156
3.265293	0.316931
3.269220	0.312658
3.273147	0.309311
3.277074	0.306869
3.281001	0.305323
3.284928	0.304672
3.288855	0.304927
3.292782	0.306105
3.296709	0.308231
3.300636	0.311332
3.304563	0.315434
3.308490	0.320564
3.312417	0.326742
3.316344	0.333985
3.320271	0.342300
3.324198	0.351688
3.328125	0.362146
3.332052	0.373663
3.335979	0.386231
3.339906	0.399844
3.343833	0.414497
3.347760	0.430193
3.351687	0.446932
3.355614	0.464708
3.359541	0.483502
3.363468	0.503274
3.367395	0.523957
3.371322	0.545458
3.375249	0.567654
3.379176	0.590389
3.383103	0.613470
3.387030	0.636643
3.390957	0.659578
3.394884	0.681847
3.398811	0.702912
3.402738	0.722140
3.406665	0.738835
3.410592	0.752304
3.414519	0.761936
3.418446	0.767294
3.422372	0.768192
3.426299	0.764743
3.430226	0.757362
3.434153	0.746699
3.438080	0.733529
3.442007	0.718632
3.445934	0.702678
3.449861	0.686171
3.453788	0.669424
3.457715	0.652582
3.461642	0.635664
3.465569	0.618602
3.469496	0.601290
3.473423	0.583621
3.477350	0.565520
3.481277	0.546975
3.485204	0.528044
3.489131	0.508863
3.493058	0.489631
3.496985	0.470588
3.500912	0.451984
3.504839	0.434055
3.508766	0.417001
3.512693	0.400979
3.516620	0.386097
3.520547	0.372423
3.524474	0.359993
3.528401	0.348814
3.532328	0.338881
3.536255	0.330174
3.540182	0.322668
3.544109	0.316336
3.548036	0.311150
3.551963	0.307085
3.555890	0.304119
3.559817	0.302236
3.563744	0.301424
3.567671	0.301682
3.571598	0.303015
3.575525	0.305437
3.579452	0.308971
3.583379	0.313652
3.587306	0.319522
3.591233	0.326635
3.595160	0.335053
3.599087	0.344845
3.603014	0.356090
3.606941	0.368865
3.610868	0.383252
3.614795	0.399320
3.618722	0.417127
3.622649	0.436704
3.626576	0.458042
3.630503	0.481083
3.634430	0.505700
3.638357	0.531685
3.642284	0.558745
3.646211	0.586497
3.650138	0.614475
3.654065	0.642149
3.657992	0.668949
3.661919	0.694293
3.665846	0.717619
3.669773	0.738420
3.673700	0.756265
3.677627	0.770840
3.681554	0.781967
3.685481	0.789633
3.689408	0.793993
3.693335	0.795365
3.697262	0.794188
3.701189	0.790972
3.705116	0.786245
3.709043	0.780501
3.712970	0.774168
3.716897	0.767594
3.720824	0.761037
3.724751	0.754681
3.728678	0.748635
3.732605	0.742951
3.736532	0.737629
3.740459	0.732631
3.744386	0.727893
3.748313	0.723342
3.752240	0.718913
3.756167	0.714567
3.760094	0.710303
3.764021	0.706164
3.767948	0.702236
3.771875	0.698628
3.775802	0.695460
3.779729	0.692836
3.783656	0.690834
3.787583	0.689494
3.791510	0.688826
3.795437	0.688812
3.799364	0.689421
3.803291	0.690611
3.807218	0.692342
3.811145	0.694573
3.815072	0.697269
3.818999	0.700393
3.822926	0.703908
3.826853	0.707777
3.830780	0.711958
3.834707	0.716399
3.838634	0.721042
3.842561	0.725816
3.846488	0.730632
3.850414	0.735383
3.854341	0.739938
3.858268	0.744135
3.862195	0.747784
3.866122	0.750654
3.870049	0.752480
3.873976	0.752959
3.877903	0.751758
3.881830	0.748525
3.885757	0.742915
3.889684	0.734615
3.893611	0.723382
3.897538	0.709084
3.901465	0.691730
3.905392	0.671492
3.909319	0.648701
3.913246	0.623819
3.917173	0.597396
3.921100	0.570012
3.925027	0.542234
3.928954	0.514574
3.932881	0.487464
3.936808	0.461256
3.940735	0.436216
3.944662	0.412536
3.948589	0.390342
3.952516	0.369705
3.956443	0.350650
3.960370	0.333163
3.964297	0.317201
3.968224	0.302698
3.972151	0.289572
3.976078	0.277735
3.980005	0.267095
3.983932	0.257564
3.987859	0.249059
3.991786	0.241507
3.995713	0.234842
3.999640	0.229009
4.003567	0.223959
4.007494	0.219655
4.011421	0.216065
4.015348	0.213166
4.019275	0.210942
4.023202	0.209383
4.027129	0.208487
4.031056	0.208257
4.034983	0.208704
4.038910	0.209841
4.042837	0.211690
4.046764	0.214274
4.050691	0.217621
4.054618	0.221759
4.058545	0.226714
4.062472	0.232506
4.066399	0.239146
4.070326	0.246625
4.074253	0.254911
4.078180	0.263937
4.082107	0.273590
4.086034	0.283706
4.089961	0.294060
4.093888	0.304365
4.097815	0.314278
4.101742	0.323413
4.105669	0.331361
4.109596	0.337723
4.113523	0.342147
4.117450	0.344363
4.121377	0.344217
4.125304	0.341694
4.129231	0.336924
4.133158	0.330166
4.137085	0.321782
4.141012	0.312192
4.144939	0.301829
4.148866	0.291100
4.152793	0.280357
4.156720	0.269880
4.160647	0.259872
4.164574	0.250466
4.168501	0.241736
4.172428	0.233710
4.176355	0.226387
4.180282	0.219752
4.184209	0.213791
4.188136	0.208498
4.192063	0.203878
4.195990	0.199945
4.199917	0.196716
4.203844	0.194204
4.207771	0.192415
4.211698	0.191346
4.215625	0.190990
4.219552	0.191340
4.223479	0.192392
4.227406	0.194150
4.231333	0.196626
4.235260	0.199843
4.239187	0.203832
4.243114	0.208628
4.247041	0.214271
4.250968	0.220796
4.254895	0.228235
4.258822	0.236616
4.262749	0.245963
4.266676	0.256302
4.270603	0.267664
4.274530	0.280087
4.278456	0.293615
4.282383	0.308294
4.286310	0.324165
4.290237	0.341256
4.294164	0.359575
4.298091	0.379109
4.302018	0.399819
4.305945	0.421650
4.309872	0.444532
4.313799	0.468386
4.317726	0.493128
4.321653	0.518658
4.325580	0.544845
4.329507	0.571502
4.333434	0.598364
4.337361	0.625070
4.341288	0.651174
4.345215	0.676162
4.349142	0.699494
4.353069	0.720650
4.356996	0.739163
4.360923	0.754649
4.364850	0.766814
4.368777	0.775446
4.372704	0.780412
4.376631	0.781643
4.380558	0.779130
4.384485	0.772906
4.388412	0.763044
4.392339	0.749652
4.396266	0.732873
4.400193	0.712900
4.404120	0.689997
4.408047	0.664514
4.411974	0.636901
4.415901	0.607697
4.419828	0.577499
4.423755	0.546925
4.427682	0.516560
4.431609	0.486919
4.435536	0.458418
4.439463	0.431365
4.443390	0.405964
4.447317	0.382323
4.451244	0.360475
4.455171	0.340396
4.459098	0.322017
4.463025	0.305243
4.466952	0.289960
4.470879	0.276048
4.474806	0.263384
4.478733	0.251850
4.482660	0.241338
4.486587	0.231749
4.490514	0.222999
4.494441	0.215018
4.498368	0.207746
4.502295	0.201134
4.506222	0.195143
4.510149	0.189738
4.514076	0.184888
4.518003	0.180566
4.521930	0.176749
4.525857	0.173414
4.529784	0.170543
4.533711	0.168119
4.537638	0.166128
4.541565	0.164560
4.545492	0.163406
4.549419	0.162661
4.553346	0.162322
4.557273	0.162387
4.561200	0.162860
4.565127	0.163742
4.569054	0.165042
4.572981	0.166765
4.576908	0.168924
4.580835	0.171530
4.584762	0.174599
4.588689	0.178151
4.592616	0.182213
4.596543	0.186813
4.600470	0.191992
4.604397	0.197792
4.608324	0.204264
4.612251	0.211464
4.616178	0.219447
4.620105	0.228267
4.624032	0.237969
4.627959	0.248577
4.631886	0.260087
4.635813	0.272452
4.639740	0.285570
4.643667	0.299270
4.647594	0.313312
4.651521	0.327392
4.655448	0.341161
4.659375	0.354259
4.663302	0.366363
4.667229	0.377231
4.671156	0.386742
4.675083	0.394915
4.679010	0.401896
4.682937	0.407913
4.686864	0.413225
4.690791	0.418072
4.694718	0.422656
4.698645	0.427152
4.702572	0.431740
4.706498	0.436635
4.710425	0.442086
4.714352	0.448351
4.718279	0.455634
4.722206	0.464012
4.726133	0.473370
4.730060	0.483345
4.733987	0.493334
4.737914	0.502556
4.741841	0.510186
4.745768	0.515535
4.749695	0.518202
4.753622	0.518134
4.757549	0.515551
4.761476	0.510779
4.765403	0.504082
4.769330	0.495593
4.773257	0.485367
4.777184	0.473504
4.781111	0.460247
4.785038	0.445999
4.788965	0.431262
4.792892	0.416535
4.796819	0.402251
4.800746	0.388744
4.804673	0.376255
4.808600	0.364949
4.812527	0.354945
4.816454	0.346327
4.820381	0.339160
4.824308	0.333489
4.828235	0.329340
4.832162	0.326720
4.836089	0.325612
4.840016	0.325978
4.843943	0.327748
4.847870	0.330821
4.851797	0.335058
4.855724	0.340274
4.859651	0.346236
4.863578	0.352664
4.867505	0.359236
4.871432	0.365607
4.875359	0.371432
4.879286	0.376396
4.883213	0.380255
4.887140	0.382866
4.891067	0.384214
4.894994	0.384414
4.898921	0.383698
4.902848	0.382375
4.906775	0.380785
4.910702	0.379247
4.914629	0.378021
4.918556	0.377281
4.922483	0.377108
4.926410	0.377490
4.930337	0.378330
4.934264	0.379458
4.938191	0.380647
4.942118	0.381631
4.946045	0.382132
4.949972	0.381883
4.953899	0.380661
4.957826	0.378304
4.961753	0.374735
4.965680	0.369965
4.969607	0.364096
4.973534	0.357303
4.977461	0.349811
4.981388	0.341869
4.985315	0.333723
4.989242	0.325592
4.993169	0.317664
4.997096	0.310087
5.001023	0.302981
5.004950	0.296436
5.008877	0.290520
5.012804	0.285280
5.016731	0.280745
5.020658	0.276929
5.024585	0.273835
5.028512	0.271460
5.032439	0.269805
5.036366	0.268882
5.040293	0.268714
5.044220	0.269344
5.048147	0.270828
5.052074	0.273231
5.056001	0.276620
5.059928	0.281054
5.063855	0.286566
5.067782	0.293156
5.071709	0.300770
5.075636	0.309294
5.079563	0.318543
5.083490	0.328256
5.087417	0.338101
5.091344	0.347695
5.095271	0.356633
5.099198	0.364539
5.103125	0.371116
5.107052	0.376186
5.110979	0.379715
5.114906	0.381806
5.118833	0.382671
5.122760	0.382595
5.126687	0.381903
5.130614	0.380920
5.134540	0.379949
5.138467	0.379246
5.142394	0.378998
5.146321	0.379319
5.150248	0.380253
5.154175	0.381784
5.158102	0.383865
5.162029	0.386435
5.165956	0.389452
5.169883	0.392913
5.173810	0.396869
5.177737	0.401435
5.181664	0.406779
5.185591	0.413108
5.189518	0.420626
5.193445	0.429495
5.197372	0.439792
5.201299	0.451469
5.205226	0.464324
5.209153	0.477989
5.213080	0.491934
5.217007	0.505499
5.220934	0.517955
5.224861	0.528586
5.228788	0.536765
5.232715	0.542020
5.236642	0.544072
5.240569	0.542859
5.244496	0.538538
5.248423	0.531461
5.252350	0.522134
5.256277	0.511141
5.260204	0.499073
5.264131	0.486447
5.268058	0.473659
5.271985	0.460959
5.275912	0.448458
5.279839	0.436158
5.283766	0.424001
5.287693	0.411923
5.291620	0.399892
5.295547	0.387944
5.299474	0.376188
5.303401	0.364803
5.307328	0.354009
5.311255	0.344045
5.315182	0.335140
5.319109	0.327490
5.323036	0.321247
5.326963	0.316515
5.330890	0.313358
5.334817	0.311808
5.338744	0.311878
5.342671	0.313577
5.346598	0.316920
5.350525	0.321932
5.354452	0.328651
5.358379	0.337126
5.362306	0.347413
5.366233	0.359566
5.370160	0.373630
5.374087	0.389629
5.378014	0.407543
5.381941	0.427294
5.385868	0.448720
5.389795	0.471551
5.393722	0.495396
5.397649	0.519739
5.401576	0.543950
5.405503	0.567321
5.409430	0.589110
5.413357	0.608604
5.417284	0.625158
5.421211	0.638235
5.425138	0.647426
5.429065	0.652470
5.432992	0.653277
5.436919	0.649948
5.440846	0.642792
5.444773	0.632299
5.448700	0.619091
5.452627	0.603844
5.456554	0.587216
5.460481	0.569785
5.464408	0.552015
5.468335	0.534249
5.472262	0.516710
5.476189	0.499531
5.480116	0.482783
5.484043	0.466518
5.487970	0.450796
5.491897	0.435716
5.495824	0.421417
5.499751	0.408071
5.503678	0.395859
5.507605	0.384949
5.511532	0.375462
5.515459	0.367462
5.519386	0.360943
5.523313	0.355828
5.527240	0.351976
5.531167	0.349201
5.535094	0.347279
5.539021	0.345971
5.542948	0.345032
5.546875	0.344226
5.550802	0.343323
5.554729	0.342098
5.558656	0.340324
5.562582	0.337768
5.566509	0.334209
5.570436	0.329455
5.574363	0.323384
5.578290	0.315964
5.582217	0.307270
5.586144	0.297474
5.590071	0.286823
5.593998	0.275600
5.597925	0.264090
5.601852	0.252555
5.605779	0.241212
5.609706	0.230229
5.613633	0.219728
5.617560	0.209793
5.621487	0.200476
5.625414	0.191810
5.629341	0.183810
5.633268	0.176483
5.637195	0.169821
5.641122	0.163813
5.645049	0.158434
5.648976	0.153657
5.652903	0.149445
5.656830	0.145757
5.660757	0.142549
5.664684	0.139775
5.668611	0.137391
5.672538	0.135359
5.676465	0.133648
5.680392	0.132237
5.684319	0.131114
5.688246	0.130273
5.692173	0.129714
5.696100	0.129433
5.700027	0.129423
5.703954	0.129667
5.707881	0.130137
5.711808	0.130794
5.715735	0.131594
5.719662	0.132487
5.723589	0.133425
5.727516	0.134374
5.731443	0.135312
5.735370	0.136241
5.739297	0.137181
5.743224	0.138165
5.747151	0.139236
5.751078	0.140432
5.755005	0.141781
5.758932	0.143291
5.762859	0.144950
5.766786	0.146722
5.770713	0.148559
5.774640	0.150403
5.778567	0.152204
5.782494	0.153931
5.786421	0.155586
5.790348	0.157205
5.794275	0.158861
5.798202	0.160654
5.802129	0.162697
5.806056	0.165107
5.809983	0.167987
5.813910	0.171418
5.817837	0.175448
5.821764	0.180085
5.825691	0.185292
5.829618	0.190984
5.833545	0.197022
5.837472	0.203216
5.841399	0.209335
5.845326	0.215119
5.849253	0.220305
5.853180	0.224651
5.857107	0.227961
5.861034	0.230106
5.864961	0.231029
5.868888	0.230733
5.872815	0.229264
5.876742	0.226688
5.880669	0.223073
5.884596	0.218484
5.888523	0.212980
5.892450	0.206629
5.896377	0.199521
5.900304	0.191772
5.904231	0.183528
5.908158	0.174957
5.912085	0.166234
5.916012	0.157531
5.919939	0.148997
5.923866	0.140757
5.927793	0.132903
5.931720	0.125498
5.935647	0.118578
5.939574	0.112156
5.943501	0.106229
5.947428	0.100783
5.951355	0.095794
5.955282	0.091236
5.959209	0.087079
5.963136	0.083294
5.967063	0.079851
5.970990	0.076723
5.974917	0.073885
5.978844	0.071313
5.982771	0.068986
5.986698	0.066885
5.990624	0.064994
5.994551	0.063298
5.998478	0.061784
6.002405	0.060441
6.006332	0.059260
6.010259	0.058233
6.014186	0.057354
6.018113	0.056619
6.022040	0.056024
6.025967	0.055567
6.029894	0.055247
6.033821	0.055066
6.037748	0.055024
6.041675	0.055126
6.045602	0.055376
6.049529	0.055780
6.053456	0.056345
6.057383	0.057082
6.061310	0.057999
6.065237	0.059111
6.069164	0.060429
6.073091	0.061969
6.077018	0.063746
6.080945	0.065776
6.084872	0.068074
6.088799	0.070655
6.092726	0.073528
6.096653	0.076698
6.100580	0.080159
6.104507	0.083896
6.108434	0.087873
6.112361	0.092038
6.116288	0.096308
6.120215	0.100580
6.124142	0.104719
6.128069	0.108573
6.131996	0.111978
6.135923	0.114776
6.139850	0.116831
6.143777	0.118048
6.147704	0.118391
6.151631	0.117882
6.155558	0.116604
6.159485	0.114686
6.163412	0.112279
6.167339	0.109541
6.171266	0.106615
6.175193	0.103616
6.179120	0.100623
6.183047	0.097682
6.186974	0.094801
6.190901	0.091967
6.194828	0.089150
6.198755	0.086317
6.202682	0.083440
6.206609	0.080500
6.210536	0.077496
6.214463	0.074439
6.218390	0.071351
6.222317	0.068262
6.226244	0.065203
6.230171	0.062203
6.234098	0.059286
6.238025	0.056475
6.241952	0.053785
6.245879	0.051228
6.249806	0.048812
6.253733	0.046541
6.257660	0.044416
6.261587	0.042436
6.265514	0.040596
6.269441	0.038892
6.273368	0.037314
6.277295	0.035857
6.281222	0.034512
6.285149	0.033271
6.289076	0.032125
6.293003	0.031069
6.296930	0.030094
6.300857	0.029194
6.304784	0.028364
6.308711	0.027597
6.312638	0.026888
6.316565	0.026232
6.320492	0.025624
6.324419	0.025059
6.328346	0.024531
6.332273	0.024036
6.336200	0.023569
6.340127	0.023123
6.344054	0.022694
6.347981	0.022277
6.351908	0.021868
6.355835	0.021465
6.359762	0.021067
6.363689	0.020674
6.367616	0.020286
6.371543	0.019906
6.375470	0.019535
6.379397	0.019176
6.383324	0.018828
6.387251	0.018495
6.391178	0.018176
6.395105	0.017872
6.399032	0.017583
6.402959	0.017308
6.406886	0.017049
6.410813	0.016803
6.414739	0.016571
6.418666	0.016352
6.422593	0.016145
6.426520	0.015951
6.430447	0.015768
6.434374	0.015597
6.438301	0.015438
6.442228	0.015289
6.446155	0.015151
6.450082	0.015024
6.454009	0.014908
6.457936	0.014803
6.461863	0.014710
6.465790	0.014627
6.469717	0.014556
6.473644	0.014496
6.477571	0.014449
6.481498	0.014413
6.485425	0.014389
6.489352	0.014376
6.493279	0.014375
6.497206	0.014384
6.501133	0.014404
6.505060	0.014432
6.508987	0.014469
6.512914	0.014512
6.516841	0.014560
6.520768	0.014612
6.524695	0.014665
6.528622	0.014716
6.532549	0.014761
6.536476	0.014796
6.540403	0.014815
6.544330	0.014814
6.548257	0.014787
6.552184	0.014731
6.556111	0.014645
6.560038	0.014528
6.563965	0.014383
6.567892	0.014213
6.571819	0.014023
6.575746	0.013817
6.579673	0.013600
6.583600	0.013376
6.587527	0.013149
6.591454	0.012924
6.595381	0.012702
6.599308	0.012486
6.603235	0.012278
6.607162	0.012080
6.611089	0.011892
6.615016	0.011716
6.618943	0.011551
6.622870	0.011398
6.626797	0.011257
6.630724	0.011126
6.634651	0.011007
6.638578	0.010898
6.642505	0.010799
6.646432	0.010709
6.650359	0.010629
6.654286	0.010558
6.658213	0.010496
6.662140	0.010443
6.666067	0.010398
6.669994	0.010361
6.673921	0.010332
6.677848	0.010311
6.681775	0.010298
6.685702	0.010292
6.689629	0.010292
6.693556	0.010298
6.697483	0.010311
6.701410	0.010328
6.705337	0.010350
6.709264	0.010377
6.713191	0.010408
6.717118	0.010442
6.721045	0.010479
6.724972	0.010516
6.728899	0.010553
6.732826	0.010585
6.736753	0.010611
6.740680	0.010626
6.744607	0.010628
6.748534	0.010613
6.752461	0.010579
6.756388	0.010527
6.760315	0.010455
6.764242	0.010368
6.768169	0.010267
6.772096	0.010157
6.776023	0.010042
6.779950	0.009924
6.783877	0.009808
6.787804	0.009695
6.791731	0.009587
6.795658	0.009484
6.799585	0.009387
6.803512	0.009295
6.807439	0.009206
6.811366	0.009120
6.815293	0.009036
6.819220	0.008952
6.823147	0.008868
6.827074	0.008783
6.831001	0.008698
6.834928	0.008612
6.838855	0.008527
6.842781	0.008442
6.846708	0.008359
6.850635	0.008279
6.854562	0.008202
6.858489	0.008129
6.862416	0.008060
6.866343	0.007996
6.870270	0.007936
6.874197	0.007882
6.878124	0.007832
6.882051	0.007786
6.885978	0.007746
6.889905	0.007709
6.893832	0.007678
6.897759	0.007651
6.901686	0.007629
6.905613	0.007611
6.909540	0.007598
6.913467	0.007590
6.917394	0.007587
6.921321	0.007589
6.925248	0.007597
6.929175	0.007611
6.933102	0.007631
6.937029	0.007658
6.940956	0.007691
6.944883	0.007732
6.948810	0.007780
6.952737	0.007836
6.956664	0.007900
6.960591	0.007971
6.964518	0.008049
6.968445	0.008132
6.972372	0.008219
6.976299	0.008308
6.980226	0.008395
6.984153	0.008478
6.988080	0.008552
6.992007	0.008614
6.995934	0.008661
6.999861	0.008691
7.003788	0.008704
7.007715	0.008699
7.011642	0.008679
7.015569	0.008645
7.019496	0.008602
7.023423	0.008551
7.027350	0.008496
7.031277	0.008439
7.035204	0.008381
7.039131	0.008324
7.043058	0.008269
7.046985	0.008216
7.050912	0.008166
7.054839	0.008117
7.058766	0.008071
7.062693	0.008025
7.066620	0.007979
7.070547	0.007932
7.074474	0.007883
7.078401	0.007830
7.082328	0.007772
7.086255	0.007708
7.090182	0.007638
7.094109	0.007562
7.098036	0.007481
7.101963	0.007398
7.105890	0.007313
7.109817	0.007229
7.113744	0.007148
7.117671	0.007071
7.121598	0.007000
7.125525	0.006935
7.129452	0.006878
7.133379	0.006828
7.137306	0.006787
7.141233	0.006753
7.145160	0.006728
7.149087	0.006710
7.153014	0.006701
7.156941	0.006699
7.160868	0.006703
7.164795	0.006715
7.168722	0.006732
7.172649	0.006753
7.176576	0.006776
7.180503	0.006800
7.184430	0.006823
7.188357	0.006843
7.192284	0.006856
7.196211	0.006863
7.200138	0.006862
7.204065	0.006853
7.207992	0.006836
7.211919	0.006813
7.215846	0.006786
7.219773	0.006756
7.223700	0.006725
7.227627	0.006693
7.231554	0.006663
7.235481	0.006633
7.239408	0.006605
7.243335	0.006578
7.247262	0.006552
7.251189	0.006528
7.255116	0.006504
7.259043	0.006482
7.262970	0.006461
7.266897	0.006440
7.270823	0.006421
7.274750	0.006401
7.278677	0.006382
7.282604	0.006361
7.286531	0.006339
7.290458	0.006313
7.294385	0.006283
7.298312	0.006247
7.302239	0.006206
7.306166	0.006160
7.310093	0.006108
7.314020	0.006052
7.317947	0.005994
7.321874	0.005934
7.325801	0.005875
7.329728	0.005818
7.333655	0.005763
7.337582	0.005712
7.341509	0.005666
7.345436	0.005625
7.349363	0.005589
7.353290	0.005558
7.357217	0.005533
7.361144	0.005512
7.365071	0.005497
7.368998	0.005486
7.372925	0.005480
7.376852	0.005477
7.380779	0.005477
7.384706	0.005478
7.388633	0.005480
7.392560	0.005481
7.396487	0.005480
7.400414	0.005476
7.404341	0.005467
7.408268	0.005452
7.412195	0.005433
7.416122	0.005409
7.420049	0.005381
7.423976	0.005351
7.427903	0.005319
7.431830	0.005286
7.435757	0.005256
7.439684	0.005227
7.443611	0.005201
7.447538	0.005178
7.451465	0.005160
7.455392	0.005146
7.459319	0.005136
7.463246	0.005131
7.467173	0.005131
7.471100	0.005136
7.475027	0.005145
7.478954	0.005159
7.482881	0.005178
7.486808	0.005200
7.490735	0.005227
7.494662	0.005256
7.498589	0.005289
7.502516	0.005322
7.506443	0.005357
7.510370	0.005392
7.514297	0.005425
7.518224	0.005457
7.522151	0.005487
7.526078	0.005513
7.530005	0.005536
7.533932	0.005555
7.537859	0.005571
7.541786	0.005583
7.545713	0.005591
7.549640	0.005595
7.553567	0.005596
7.557494	0.005592
7.561421	0.005582
7.565348	0.005566
7.569275	0.005543
7.573202	0.005513
7.577129	0.005476
7.581056	0.005432
7.584983	0.005383
7.588910	0.005331
7.592837	0.005277
7.596764	0.005224
7.600691	0.005172
7.604618	0.005124
7.608545	0.005079
7.612472	0.005040
7.616399	0.005005
7.620326	0.004977
7.624253	0.004955
7.628180	0.004938
7.632107	0.004929
7.636034	0.004925
7.639961	0.004928
7.643888	0.004937
7.647815	0.004953
7.651742	0.004975
7.655669	0.005005
7.659596	0.005041
7.663523	0.005085
7.667450	0.005136
7.671377	0.005193
7.675304	0.005258
7.679231	0.005330
7.683158	0.005408
7.687085	0.005492
7.691012	0.005583
7.694939	0.005679
7.698865	0.005779
7.702792	0.005884
7.706719	0.005991
7.710646	0.006098
7.714573	0.006205
7.718500	0.006306
7.722427	0.006398
7.726354	0.006476
7.730281	0.006537
7.734208	0.006576
7.738135	0.006589
7.742062	0.006574
7.745989	0.006531
7.749916	0.006460
7.753843	0.006364
7.757770	0.006249
7.761697	0.006118
7.765624	0.005977
7.769551	0.005831
7.773478	0.005685
7.777405	0.005541
7.781332	0.005403
7.785259	0.005272
7.789186	0.005149
7.793113	0.005035
7.797040	0.004929
7.800967	0.004832
7.804894	0.004744
7.808821	0.004664
7.812748	0.004591
7.816675	0.004525
7.820602	0.004465
7.824529	0.004411
7.828456	0.004363
7.832383	0.004321
7.836310	0.004282
7.840237	0.004249
7.844164	0.004220
7.848091	0.004195
7.852018	0.004174
7.855945	0.004156
7.859872	0.004143
7.863799	0.004133
7.867726	0.004127
7.871653	0.004124
7.875580	0.004125
7.879507	0.004130
7.883434	0.004138
7.887361	0.004149
7.891288	0.004163
7.895215	0.004181
7.899142	0.004201
7.903069	0.004223
7.906996	0.004246
7.910923	0.004270
7.914850	0.004295
7.918777	0.004318
7.922704	0.004341
7.926631	0.004362
7.930558	0.004383
7.934485	0.004402
7.938412	0.004422
7.942339	0.004441
7.946266	0.004461
7.950193	0.004482
7.954120	0.004503
7.958047	0.004523
7.961974	0.004542
7.965901	0.004559
7.969828	0.004572
7.973755	0.004581
7.977682	0.004585
7.981609	0.004584
7.985536	0.004579
7.989463	0.004568
7.993390	0.004553
7.997317	0.004533
8.001244	0.004510
8.005171	0.004484
8.009098	0.004454
8.013025	0.004422
8.016952	0.004388
8.020879	0.004352
8.024806	0.004316
8.028733	0.004279
8.032660	0.004242
8.036587	0.004205
8.040514	0.004169
8.044441	0.004133
8.048368	0.004098
8.052295	0.004065
8.056222	0.004033
8.060149	0.004002
8.064076	0.003973
8.068003	0.003945
8.071930	0.003917
8.075857	0.003890
8.079784	0.003863
8.083711	0.003837
8.087638	0.003812
8.091565	0.003787
8.095492	0.003764
8.099419	0.003742
8.103346	0.003723
8.107273	0.003706
8.111200	0.003691
8.115127	0.003680
8.119054	0.003671
8.122981	0.003666
8.126907	0.003664
8.130834	0.003665
8.134761	0.003670
8.138688	0.003679
8.142615	0.003691
8.146542	0.003707
8.150469	0.003727
8.154396	0.003751
8.158323	0.003779
8.162250	0.003812
8.166177	0.003849
8.170104	0.003890
8.174031	0.003936
8.177958	0.003986
8.181885	0.004040
8.185812	0.004098
8.189739	0.004159
8.193666	0.004223
8.197593	0.004289
8.201520	0.004358
8.205447	0.004429
8.209374	0.004501
8.213301	0.004574
8.217228	0.004647
8.221155	0.004719
8.225082	0.004787
8.229009	0.004849
8.232936	0.004902
8.236863	0.004945
8.240790	0.004974
8.244717	0.004989
8.248644	0.004987
8.252571	0.004968
8.256498	0.004932
8.260425	0.004881
8.264352	0.004816
8.268279	0.004740
8.272206	0.004654
8.276133	0.004562
8.280060	0.004466
8.283987	0.004370
8.287914	0.004274
8.291841	0.004181
8.295768	0.004093
8.299695	0.004010
8.303622	0.003933
8.307549	0.003862
8.311476	0.003796
8.315403	0.003737
8.319330	0.003684
8.323257	0.003635
8.327184	0.003592
8.331111	0.003554
8.335038	0.003520
8.338965	0.003491
8.342892	0.003465
8.346819	0.003444
8.350746	0.003425
8.354673	0.003411
8.358600	0.003399
8.362527	0.003391
8.366454	0.003386
8.370381	0.003384
8.374308	0.003385
8.378235	0.003390
8.382162	0.003398
8.386089	0.003409
8.390016	0.003423
8.393943	0.003442
8.397870	0.003464
8.401797	0.003490
8.405724	0.003520
8.409651	0.003555
8.413578	0.003595
8.417505	0.003639
8.421432	0.003688
8.425359	0.003742
8.429286	0.003800
8.433213	0.003863
8.437140	0.003929
8.441067	0.003998
8.444994	0.004069
8.448921	0.004141
8.452848	0.004213
8.456775	0.004286
8.460702	0.004358
8.464629	0.004430
8.468556	0.004501
8.472483	0.004573
8.476410	0.004646
8.480337	0.004718
8.484264	0.004788
8.488191	0.004856
8.492118	0.004917
8.496045	0.004968
8.499972	0.005007
8.503899	0.005030
8.507826	0.005035
8.511753	0.005020
8.515680	0.004986
8.519607	0.004934
8.523534	0.004866
8.527461	0.004786
8.531388	0.004695
8.535315	0.004597
8.539242	0.004495
8.543169	0.004392
8.547096	0.004289
8.551023	0.004188
8.554949	0.004091
8.558876	0.004000
8.562803	0.003914
8.566730	0.003834
8.570657	0.003761
8.574584	0.003695
8.578511	0.003635
8.582438	0.003582
8.586365	0.003535
8.590292	0.003494
8.594219	0.003458
8.598146	0.003427
8.602073	0.003402
8.606000	0.003381
8.609927	0.003365
8.613854	0.003353
8.617781	0.003346
8.621708	0.003343
8.625635	0.003344
8.629562	0.003349
8.633489	0.003359
8.637416	0.003374
8.641343	0.003393
8.645270	0.003417
8.649197	0.003446
8.653124	0.003480
8.657051	0.003520
8.660978	0.003566
8.664905	0.003618
8.668832	0.003677
8.672759	0.003743
8.676686	0.003816
8.680613	0.003895
8.684540	0.003982
8.688467	0.004074
8.692394	0.004172
8.696321	0.004274
8.700248	0.004379
8.704175	0.004485
8.708102	0.004591
8.712029	0.004693
8.715956	0.004792
8.719883	0.004887
8.723810	0.004976
8.727737	0.005061
8.731664	0.005141
8.735591	0.005217
8.739518	0.005287
8.743445	0.005350
8.747372	0.005403
8.751299	0.005443
8.755226	0.005465
8.759153	0.005467
8.763080	0.005445
8.767007	0.005397
8.770934	0.005325
8.774861	0.005231
8.778788	0.005119
8.782715	0.004993
8.786642	0.004859
8.790569	0.004721
8.794496	0.004583
8.798423	0.004449
8.802350	0.004321
8.806277	0.004201
8.810204	0.004090
8.814131	0.003988
8.818058	0.003896
8.821985	0.003813
8.825912	0.003739
8.829839	0.003675
8.833766	0.003618
8.837693	0.003570
8.841620	0.003529
8.845547	0.003495
8.849474	0.003469
8.853401	0.003449
8.857328	0.003435
8.861255	0.003428
8.865182	0.003427
8.869109	0.003433
8.873036	0.003446
8.876963	0.003465
8.880890	0.003490
8.884817	0.003523
8.888744	0.003564
8.892671	0.003611
8.896598	0.003667
8.900525	0.003731
8.904452	0.003803
8.908379	0.003882
8.912306	0.003970
8.916233	0.004063
8.920160	0.004162
8.924087	0.004265
8.928014	0.004368
8.931941	0.004468
8.935868	0.004562
8.939795	0.004646
8.943722	0.004716
8.947649	0.004769
8.951576	0.004804
8.955503	0.004820
8.959430	0.004818
8.963357	0.004801
8.967284	0.004772
8.971211	0.004736
8.975138	0.004695
8.979065	0.004653
8.982991	0.004612
8.986918	0.004575
8.990845	0.004541
8.994772	0.004510
8.998699	0.004480
9.002626	0.004452
9.006553	0.004421
9.010480	0.004386
9.014407	0.004347
9.018334	0.004301
9.022261	0.004248
9.026188	0.004188
9.030115	0.004123
9.034042	0.004052
9.037969	0.003978
9.041896	0.003902
9.045823	0.003826
9.049750	0.003750
9.053677	0.003676
9.057604	0.003606
9.061531	0.003539
9.065458	0.003478
9.069385	0.003422
9.073312	0.003372
9.077239	0.003329
9.081166	0.003291
9.085093	0.003260
9.089020	0.003235
9.092947	0.003216
9.096874	0.003203
9.100801	0.003196
9.104728	0.003196
9.108655	0.003201
9.112582	0.003213
9.116509	0.003231
9.120436	0.003255
9.124363	0.003286
9.128290	0.003324
9.132217	0.003370
9.136144	0.003422
9.140071	0.003482
9.143998	0.003548
9.147925	0.003622
9.151852	0.003701
9.155779	0.003786
9.159706	0.003874
9.163633	0.003962
9.167560	0.004049
9.171487	0.004131
9.175414	0.004204
9.179341	0.004266
9.183268	0.004314
9.187195	0.004346
9.191122	0.004362
9.195049	0.004364
9.198976	0.004354
9.202903	0.004335
9.206830	0.004311
9.210757	0.004286
9.214684	0.004262
9.218611	0.004241
9.222538	0.004226
9.226465	0.004216
9.230392	0.004211
9.234319	0.004211
9.238246	0.004214
9.242173	0.004219
9.246100	0.004224
9.250027	0.004228
9.253954	0.004231
9.257881	0.004232
9.261808	0.004231
9.265735	0.004227
9.269662	0.004221
9.273589	0.004214
9.277516	0.004203
9.281443	0.004190
9.285370	0.004174
9.289297	0.004153
9.293224	0.004128
9.297151	0.004098
9.301078	0.004063
9.305005	0.004025
9.308932	0.003983
9.312859	0.003938
9.316786	0.003894
9.320713	0.003851
9.324640	0.003811
9.328567	0.003775
9.332494	0.003745
9.336421	0.003723
9.340348	0.003708
9.344275	0.003702
9.348202	0.003704
9.352129	0.003713
9.356056	0.003729
9.359983	0.003749
9.363910	0.003772
9.367837	0.003795
9.371764	0.003815
9.375691	0.003829
9.379618	0.003834
9.383545	0.003828
9.387472	0.003810
9.391399	0.003780
9.395326	0.003739
9.399253	0.003688
9.403180	0.003632
9.407107	0.003571
9.411033	0.003510
9.414960	0.003451
9.418887	0.003395
9.422814	0.003344
9.426741	0.003300
9.430668	0.003262
9.434595	0.003233
9.438522	0.003211
9.442449	0.003197
9.446376	0.003191
9.450303	0.003192
9.454230	0.003200
9.458157	0.003215
9.462084	0.003235
9.466011	0.003259
9.469938	0.003286
9.473865	0.003315
9.477792	0.003343
9.481719	0.003369
9.485646	0.003392
9.489573	0.003410
9.493500	0.003423
9.497427	0.003431
9.501354	0.003433
9.505281	0.003430
9.509208	0.003424
9.513135	0.003413
9.517062	0.003400
9.520989	0.003386
9.524916	0.003369
9.528843	0.003352
9.532770	0.003335
9.536697	0.003317
9.540624	0.003297
9.544551	0.003276
9.548478	0.003252
9.552405	0.003224
9.556332	0.003193
9.560259	0.003157
9.564186	0.003118
9.568113	0.003075
9.572040	0.003031
9.575967	0.002985
9.579894	0.002941
9.583821	0.002898
9.587748	0.002859
9.591675	0.002823
9.595602	0.002792
9.599529	0.002765
9.603456	0.002744
9.607383	0.002727
9.611310	0.002715
9.615237	0.002707
9.619164	0.002701
9.623091	0.002698
9.627018	0.002696
9.630945	0.002694
9.634872	0.002690
9.638799	0.002684
9.642726	0.002674
9.646653	0.002659
9.650580	0.002640
9.654507	0.002618
9.658434	0.002592
9.662361	0.002564
9.666288	0.002534
9.670215	0.002505
9.674142	0.002477
9.678069	0.002450
9.681996	0.002426
9.685923	0.002404
9.689850	0.002386
9.693777	0.002371
9.697704	0.002359
9.701631	0.002351
9.705558	0.002346
9.709485	0.002346
9.713412	0.002349
9.717339	0.002356
9.721266	0.002366
9.725193	0.002381
9.729120	0.002400
9.733047	0.002423
9.736974	0.002451
9.740901	0.002482
9.744828	0.002518
9.748755	0.002558
9.752682	0.002601
9.756609	0.002648
9.760536	0.002697
9.764463	0.002747
9.768390	0.002798
9.772317	0.002848
9.776244	0.002896
9.780171	0.002940
9.784098	0.002979
9.788025	0.003012
9.791952	0.003037
9.795879	0.003054
9.799806	0.003062
9.803733	0.003060
9.807660	0.003049
9.811587	0.003030
9.815514	0.003002
9.819441	0.002967
