-9.819441	0.002193
-9.815514	0.002204
-9.811587	0.002217
-9.807660	0.002232
-9.803733	0.002249
-9.799806	0.002269
-9.795879	0.002291
-9.791952	0.002316
-9.788025	0.002343
-9.784098	0.002373
-9.780171	0.002406
-9.776244	0.002441
-9.772317	0.002479
-9.768390	0.002519
-9.764463	0.002560
-9.760536	0.002603
-9.756609	0.002645
-9.752682	0.002687
-9.748755	0.002727
-9.744828	0.002765
-9.740901	0.002800
-9.736974	0.002831
-9.733047	0.002859
-9.729120	0.002882
-9.725193	0.002901
-9.721266	0.002916
-9.717339	0.002927
-9.713412	0.002935
-9.709485	0.002940
-9.705558	0.002942
-9.701631	0.002940
-9.697704	0.002935
-9.693777	0.002926
-9.689850	0.002913
-9.685923	0.002895
-9.681996	0.002873
-9.678069	0.002847
-9.674142	0.002816
-9.670215	0.002782
-9.666288	0.002746
-9.662361	0.002707
-9.658434	0.002667
-9.654507	0.002627
-9.650580	0.002588
-9.646653	0.002550
-9.642726	0.002515
-9.638799	0.002481
-9.634872	0.002450
-9.630945	0.002422
-9.627018	0.002396
-9.623091	0.002373
-9.619164	0.002353
-9.615237	0.002335
-9.611310	0.002319
-9.607383	0.002306
-9.603456	0.002294
-9.599529	0.002285
-9.595602	0.002277
-9.591675	0.002271
-9.587748	0.002267
-9.583821	0.002264
-9.579894	0.002263
-9.575967	0.002263
-9.572040	0.002265
-9.568113	0.002268
-9.564186	0.002273
-9.560259	0.002279
-9.556332	0.002287
-9.552405	0.002296
-9.548478	0.002307
-9.544551	0.002320
-9.540624	0.002334
-9.536697	0.002351
-9.532770	0.002369
-9.528843	0.002390
-9.524916	0.002413
-9.520989	0.002438
-9.517062	0.002466
-9.513135	0.002496
-9.509208	0.002528
-9.505281	0.002562
-9.501354	0.002599
-9.497427	0.002637
-9.493500	0.002675
-9.489573	0.002715
-9.485646	0.002754
-9.481719	0.002792
-9.477792	0.002828
-9.473865	0.002863
-9.469938	0.002895
-9.466011	0.002925
-9.462084	0.002952
-9.458157	0.002975
-9.454230	0.002996
-9.450303	0.003014
-9.446376	0.003029
-9.442449	0.003040
-9.438522	0.003048
-9.434595	0.003051
-9.430668	0.003051
-9.426741	0.003046
-9.422814	0.003037
-9.418887	0.003024
-9.414960	0.003008
-9.411033	0.002988
-9.407107	0.002965
-9.403180	0.002939
-9.399253	0.002913
-9.395326	0.002887
-9.391399	0.002860
-9.387472	0.002835
-9.383545	0.002812
-9.379618	0.002790
-9.375691	0.002770
-9.371764	0.002751
-9.367837	0.002734
-9.363910	0.002717
-9.359983	0.002701
-9.356056	0.002684
-9.352129	0.002666
-9.348202	0.002648
-9.344275	0.002628
-9.340348	0.002609
-9.336421	0.002589
-9.332494	0.002569
-9.328567	0.002550
-9.324640	0.002532
-9.320713	0.002515
-9.316786	0.002499
-9.312859	0.002485
-9.308932	0.002472
-9.305005	0.002461
-9.301078	0.002451
-9.297151	0.002443
-9.293224	0.002436
-9.289297	0.002431
-9.285370	0.002427
-9.281443	0.002424
-9.277516	0.002423
-9.273589	0.002422
-9.269662	0.002423
-9.265735	0.002424
-9.261808	0.002427
-9.257881	0.002431
-9.253954	0.002436
-9.250027	0.002442
-9.246100	0.002449
-9.242173	0.002457
-9.238246	0.002466
-9.234319	0.002477
-9.230392	0.002489
-9.226465	0.002502
-9.222538	0.002516
-9.218611	0.002532
-9.214684	0.002549
-9.210757	0.002567
-9.206830	0.002587
-9.202903	0.002609
-9.198976	0.002631
-9.195049	0.002655
-9.191122	0.002680
-9.187195	0.002706
-9.183268	0.002733
-9.179341	0.002761
-9.175414	0.002791
-9.171487	0.002821
-9.167560	0.002853
-9.163633	0.002887
-9.159706	0.002922
-9.155779	0.002959
-9.151852	0.002997
-9.147925	0.003037
-9.143998	0.003077
-9.140071	0.003119
-9.136144	0.003162
-9.132217	0.003204
-9.128290	0.003247
-9.124363	0.003290
-9.120436	0.003332
-9.116509	0.003372
-9.112582	0.003409
-9.108655	0.003443
-9.104728	0.003470
-9.100801	0.003492
-9.096874	0.003505
-9.092947	0.003509
-9.089020	0.003503
-9.085093	0.003487
-9.081166	0.003463
-9.077239	0.003430
-9.073312	0.003391
-9.069385	0.003347
-9.065458	0.003301
-9.061531	0.003254
-9.057604	0.003207
-9.053677	0.003163
-9.049750	0.003120
-9.045823	0.003081
-9.041896	0.003045
-9.037969	0.003013
-9.034042	0.002985
-9.030115	0.002960
-9.026188	0.002939
-9.022261	0.002921
-9.018334	0.002907
-9.014407	0.002895
-9.010480	0.002887
-9.006553	0.002882
-9.002626	0.002879
-8.998699	0.002879
-8.994772	0.002882
-8.990845	0.002887
-8.986918	0.002895
-8.982991	0.002906
-8.979065	0.002919
-8.975138	0.002936
-8.971211	0.002955
-8.967284	0.002978
-8.963357	0.003004
-8.959430	0.003033
-8.955503	0.003065
-8.951576	0.003102
-8.947649	0.003141
-8.943722	0.003184
-8.939795	0.003231
-8.935868	0.003279
-8.931941	0.003330
-8.928014	0.003381
-8.924087	0.003431
-8.920160	0.003480
-8.916233	0.003524
-8.912306	0.003562
-8.908379	0.003592
-8.904452	0.003614
-8.900525	0.003625
-8.896598	0.003628
-8.892671	0.003620
-8.888744	0.003605
-8.884817	0.003583
-8.880890	0.003556
-8.876963	0.003525
-8.873036	0.003493
-8.869109	0.003460
-8.865182	0.003427
-8.861255	0.003396
-8.857328	0.003367
-8.853401	0.003340
-8.849474	0.003316
-8.845547	0.003294
-8.841620	0.003275
-8.837693	0.003260
-8.833766	0.003247
-8.829839	0.003237
-8.825912	0.003230
-8.821985	0.003226
-8.818058	0.003225
-8.814131	0.003227
-8.810204	0.003231
-8.806277	0.003238
-8.802350	0.003245
-8.798423	0.003253
-8.794496	0.003260
-8.790569	0.003266
-8.786642	0.003269
-8.782715	0.003269
-8.778788	0.003266
-8.774861	0.003259
-8.770934	0.003248
-8.767007	0.003234
-8.763080	0.003217
-8.759153	0.003199
-8.755226	0.003181
-8.751299	0.003162
-8.747372	0.003144
-8.743445	0.003127
-8.739518	0.003112
-8.735591	0.003098
-8.731664	0.003086
-8.727737	0.003076
-8.723810	0.003068
-8.719883	0.003062
-8.715956	0.003057
-8.712029	0.003054
-8.708102	0.003053
-8.704175	0.003053
-8.700248	0.003055
-8.696321	0.003059
-8.692394	0.003064
-8.688467	0.003070
-8.684540	0.003079
-8.680613	0.003088
-8.676686	0.003100
-8.672759	0.003113
-8.668832	0.003128
-8.664905	0.003145
-8.660978	0.003163
-8.657051	0.003184
-8.653124	0.003206
-8.649197	0.003231
-8.645270	0.003257
-8.641343	0.003286
-8.637416	0.003316
-8.633489	0.003348
-8.629562	0.003381
-8.625635	0.003415
-8.621708	0.003449
-8.617781	0.003483
-8.613854	0.003517
-8.609927	0.003549
-8.606000	0.003579
-8.602073	0.003606
-8.598146	0.003631
-8.594219	0.003653
-8.590292	0.003672
-8.586365	0.003688
-8.582438	0.003702
-8.578511	0.003715
-8.574584	0.003728
-8.570657	0.003741
-8.566730	0.003754
-8.562803	0.003767
-8.558876	0.003782
-8.554949	0.003797
-8.551023	0.003812
-8.547096	0.003826
-8.543169	0.003839
-8.539242	0.003849
-8.535315	0.003856
-8.531388	0.003859
-8.527461	0.003858
-8.523534	0.003851
-8.519607	0.003839
-8.515680	0.003823
-8.511753	0.003802
-8.507826	0.003778
-8.503899	0.003751
-8.499972	0.003724
-8.496045	0.003697
-8.492118	0.003672
-8.488191	0.003647
-8.484264	0.003625
-8.480337	0.003606
-8.476410	0.003589
-8.472483	0.003575
-8.468556	0.003564
-8.464629	0.003555
-8.460702	0.003550
-8.456775	0.003547
-8.452848	0.003546
-8.448921	0.003548
-8.444994	0.003553
-8.441067	0.003560
-8.437140	0.003570
-8.433213	0.003582
-8.429286	0.003597
-8.425359	0.003614
-8.421432	0.003635
-8.417505	0.003658
-8.413578	0.003684
-8.409651	0.003714
-8.405724	0.003746
-8.401797	0.003783
-8.397870	0.003823
-8.393943	0.003867
-8.390016	0.003914
-8.386089	0.003966
-8.382162	0.004021
-8.378235	0.004080
-8.374308	0.004142
-8.370381	0.004206
-8.366454	0.004271
-8.362527	0.004335
-8.358600	0.004398
-8.354673	0.004459
-8.350746	0.004515
-8.346819	0.004565
-8.342892	0.004610
-8.338965	0.004648
-8.335038	0.004680
-8.331111	0.004705
-8.327184	0.004723
-8.323257	0.004735
-8.319330	0.004739
-8.315403	0.004735
-8.311476	0.004724
-8.307549	0.004703
-8.303622	0.004674
-8.299695	0.004638
-8.295768	0.004594
-8.291841	0.004544
-8.287914	0.004491
-8.283987	0.004435
-8.280060	0.004379
-8.276133	0.004323
-8.272206	0.004270
-8.268279	0.004219
-8.264352	0.004172
-8.260425	0.004129
-8.256498	0.004089
-8.252571	0.004054
-8.248644	0.004022
-8.244717	0.003993
-8.240790	0.003968
-8.236863	0.003947
-8.232936	0.003928
-8.229009	0.003912
-8.225082	0.003898
-8.221155	0.003887
-8.217228	0.003878
-8.213301	0.003871
-8.209374	0.003866
-8.205447	0.003862
-8.201520	0.003860
-8.197593	0.003860
-8.193666	0.003861
-8.189739	0.003864
-8.185812	0.003868
-8.181885	0.003873
-8.177958	0.003880
-8.174031	0.003888
-8.170104	0.003898
-8.166177	0.003908
-8.162250	0.003921
-8.158323	0.003934
-8.154396	0.003950
-8.150469	0.003966
-8.146542	0.003985
-8.142615	0.004005
-8.138688	0.004028
-8.134761	0.004052
-8.130834	0.004079
-8.126907	0.004108
-8.122981	0.004140
-8.119054	0.004174
-8.115127	0.004212
-8.111200	0.004252
-8.107273	0.004295
-8.103346	0.004341
-8.099419	0.004390
-8.095492	0.004441
-8.091565	0.004493
-8.087638	0.004546
-8.083711	0.004599
-8.079784	0.004650
-8.075857	0.004697
-8.071930	0.004739
-8.068003	0.004775
-8.064076	0.004803
-8.060149	0.004822
-8.056222	0.004832
-8.052295	0.004834
-8.048368	0.004828
-8.044441	0.004816
-8.040514	0.004799
-8.036587	0.004778
-8.032660	0.004755
-8.028733	0.004730
-8.024806	0.004704
-8.020879	0.004677
-8.016952	0.004650
-8.013025	0.004624
-8.009098	0.004598
-8.005171	0.004572
-8.001244	0.004548
-7.997317	0.004525
-7.993390	0.004504
-7.989463	0.004484
-7.985536	0.004467
-7.981609	0.004451
-7.977682	0.004437
-7.973755	0.004426
-7.969828	0.004417
-7.965901	0.004409
-7.961974	0.004404
-7.958047	0.004400
-7.954120	0.004398
-7.950193	0.004398
-7.946266	0.004400
-7.942339	0.004403
-7.938412	0.004407
-7.934485	0.004413
-7.930558	0.004421
-7.926631	0.004429
-7.922704	0.004440
-7.918777	0.004451
-7.914850	0.004464
-7.910923	0.004479
-7.906996	0.004494
-7.903069	0.004512
-7.899142	0.004531
-7.895215	0.004552
-7.891288	0.004574
-7.887361	0.004598
-7.883434	0.004624
-7.879507	0.004652
-7.875580	0.004681
-7.871653	0.004713
-7.867726	0.004746
-7.863799	0.004780
-7.859872	0.004815
-7.855945	0.004850
-7.852018	0.004885
-7.848091	0.004920
-7.844164	0.004952
-7.840237	0.004982
-7.836310	0.005009
-7.832383	0.005034
-7.828456	0.005055
-7.824529	0.005073
-7.820602	0.005088
-7.816675	0.005102
-7.812748	0.005113
-7.808821	0.005123
-7.804894	0.005130
-7.800967	0.005136
-7.797040	0.005139
-7.793113	0.005140
-7.789186	0.005139
-7.785259	0.005135
-7.781332	0.005129
-7.777405	0.005121
-7.773478	0.005111
-7.769551	0.005100
-7.765624	0.005089
-7.761697	0.005078
-7.757770	0.005067
-7.753843	0.005057
-7.749916	0.005049
-7.745989	0.005042
-7.742062	0.005037
-7.738135	0.005033
-7.734208	0.005030
-7.730281	0.005030
-7.726354	0.005030
-7.722427	0.005033
-7.718500	0.005036
-7.714573	0.005041
-7.710646	0.005047
-7.706719	0.005055
-7.702792	0.005063
-7.698865	0.005072
-7.694939	0.005082
-7.691012	0.005094
-7.687085	0.005106
-7.683158	0.005119
-7.679231	0.005133
-7.675304	0.005147
-7.671377	0.005163
-7.667450	0.005179
-7.663523	0.005197
-7.659596	0.005215
-7.655669	0.005234
-7.651742	0.005254
-7.647815	0.005275
-7.643888	0.005297
-7.639961	0.005321
-7.636034	0.005345
-7.632107	0.005371
-7.628180	0.005398
-7.624253	0.005427
-7.620326	0.005457
-7.616399	0.005488
-7.612472	0.005521
-7.608545	0.005555
-7.604618	0.005591
-7.600691	0.005628
-7.596764	0.005665
-7.592837	0.005702
-7.588910	0.005739
-7.584983	0.005774
-7.581056	0.005808
-7.577129	0.005839
-7.573202	0.005866
-7.569275	0.005890
-7.565348	0.005911
-7.561421	0.005928
-7.557494	0.005942
-7.553567	0.005955
-7.549640	0.005966
-7.545713	0.005977
-7.541786	0.005989
-7.537859	0.006001
-7.533932	0.006014
-7.530005	0.006029
-7.526078	0.006045
-7.522151	0.006062
-7.518224	0.006080
-7.514297	0.006099
-7.510370	0.006118
-7.506443	0.006137
-7.502516	0.006155
-7.498589	0.006172
-7.494662	0.006189
-7.490735	0.006204
-7.486808	0.006218
-7.482881	0.006231
-7.478954	0.006243
-7.475027	0.006254
-7.471100	0.006264
-7.467173	0.006273
-7.463246	0.006282
-7.459319	0.006290
-7.455392	0.006299
-7.451465	0.006307
-7.447538	0.006317
-7.443611	0.006327
-7.439684	0.006338
-7.435757	0.006350
-7.431830	0.006363
-7.427903	0.006378
-7.423976	0.006393
-7.420049	0.006410
-7.416122	0.006429
-7.412195	0.006448
-7.408268	0.006469
-7.404341	0.006491
-7.400414	0.006514
-7.396487	0.006538
-7.392560	0.006563
-7.388633	0.006589
-7.384706	0.006616
-7.380779	0.006644
-7.376852	0.006673
-7.372925	0.006702
-7.368998	0.006731
-7.365071	0.006760
-7.361144	0.006790
-7.357217	0.006819
-7.353290	0.006848
-7.349363	0.006877
-7.345436	0.006906
-7.341509	0.006936
-7.337582	0.006965
-7.333655	0.006995
-7.329728	0.007026
-7.325801	0.007057
-7.321874	0.007089
-7.317947	0.007123
-7.314020	0.007157
-7.310093	0.007192
-7.306166	0.007228
-7.302239	0.007265
-7.298312	0.007302
-7.294385	0.007340
-7.290458	0.007378
-7.286531	0.007415
-7.282604	0.007453
-7.278677	0.007492
-7.274750	0.007530
-7.270823	0.007570
-7.266897	0.007610
-7.262970	0.007652
-7.259043	0.007695
-7.255116	0.007740
-7.251189	0.007786
-7.247262	0.007834
-7.243335	0.007884
-7.239408	0.007934
-7.235481	0.007986
-7.231554	0.008037
-7.227627	0.008087
-7.223700	0.008136
-7.219773	0.008183
-7.215846	0.008226
-7.211919	0.008266
-7.207992	0.008302
-7.204065	0.008335
-7.200138	0.008364
-7.196211	0.008391
-7.192284	0.008417
-7.188357	0.008441
-7.184430	0.008465
-7.180503	0.008490
-7.176576	0.008515
-7.172649	0.008541
-7.168722	0.008568
-7.164795	0.008597
-7.160868	0.008627
-7.156941	0.008659
-7.153014	0.008692
-7.149087	0.008726
-7.145160	0.008762
-7.141233	0.008800
-7.137306	0.008840
-7.133379	0.008882
-7.129452	0.008925
-7.125525	0.008970
-7.121598	0.009017
-7.117671	0.009066
-7.113744	0.009117
-7.109817	0.009169
-7.105890	0.009224
-7.101963	0.009281
-7.098036	0.009339
-7.094109	0.009400
-7.090182	0.009463
-7.086255	0.009529
-7.082328	0.009597
-7.078401	0.009667
-7.074474	0.009740
-7.070547	0.009817
-7.066620	0.009896
-7.062693	0.009979
-7.058766	0.010065
-7.054839	0.010155
-7.050912	0.010249
-7.046985	0.010348
-7.043058	0.010451
-7.039131	0.010558
-7.035204	0.010671
-7.031277	0.010788
-7.027350	0.010911
-7.023423	0.011037
-7.019496	0.011168
-7.015569	0.011302
-7.011642	0.011438
-7.007715	0.011575
-7.003788	0.011711
-6.999861	0.011844
-6.995934	0.011973
-6.992007	0.012095
-6.988080	0.012210
-6.984153	0.012316
-6.980226	0.012414
-6.976299	0.012504
-6.972372	0.012587
-6.968445	0.012664
-6.964518	0.012736
-6.960591	0.012806
-6.956664	0.012872
-6.952737	0.012936
-6.948810	0.012997
-6.944883	0.013055
-6.940956	0.013110
-6.937029	0.013162
-6.933102	0.013212
-6.929175	0.013258
-6.925248	0.013303
-6.921321	0.013347
-6.917394	0.013391
-6.913467	0.013438
-6.909540	0.013487
-6.905613	0.013539
-6.901686	0.013597
-6.897759	0.013660
-6.893832	0.013730
-6.889905	0.013805
-6.885978	0.013887
-6.882051	0.013976
-6.878124	0.014071
-6.874197	0.014172
-6.870270	0.014280
-6.866343	0.014394
-6.862416	0.014514
-6.858489	0.014640
-6.854562	0.014772
-6.850635	0.014911
-6.846708	0.015055
-6.842781	0.015207
-6.838855	0.015366
-6.834928	0.015532
-6.831001	0.015705
-6.827074	0.015887
-6.823147	0.016078
-6.819220	0.016277
-6.815293	0.016485
-6.811366	0.016702
-6.807439	0.016928
-6.803512	0.017162
-6.799585	0.017405
-6.795658	0.017655
-6.791731	0.017910
-6.787804	0.018169
-6.783877	0.018431
-6.779950	0.018692
-6.776023	0.018951
-6.772096	0.019206
-6.768169	0.019457
-6.764242	0.019702
-6.760315	0.019945
-6.756388	0.020185
-6.752461	0.020426
-6.748534	0.020670
-6.744607	0.020920
-6.740680	0.021178
-6.736753	0.021447
-6.732826	0.021729
-6.728899	0.022025
-6.724972	0.022338
-6.721045	0.022668
-6.717118	0.023017
-6.713191	0.023385
-6.709264	0.023775
-6.705337	0.024188
-6.701410	0.024624
-6.697483	0.025086
-6.693556	0.025575
-6.689629	0.026092
-6.685702	0.026641
-6.681775	0.027222
-6.677848	0.027838
-6.673921	0.028491
-6.669994	0.029184
-6.666067	0.029921
-6.662140	0.030704
-6.658213	0.031538
-6.654286	0.032426
-6.650359	0.033374
-6.646432	0.034386
-6.642505	0.035469
-6.638578	0.036628
-6.634651	0.037872
-6.630724	0.039208
-6.626797	0.040645
-6.622870	0.042193
-6.618943	0.043863
-6.615016	0.045667
-6.611089	0.047618
-6.607162	0.049731
-6.603235	0.052022
-6.599308	0.054507
-6.595381	0.057205
-6.591454	0.060136
-6.587527	0.063319
-6.583600	0.066776
-6.579673	0.070530
-6.575746	0.074603
-6.571819	0.079019
-6.567892	0.083799
-6.563965	0.088962
-6.560038	0.094523
-6.556111	0.100483
-6.552184	0.106830
-6.548257	0.113523
-6.544330	0.120493
-6.540403	0.127625
-6.536476	0.134761
-6.532549	0.141688
-6.528622	0.148151
-6.524695	0.153861
-6.520768	0.158523
-6.516841	0.161872
-6.512914	0.163703
-6.508987	0.163913
-6.505060	0.162509
-6.501133	0.159615
-6.497206	0.155447
-6.493279	0.150282
-6.489352	0.144420
-6.485425	0.138149
-6.481498	0.131727
-6.477571	0.125360
-6.473644	0.119208
-6.469717	0.113381
-6.465790	0.107951
-6.461863	0.102956
-6.457936	0.098412
-6.454009	0.094316
-6.450082	0.090654
-6.446155	0.087405
-6.442228	0.084543
-6.438301	0.082042
-6.434374	0.079873
-6.430447	0.078009
-6.426520	0.076424
-6.422593	0.075094
-6.418666	0.073999
-6.414739	0.073121
-6.410813	0.072445
-6.406886	0.071961
-6.402959	0.071661
-6.399032	0.071539
-6.395105	0.071595
-6.391178	0.071826
-6.387251	0.072234
-6.383324	0.072820
-6.379397	0.073587
-6.375470	0.074540
-6.371543	0.075685
-6.367616	0.077027
-6.363689	0.078576
-6.359762	0.080341
-6.355835	0.082335
-6.351908	0.084571
-6.347981	0.087067
-6.344054	0.089841
-6.340127	0.092916
-6.336200	0.096317
-6.332273	0.100072
-6.328346	0.104215
-6.324419	0.108780
-6.320492	0.113810
-6.316565	0.119348
-6.312638	0.125446
-6.308711	0.132155
-6.304784	0.139533
-6.300857	0.147639
-6.296930	0.156535
-6.293003	0.166276
-6.289076	0.176915
-6.285149	0.188487
-6.281222	0.201008
-6.277295	0.214460
-6.273368	0.228777
-6.269441	0.243828
-6.265514	0.259400
-6.261587	0.275184
-6.257660	0.290763
-6.253733	0.305618
-6.249806	0.319145
-6.245879	0.330702
-6.241952	0.339668
-6.238025	0.345521
-6.234098	0.347910
-6.230171	0.346712
-6.226244	0.342050
-6.222317	0.334275
-6.218390	0.323911
-6.214463	0.311581
-6.210536	0.297932
-6.206609	0.283570
-6.202682	0.269018
-6.198755	0.254695
-6.194828	0.240914
-6.190901	0.227890
-6.186974	0.215756
-6.183047	0.204580
-6.179120	0.194384
-6.175193	0.185154
-6.171266	0.176858
-6.167339	0.169446
-6.163412	0.162866
-6.159485	0.157062
-6.155558	0.151977
-6.151631	0.147561
-6.147704	0.143763
-6.143777	0.140541
-6.139850	0.137855
-6.135923	0.135670
-6.131996	0.133959
-6.128069	0.132696
-6.124142	0.131862
-6.120215	0.131442
-6.116288	0.131423
-6.112361	0.131800
-6.108434	0.132570
-6.104507	0.133733
-6.100580	0.135294
-6.096653	0.137263
-6.092726	0.139651
-6.088799	0.142475
-6.084872	0.145754
-6.080945	0.149512
-6.077018	0.153776
-6.073091	0.158576
-6.069164	0.163946
-6.065237	0.169921
-6.061310	0.176537
-6.057383	0.183830
-6.053456	0.191830
-6.049529	0.200562
-6.045602	0.210036
-6.041675	0.220246
-6.037748	0.231160
-6.033821	0.242714
-6.029894	0.254803
-6.025967	0.267283
-6.022040	0.279964
-6.018113	0.292615
-6.014186	0.304976
-6.010259	0.316772
-6.006332	0.327735
-6.002405	0.337630
-5.998478	0.346279
-5.994551	0.353588
-5.990624	0.359565
-5.986698	0.364328
-5.982771	0.368100
-5.978844	0.371192
-5.974917	0.373972
-5.970990	0.376837
-5.967063	0.380180
-5.963136	0.384370
-5.959209	0.389739
-5.955282	0.396576
-5.951355	0.405130
-5.947428	0.415614
-5.943501	0.428202
-5.939574	0.443030
-5.935647	0.460193
-5.931720	0.479733
-5.927793	0.501630
-5.923866	0.525785
-5.919939	0.552010
-5.916012	0.580008
-5.912085	0.609372
-5.908158	0.639578
-5.904231	0.669998
-5.900304	0.699912
-5.896377	0.728547
-5.892450	0.755123
-5.888523	0.778913
-5.884596	0.799302
-5.880669	0.815813
-5.876742	0.828094
-5.872815	0.835869
-5.868888	0.838882
-5.864961	0.836882
-5.861034	0.829665
-5.857107	0.817156
-5.853180	0.799501
-5.849253	0.777118
-5.845326	0.750696
-5.841399	0.721128
-5.837472	0.689426
-5.833545	0.656610
-5.829618	0.623628
-5.825691	0.591290
-5.821764	0.560239
-5.817837	0.530952
-5.813910	0.503748
-5.809983	0.478820
-5.806056	0.456257
-5.802129	0.436077
-5.798202	0.418245
-5.794275	0.402696
-5.790348	0.389350
-5.786421	0.378118
-5.782494	0.368915
-5.778567	0.361660
-5.774640	0.356282
-5.770713	0.352720
-5.766786	0.350920
-5.762859	0.350838
-5.758932	0.352438
-5.755005	0.355686
-5.751078	0.360554
-5.747151	0.367011
-5.743224	0.375030
-5.739297	0.384577
-5.735370	0.395611
-5.731443	0.408084
-5.727516	0.421924
-5.723589	0.437029
-5.719662	0.453252
-5.715735	0.470382
-5.711808	0.488134
-5.707881	0.506146
-5.703954	0.523993
-5.700027	0.541209
-5.696100	0.557329
-5.692173	0.571932
-5.688246	0.584680
-5.684319	0.595347
-5.680392	0.603827
-5.676465	0.610129
-5.672538	0.614358
-5.668611	0.616682
-5.664684	0.617310
-5.660757	0.616458
-5.656830	0.614333
-5.652903	0.611118
-5.648976	0.606974
-5.645049	0.602038
-5.641122	0.596419
-5.637195	0.590190
-5.633268	0.583376
-5.629341	0.575947
-5.625414	0.567827
-5.621487	0.558924
-5.617560	0.549164
-5.613633	0.538525
-5.609706	0.527067
-5.605779	0.514934
-5.601852	0.502353
-5.597925	0.489599
-5.593998	0.476972
-5.590071	0.464763
-5.586144	0.453232
-5.582217	0.442598
-5.578290	0.433038
-5.574363	0.424684
-5.570436	0.417628
-5.566509	0.411915
-5.562582	0.407539
-5.558656	0.404429
-5.554729	0.402449
-5.550802	0.401388
-5.546875	0.400966
-5.542948	0.400851
-5.539021	0.400674
-5.535094	0.400069
-5.531167	0.398710
-5.527240	0.396344
-5.523313	0.392813
-5.519386	0.388046
-5.515459	0.382042
-5.511532	0.374843
-5.507605	0.366523
-5.503678	0.357192
-5.499751	0.347006
-5.495824	0.336168
-5.491897	0.324926
-5.487970	0.313548
-5.484043	0.302299
-5.480116	0.291416
-5.476189	0.281099
-5.472262	0.271499
-5.468335	0.262722
-5.464408	0.254836
-5.460481	0.247875
-5.456554	0.241850
-5.452627	0.236758
-5.448700	0.232584
-5.444773	0.229307
-5.440846	0.226906
-5.436919	0.225358
-5.432992	0.224642
-5.429065	0.224743
-5.425138	0.225645
-5.421211	0.227343
-5.417284	0.229839
-5.413357	0.233144
-5.409430	0.237283
-5.405503	0.242294
-5.401576	0.248226
-5.397649	0.255140
-5.393722	0.263106
-5.389795	0.272195
-5.385868	0.282481
-5.381941	0.294034
-5.378014	0.306914
-5.374087	0.321167
-5.370160	0.336816
-5.366233	0.353855
-5.362306	0.372239
-5.358379	0.391881
-5.354452	0.412641
-5.350525	0.434323
-5.346598	0.456666
-5.342671	0.479331
-5.338744	0.501894
-5.334817	0.523826
-5.330890	0.544491
-5.326963	0.563154
-5.323036	0.579022
-5.319109	0.591313
-5.315182	0.599356
-5.311255	0.602687
-5.307328	0.601133
-5.303401	0.594843
-5.299474	0.584266
-5.295547	0.570089
-5.291620	0.553146
-5.287693	0.534326
-5.283766	0.514497
-5.279839	0.494447
-5.275912	0.474850
-5.271985	0.456247
-5.268058	0.439052
-5.264131	0.423556
-5.260204	0.409955
-5.256277	0.398365
-5.252350	0.388844
-5.248423	0.381411
-5.244496	0.376055
-5.240569	0.372748
-5.236642	0.371439
-5.232715	0.372064
-5.228788	0.374534
-5.224861	0.378733
-5.220934	0.384509
-5.217007	0.391669
-5.213080	0.399971
-5.209153	0.409129
-5.205226	0.418818
-5.201299	0.428692
-5.197372	0.438404
-5.193445	0.447631
-5.189518	0.456099
-5.185591	0.463594
-5.181664	0.469976
-5.177737	0.475176
-5.173810	0.479193
-5.169883	0.482075
-5.165956	0.483900
-5.162029	0.484746
-5.158102	0.484660
-5.154175	0.483645
-5.150248	0.481660
-5.146321	0.478647
-5.142394	0.474566
-5.138467	0.469437
-5.134540	0.463365
-5.130614	0.456551
-5.126687	0.449282
-5.122760	0.441904
-5.118833	0.434793
-5.114906	0.428313
-5.110979	0.422783
-5.107052	0.418455
-5.103125	0.415496
-5.099198	0.413975
-5.095271	0.413861
-5.091344	0.415022
-5.087417	0.417220
-5.083490	0.420124
-5.079563	0.423310
-5.075636	0.426284
-5.071709	0.428510
-5.067782	0.429448
-5.063855	0.428612
-5.059928	0.425620
-5.056001	0.420247
-5.052074	0.412455
-5.048147	0.402388
-5.044220	0.390352
-5.040293	0.376760
-5.036366	0.362083
-5.032439	0.346790
-5.028512	0.331320
-5.024585	0.316043
-5.020658	0.301257
-5.016731	0.287184
-5.012804	0.273973
-5.008877	0.261713
-5.004950	0.250444
-5.001023	0.240173
-4.997096	0.230877
-4.993169	0.222519
-4.989242	0.215053
-4.985315	0.208427
-4.981388	0.202589
-4.977461	0.197488
-4.973534	0.193078
-4.969607	0.189315
-4.965680	0.186160
-4.961753	0.183579
-4.957826	0.181544
-4.953899	0.180028
-4.949972	0.179014
-4.946045	0.178484
-4.942118	0.178429
-4.938191	0.178843
-4.934264	0.179723
-4.930337	0.181075
-4.926410	0.182906
-4.922483	0.185231
-4.918556	0.188069
-4.914629	0.191444
-4.910702	0.195385
-4.906775	0.199927
-4.902848	0.205110
-4.898921	0.210981
-4.894994	0.217590
-4.891067	0.224998
-4.887140	0.233269
-4.883213	0.242475
-4.879286	0.252692
-4.875359	0.264002
-4.871432	0.276490
-4.867505	0.290240
-4.863578	0.305330
-4.859651	0.321830
-4.855724	0.339788
-4.851797	0.359223
-4.847870	0.380110
-4.843943	0.402370
-4.840016	0.425854
-4.836089	0.450332
-4.832162	0.475492
-4.828235	0.500943
-4.824308	0.526236
-4.820381	0.550890
-4.816454	0.574431
-4.812527	0.596425
-4.808600	0.616516
-4.804673	0.634441
-4.800746	0.650036
-4.796819	0.663240
-4.792892	0.674079
-4.788965	0.682650
-4.785038	0.689105
-4.781111	0.693621
-4.777184	0.696376
-4.773257	0.697525
-4.769330	0.697180
-4.765403	0.695400
-4.761476	0.692187
-4.757549	0.687493
-4.753622	0.681239
-4.749695	0.673343
-4.745768	0.663767
-4.741841	0.652590
-4.737914	0.640077
-4.733987	0.626754
-4.730060	0.613416
-4.726133	0.601043
-4.722206	0.590593
-4.718279	0.582728
-4.714352	0.577576
-4.710425	0.574628
-4.706498	0.572822
-4.702572	0.570756
-4.698645	0.566970
-4.694718	0.560211
-4.690791	0.549648
-4.686864	0.534997
-4.682937	0.516550
-4.679010	0.495093
-4.675083	0.471726
-4.671156	0.447623
-4.667229	0.423796
-4.663302	0.400956
-4.659375	0.379476
-4.655448	0.359467
-4.651521	0.340892
-4.647594	0.323667
-4.643667	0.307720
-4.639740	0.293013
-4.635813	0.279527
-4.631886	0.267252
-4.627959	0.256162
-4.624032	0.246218
-4.620105	0.237366
-4.616178	0.229539
-4.612251	0.222666
-4.608324	0.216677
-4.604397	0.211509
-4.600470	0.207102
-4.596543	0.203408
-4.592616	0.200387
-4.588689	0.198007
-4.584762	0.196244
-4.580835	0.195083
-4.576908	0.194513
-4.572981	0.194532
-4.569054	0.195146
-4.565127	0.196363
-4.561200	0.198200
-4.557273	0.200681
-4.553346	0.203832
-4.549419	0.207688
-4.545492	0.212287
-4.541565	0.217671
-4.537638	0.223885
-4.533711	0.230974
-4.529784	0.238980
-4.525857	0.247935
-4.521930	0.257859
-4.518003	0.268746
-4.514076	0.280558
-4.510149	0.293208
-4.506222	0.306547
-4.502295	0.320355
-4.498368	0.334328
-4.494441	0.348083
-4.490514	0.361165
-4.486587	0.373080
-4.482660	0.383328
-4.478733	0.391460
-4.474806	0.397119
-4.470879	0.400080
-4.466952	0.400268
-4.463025	0.397763
-4.459098	0.392782
-4.455171	0.385653
-4.451244	0.376787
-4.447317	0.366635
-4.443390	0.355662
-4.439463	0.344313
-4.435536	0.332986
-4.431609	0.322021
-4.427682	0.311689
-4.423755	0.302192
-4.419828	0.293673
-4.415901	0.286220
-4.411974	0.279884
-4.408047	0.274684
-4.404120	0.270623
-4.400193	0.267690
-4.396266	0.265872
-4.392339	0.265155
-4.388412	0.265529
-4.384485	0.266992
-4.380558	0.269548
-4.376631	0.273209
-4.372704	0.278000
-4.368777	0.283954
-4.364850	0.291112
-4.360923	0.299527
-4.356996	0.309261
-4.353069	0.320381
-4.349142	0.332960
-4.345215	0.347069
-4.341288	0.362776
-4.337361	0.380136
-4.333434	0.399180
-4.329507	0.419901
-4.325580	0.442244
-4.321653	0.466082
-4.317726	0.491204
-4.313799	0.517297
-4.309872	0.543942
-4.305945	0.570618
-4.302018	0.596725
-4.298091	0.621624
-4.294164	0.644693
-4.290237	0.665391
-4.286310	0.683307
-4.282383	0.698193
-4.278456	0.709975
-4.274530	0.718733
-4.270603	0.724674
-4.266676	0.728087
-4.262749	0.729311
-4.258822	0.728701
-4.254895	0.726604
-4.250968	0.723346
-4.247041	0.719218
-4.243114	0.714474
-4.239187	0.709326
-4.235260	0.703947
-4.231333	0.698469
-4.227406	0.692987
-4.223479	0.687559
-4.219552	0.682211
-4.215625	0.676940
-4.211698	0.671721
-4.207771	0.666519
-4.203844	0.661309
-4.199917	0.656092
-4.195990	0.650918
-4.192063	0.645903
-4.188136	0.641234
-4.184209	0.637159
-4.180282	0.633961
-4.176355	0.631912
-4.172428	0.631215
-4.168501	0.631946
-4.164574	0.634017
-4.160647	0.637159
-4.156720	0.640967
-4.152793	0.644962
-4.148866	0.648687
-4.144939	0.651784
-4.141012	0.654040
-4.137085	0.655396
-4.133158	0.655921
-4.129231	0.655770
-4.125304	0.655138
-4.121377	0.654226
-4.117450	0.653214
-4.113523	0.652240
-4.109596	0.651394
-4.105669	0.650711
-4.101742	0.650172
-4.097815	0.649701
-4.093888	0.649176
-4.089961	0.648440
-4.086034	0.647317
-4.082107	0.645637
-4.078180	0.643257
-4.074253	0.640091
-4.070326	0.636129
-4.066399	0.631463
-4.062472	0.626287
-4.058545	0.620895
-4.054618	0.615652
-4.050691	0.610960
-4.046764	0.607210
-4.042837	0.604730
-4.038910	0.603744
-4.034983	0.604328
-4.031056	0.606390
-4.027129	0.609648
-4.023202	0.613630
-4.019275	0.617696
-4.015348	0.621078
-4.011421	0.622950
-4.007494	0.622526
-4.003567	0.619161
-3.999640	0.612448
-3.995713	0.602269
-3.991786	0.588814
-3.987859	0.572534
-3.983932	0.554067
-3.980005	0.534140
-3.976078	0.513484
-3.972151	0.492765
-3.968224	0.472540
-3.964297	0.453246
-3.960370	0.435194
-3.956443	0.418588
-3.952516	0.403544
-3.948589	0.390112
-3.944662	0.378291
-3.940735	0.368054
-3.936808	0.359352
-3.932881	0.352132
-3.928954	0.346338
-3.925027	0.341917
-3.921100	0.338821
-3.917173	0.337006
-3.913246	0.336430
-3.909319	0.337050
-3.905392	0.338820
-3.901465	0.341684
-3.897538	0.345573
-3.893611	0.350398
-3.889684	0.356052
-3.885757	0.362412
-3.881830	0.369335
-3.877903	0.376675
-3.873976	0.384292
-3.870049	0.392070
-3.866122	0.399938
-3.862195	0.407886
-3.858268	0.415984
-3.854341	0.424384
-3.850414	0.433311
-3.846488	0.443047
-3.842561	0.453903
-3.838634	0.466194
-3.834707	0.480213
-3.830780	0.496207
-3.826853	0.514367
-3.822926	0.534806
-3.818999	0.557544
-3.815072	0.582495
-3.811145	0.609439
-3.807218	0.638006
-3.803291	0.667654
-3.799364	0.697658
-3.795437	0.727116
-3.791510	0.754963
-3.787583	0.780021
-3.783656	0.801071
-3.779729	0.816950
-3.775802	0.826673
-3.771875	0.829550
-3.767948	0.825287
-3.764021	0.814044
-3.760094	0.796428
-3.756167	0.773419
-3.752240	0.746242
-3.748313	0.716219
-3.744386	0.684633
-3.740459	0.652623
-3.736532	0.621123
-3.732605	0.590842
-3.728678	0.562283
-3.724751	0.535769
-3.720824	0.511484
-3.716897	0.489506
-3.712970	0.469839
-3.709043	0.452429
-3.705116	0.437184
-3.701189	0.423985
-3.697262	0.412695
-3.693335	0.403165
-3.689408	0.395239
-3.685481	0.388759
-3.681554	0.383566
-3.677627	0.379499
-3.673700	0.376395
-3.669773	0.374093
-3.665846	0.372429
-3.661919	0.371243
-3.657992	0.370380
-3.654065	0.369700
-3.650138	0.369086
-3.646211	0.368462
-3.642284	0.367798
-3.638357	0.367124
-3.634430	0.366523
-3.630503	0.366127
-3.626576	0.366102
-3.622649	0.366630
-3.618722	0.367899
-3.614795	0.370088
-3.610868	0.373361
-3.606941	0.377867
-3.603014	0.383741
-3.599087	0.391106
-3.595160	0.400078
-3.591233	0.410766
-3.587306	0.423278
-3.583379	0.437718
-3.579452	0.454183
-3.575525	0.472761
-3.571598	0.493521
-3.567671	0.516501
-3.563744	0.541696
-3.559817	0.569039
-3.555890	0.598380
-3.551963	0.629473
-3.548036	0.661956
-3.544109	0.695351
-3.540182	0.729070
-3.536255	0.762444
-3.532328	0.794768
-3.528401	0.825355
-3.524474	0.853603
-3.520547	0.879041
-3.516620	0.901358
-3.512693	0.920408
-3.508766	0.936183
-3.504839	0.948774
-3.500912	0.958338
-3.496985	0.965072
-3.493058	0.969205
-3.489131	0.971006
-3.485204	0.970790
-3.481277	0.968902
-3.477350	0.965673
-3.473423	0.961360
-3.469496	0.956087
-3.465569	0.949831
-3.461642	0.942450
-3.457715	0.933753
-3.453788	0.923585
-3.449861	0.911899
-3.445934	0.898798
-3.442007	0.884540
-3.438080	0.869520
-3.434153	0.854218
-3.430226	0.839143
-3.426299	0.824758
-3.422372	0.811426
-3.418446	0.799363
-3.414519	0.788627
-3.410592	0.779132
-3.406665	0.770697
-3.402738	0.763104
-3.398811	0.756175
-3.394884	0.749826
-3.390957	0.744104
-3.387030	0.739189
-3.383103	0.735369
-3.379176	0.733000
-3.375249	0.732455
-3.371322	0.734080
-3.367395	0.738159
-3.363468	0.744886
-3.359541	0.754338
-3.355614	0.766449
-3.351687	0.780976
-3.347760	0.797476
-3.343833	0.815270
-3.339906	0.833442
-3.335979	0.850857
-3.332052	0.866221
-3.328125	0.878191
-3.324198	0.885521
-3.320271	0.887221
-3.316344	0.882704
-3.312417	0.871863
-3.308490	0.855080
-3.304563	0.833146
-3.300636	0.807134
-3.296709	0.778242
-3.292782	0.747659
-3.288855	0.716457
-3.284928	0.685530
-3.281001	0.655569
-3.277074	0.627070
-3.273147	0.600360
-3.269220	0.575634
-3.265293	0.552991
-3.261366	0.532470
-3.257439	0.514067
-3.253512	0.497748
-3.249585	0.483450
-3.245658	0.471075
-3.241731	0.460489
-3.237804	0.451519
-3.233877	0.443958
-3.229950	0.437595
-3.226023	0.432240
-3.222096	0.427788
-3.218169	0.424270
-3.214242	0.421918
-3.210315	0.421172
-3.206388	0.422635
-3.202461	0.426935
-3.198534	0.434525
-3.194607	0.445482
-3.190680	0.459394
-3.186753	0.475402
-3.182826	0.492382
-3.178899	0.509193
-3.174972	0.524911
-3.171045	0.538965
-3.167118	0.551167
-3.163191	0.561670
-3.159264	0.570875
-3.155337	0.579324
-3.151410	0.587582
-3.147483	0.596127
-3.143556	0.605251
-3.139629	0.615008
-3.135702	0.625206
-3.131775	0.635446
-3.127848	0.645206
-3.123921	0.653927
-3.119994	0.661097
-3.116067	0.666302
-3.112140	0.669258
-3.108213	0.669827
-3.104286	0.668029
-3.100359	0.664048
-3.096432	0.658233
-3.092505	0.651068
-3.088578	0.643095
-3.084651	0.634813
-3.080724	0.626575
-3.076797	0.618533
-3.072870	0.610643
-3.068943	0.602744
-3.065016	0.594654
-3.061089	0.586266
-3.057162	0.577609
-3.053235	0.568861
-3.049308	0.560319
-3.045381	0.552354
-3.041454	0.545346
-3.037527	0.539642
-3.033600	0.535531
-3.029673	0.533234
-3.025746	0.532909
-3.021819	0.534671
-3.017892	0.538601
-3.013965	0.544766
-3.010038	0.553228
-3.006111	0.564059
-3.002184	0.577347
-2.998257	0.593200
-2.994330	0.611753
-2.990404	0.633164
-2.986477	0.657608
-2.982550	0.685266
-2.978623	0.716306
-2.974696	0.750867
-2.970769	0.789026
-2.966842	0.830781
-2.962915	0.876017
-2.958988	0.924490
-2.955061	0.975804
-2.951134	1.029395
-2.947207	1.084524
-2.943280	1.140281
-2.939353	1.195619
-2.935426	1.249400
-2.931499	1.300477
-2.927572	1.347794
-2.923645	1.390476
-2.919718	1.427915
-2.915791	1.459806
-2.911864	1.486151
-2.907937	1.507214
-2.904010	1.523453
-2.900083	1.535439
-2.896156	1.543784
-2.892229	1.549076
-2.888302	1.551830
-2.884375	1.552457
-2.880448	1.551240
-2.876521	1.548320
-2.872594	1.543692
-2.868667	1.537197
-2.864740	1.528525
-2.860813	1.517232
-2.856886	1.502769
-2.852959	1.484529
-2.849032	1.461924
-2.845105	1.434481
-2.841178	1.401948
-2.837251	1.364375
-2.833324	1.322173
-2.829397	1.276099
-2.825470	1.227188
-2.821543	1.176644
-2.817616	1.125709
-2.813689	1.075545
-2.809762	1.027152
-2.805835	0.981321
-2.801908	0.938631
-2.797981	0.899460
-2.794054	0.864021
-2.790127	0.832398
-2.786200	0.804583
-2.782273	0.780509
-2.778346	0.760071
-2.774419	0.743152
-2.770492	0.729633
-2.766565	0.719406
-2.762638	0.712380
-2.758711	0.708487
-2.754784	0.707686
-2.750857	0.709961
-2.746930	0.715330
-2.743003	0.723838
-2.739076	0.735564
-2.735149	0.750616
-2.731222	0.769133
-2.727295	0.791286
-2.723368	0.817269
-2.719441	0.847300
-2.715514	0.881611
-2.711587	0.920436
-2.707660	0.963995
-2.703733	1.012469
-2.699806	1.065966
-2.695879	1.124480
-2.691952	1.187838
-2.688025	1.255636
-2.684098	1.327178
-2.680171	1.401417
-2.676244	1.476923
-2.672317	1.551883
-2.668390	1.624163
-2.664463	1.691431
-2.660536	1.751340
-2.656609	1.801754
-2.652682	1.840978
-2.648755	1.867960
-2.644828	1.882420
-2.640901	1.884886
-2.636974	1.876622
-2.633047	1.859460
-2.629120	1.835555
-2.625193	1.807112
-2.621266	1.776125
-2.617339	1.744187
-2.613412	1.712371
-2.609485	1.681222
-2.605558	1.650829
-2.601631	1.620960
-2.597704	1.591237
-2.593777	1.561295
-2.589850	1.530901
-2.585923	1.500019
-2.581996	1.468809
-2.578069	1.437573
-2.574142	1.406687
-2.570215	1.376527
-2.566288	1.347414
-2.562362	1.319587
-2.558435	1.293194
-2.554508	1.268306
-2.550581	1.244937
-2.546654	1.223061
-2.542727	1.202632
-2.538800	1.183593
-2.534873	1.165884
-2.530946	1.149441
-2.527019	1.134203
-2.523092	1.120108
-2.519165	1.107098
-2.515238	1.095111
-2.511311	1.084093
-2.507384	1.073987
-2.503457	1.064741
-2.499530	1.056307
-2.495603	1.048639
-2.491676	1.041695
-2.487749	1.035436
-2.483822	1.029828
-2.479895	1.024839
-2.475968	1.020441
-2.472041	1.016610
-2.468114	1.013325
-2.464187	1.010567
-2.460260	1.008321
-2.456333	1.006575
-2.452406	1.005317
-2.448479	1.004541
-2.444552	1.004241
-2.440625	1.004413
-2.436698	1.005056
-2.432771	1.006169
-2.428844	1.007754
-2.424917	1.009812
-2.420990	1.012347
-2.417063	1.015362
-2.413136	1.018859
-2.409209	1.022839
-2.405282	1.027301
-2.401355	1.032241
-2.397428	1.037650
-2.393501	1.043513
-2.389574	1.049805
-2.385647	1.056492
-2.381720	1.063529
-2.377793	1.070855
-2.373866	1.078397
-2.369939	1.086069
-2.366012	1.093778
-2.362085	1.101430
-2.358158	1.108950
-2.354231	1.116293
-2.350304	1.123475
-2.346377	1.130591
-2.342450	1.137838
-2.338523	1.145517
-2.334596	1.154015
-2.330669	1.163764
-2.326742	1.175171
-2.322815	1.188532
-2.318888	1.203945
-2.314961	1.221235
-2.311034	1.239900
-2.307107	1.259109
-2.303180	1.277735
-2.299253	1.294451
-2.295326	1.307859
-2.291399	1.316640
-2.287472	1.319698
-2.283545	1.316257
-2.279618	1.305917
-2.275691	1.288644
-2.271764	1.264733
-2.267837	1.234754
-2.263910	1.199493
-2.259983	1.159902
-2.256056	1.117048
-2.252129	1.072062
-2.248202	1.026077
-2.244275	0.980163
-2.240348	0.935274
-2.236421	0.892211
-2.232494	0.851599
-2.228567	0.813892
-2.224640	0.779387
-2.220713	0.748250
-2.216786	0.720550
-2.212859	0.696280
-2.208932	0.675388
-2.205005	0.657794
-2.201078	0.643404
-2.197151	0.632121
-2.193224	0.623852
-2.189297	0.618508
-2.185370	0.616003
-2.181443	0.616248
-2.177516	0.619145
-2.173589	0.624579
-2.169662	0.632399
-2.165735	0.642411
-2.161808	0.654366
-2.157881	0.667951
-2.153954	0.682793
-2.150027	0.698470
-2.146100	0.714533
-2.142173	0.730541
-2.138246	0.746092
-2.134320	0.760859
-2.130393	0.774608
-2.126466	0.787205
-2.122539	0.798610
-2.118612	0.808859
-2.114685	0.818045
-2.110758	0.826292
-2.106831	0.833741
-2.102904	0.840534
-2.098977	0.846808
-2.095050	0.852683
-2.091123	0.858267
-2.087196	0.863653
-2.083269	0.868918
-2.079342	0.874127
-2.075415	0.879335
-2.071488	0.884585
-2.067561	0.889915
-2.063634	0.895356
-2.059707	0.900933
-2.055780	0.906668
-2.051853	0.912580
-2.047926	0.918686
-2.043999	0.924999
-2.040072	0.931534
-2.036145	0.938302
-2.032218	0.945316
-2.028291	0.952585
-2.024364	0.960122
-2.020437	0.967936
-2.016510	0.976039
-2.012583	0.984440
-2.008656	0.993151
-2.004729	1.002181
-2.000802	1.011543
-1.996875	1.021245
-1.992948	1.031298
-1.989021	1.041713
-1.985094	1.052497
-1.981167	1.063659
-1.977240	1.075205
-1.973313	1.087139
-1.969386	1.099464
-1.965459	1.112177
-1.961532	1.125272
-1.957605	1.138735
-1.953678	1.152544
-1.949751	1.166669
-1.945824	1.181065
-1.941897	1.195669
-1.937970	1.210399
-1.934043	1.225146
-1.930116	1.239767
-1.926189	1.254082
-1.922262	1.267860
-1.918335	1.280814
-1.914408	1.292588
-1.910481	1.302755
-1.906554	1.310803
-1.902627	1.316140
-1.898700	1.318102
-1.894773	1.315971
-1.890846	1.309014
-1.886919	1.296539
-1.882992	1.277971
-1.879065	1.252935
-1.875138	1.221337
-1.871211	1.183426
-1.867284	1.139810
-1.863357	1.091424
-1.859430	1.039442
-1.855503	0.985166
-1.851576	0.929894
-1.847649	0.874816
-1.843722	0.820933
-1.839795	0.769028
-1.835868	0.719654
-1.831941	0.673160
-1.828014	0.629723
-1.824087	0.589385
-1.820160	0.552091
-1.816233	0.517720
-1.812306	0.486108
-1.808379	0.457067
-1.804452	0.430404
-1.800525	0.405922
-1.796598	0.383433
-1.792671	0.362758
-1.788744	0.343733
-1.784817	0.326204
-1.780890	0.310032
-1.776963	0.295090
-1.773036	0.281264
-1.769109	0.268452
-1.765182	0.256560
-1.761255	0.245505
-1.757328	0.235212
-1.753401	0.225614
-1.749474	0.216651
-1.745547	0.208268
-1.741620	0.200416
-1.737693	0.193051
-1.733766	0.186134
-1.729839	0.179628
-1.725912	0.173502
-1.721985	0.167725
-1.718058	0.162272
-1.714131	0.157117
-1.710205	0.152239
-1.706278	0.147618
-1.702351	0.143236
-1.698424	0.139076
-1.694497	0.135123
-1.690570	0.131363
-1.686643	0.127782
-1.682716	0.124370
-1.678789	0.121115
-1.674862	0.118008
-1.670935	0.115039
-1.667008	0.112201
-1.663081	0.109484
-1.659154	0.106882
-1.655227	0.104388
-1.651300	0.101997
-1.647373	0.099701
-1.643446	0.097497
-1.639519	0.095378
-1.635592	0.093340
-1.631665	0.091380
-1.627738	0.089492
-1.623811	0.087674
-1.619884	0.085921
-1.615957	0.084230
-1.612030	0.082598
-1.608103	0.081023
-1.604176	0.079502
-1.600249	0.078031
-1.596322	0.076610
-1.592395	0.075234
-1.588468	0.073903
-1.584541	0.072614
-1.580614	0.071366
-1.576687	0.070156
-1.572760	0.068983
-1.568833	0.067846
-1.564906	0.066742
-1.560979	0.065671
-1.557052	0.064631
-1.553125	0.063620
-1.549198	0.062639
-1.545271	0.061685
-1.541344	0.060757
-1.537417	0.059854
-1.533490	0.058977
-1.529563	0.058122
-1.525636	0.057290
-1.521709	0.056480
-1.517782	0.055691
-1.513855	0.054922
-1.509928	0.054172
-1.506001	0.053441
-1.502074	0.052728
-1.498147	0.052033
-1.494220	0.051355
-1.490293	0.050692
-1.486366	0.050046
-1.482439	0.049415
-1.478512	0.048798
-1.474585	0.048196
-1.470658	0.047607
-1.466731	0.047032
-1.462804	0.046469
-1.458877	0.045919
-1.454950	0.045381
-1.451023	0.044855
-1.447096	0.044340
-1.443169	0.043836
-1.439242	0.043343
-1.435315	0.042860
-1.431388	0.042387
-1.427461	0.041924
-1.423534	0.041470
-1.419607	0.041026
-1.415680	0.040590
-1.411753	0.040164
-1.407826	0.039745
-1.403899	0.039335
-1.399972	0.038933
-1.396045	0.038538
-1.392118	0.038151
-1.388191	0.037771
-1.384264	0.037399
-1.380337	0.037033
-1.376410	0.036675
-1.372483	0.036322
-1.368556	0.035977
-1.364629	0.035637
-1.360702	0.035304
-1.356775	0.034976
-1.352848	0.034654
-1.348921	0.034338
-1.344994	0.034028
-1.341067	0.033722
-1.337140	0.033423
-1.333213	0.033128
-1.329286	0.032838
-1.325359	0.032553
-1.321432	0.032273
-1.317505	0.031997
-1.313578	0.031726
-1.309651	0.031459
-1.305724	0.031197
-1.301797	0.030939
-1.297870	0.030685
-1.293943	0.030436
-1.290016	0.030190
-1.286089	0.029948
-1.282163	0.029709
-1.278236	0.029475
-1.274309	0.029244
-1.270382	0.029017
-1.266455	0.028793
-1.262528	0.028572
-1.258601	0.028355
-1.254674	0.028141
-1.250747	0.027930
-1.246820	0.027723
-1.242893	0.027518
-1.238966	0.027317
-1.235039	0.027118
-1.231112	0.026922
-1.227185	0.026729
-1.223258	0.026539
-1.219331	0.026352
-1.215404	0.026167
-1.211477	0.025985
-1.207550	0.025805
-1.203623	0.025628
-1.199696	0.025453
-1.195769	0.025281
-1.191842	0.025111
-1.187915	0.024943
-1.183988	0.024778
-1.180061	0.024615
-1.176134	0.024454
-1.172207	0.024295
-1.168280	0.024138
-1.164353	0.023984
-1.160426	0.023831
-1.156499	0.023680
-1.152572	0.023532
-1.148645	0.023385
-1.144718	0.023240
-1.140791	0.023097
-1.136864	0.022956
-1.132937	0.022817
-1.129010	0.022679
-1.125083	0.022544
-1.121156	0.022410
-1.117229	0.022277
-1.113302	0.022146
-1.109375	0.022017
-1.105448	0.021890
-1.101521	0.021764
-1.097594	0.021639
-1.093667	0.021516
-1.089740	0.021395
-1.085813	0.021275
-1.081886	0.021156
-1.077959	0.021039
-1.074032	0.020924
-1.070105	0.020809
-1.066178	0.020696
-1.062251	0.020585
-1.058324	0.020474
-1.054397	0.020365
-1.050470	0.020258
-1.046543	0.020151
-1.042616	0.020046
-1.038689	0.019942
-1.034762	0.019839
-1.030835	0.019737
-1.026908	0.019637
-1.022981	0.019537
-1.019054	0.019439
-1.015127	0.019342
-1.011200	0.019246
-1.007273	0.019151
-1.003346	0.019057
-0.999419	0.018964
-0.995492	0.018873
-0.991565	0.018782
-0.987638	0.018692
-0.983711	0.018603
-0.979784	0.018515
-0.975857	0.018429
-0.971930	0.018343
-0.968003	0.018258
-0.964076	0.018174
-0.960149	0.018091
-0.956222	0.018008
-0.952295	0.017927
-0.948368	0.017846
-0.944441	0.017767
-0.940514	0.017688
-0.936587	0.017610
-0.932660	0.017533
-0.928733	0.017457
-0.924806	0.017381
-0.920879	0.017307
-0.916952	0.017233
-0.913025	0.017160
-0.909098	0.017087
-0.905171	0.017016
-0.901244	0.016945
-0.897317	0.016875
-0.893390	0.016805
-0.889463	0.016737
-0.885536	0.016669
-0.881609	0.016601
-0.877682	0.016535
-0.873755	0.016469
-0.869828	0.016404
-0.865901	0.016339
-0.861974	0.016275
-0.858047	0.016212
-0.854121	0.016150
-0.850194	0.016088
-0.846267	0.016026
-0.842340	0.015966
-0.838413	0.015906
-0.834486	0.015846
-0.830559	0.015787
-0.826632	0.015729
-0.822705	0.015671
-0.818778	0.015614
-0.814851	0.015557
-0.810924	0.015501
-0.806997	0.015446
-0.803070	0.015391
-0.799143	0.015337
-0.795216	0.015283
-0.791289	0.015230
-0.787362	0.015177
-0.783435	0.015125
-0.779508	0.015073
-0.775581	0.015022
-0.771654	0.014971
-0.767727	0.014921
-0.763800	0.014871
-0.759873	0.014822
-0.755946	0.014774
-0.752019	0.014725
-0.748092	0.014678
-0.744165	0.014630
-0.740238	0.014583
-0.736311	0.014537
-0.732384	0.014491
-0.728457	0.014446
-0.724530	0.014401
-0.720603	0.014356
-0.716676	0.014312
-0.712749	0.014268
-0.708822	0.014225
-0.704895	0.014182
-0.700968	0.014140
-0.697041	0.014098
-0.693114	0.014056
-0.689187	0.014015
-0.685260	0.013974
-0.681333	0.013934
-0.677406	0.013894
-0.673479	0.013854
-0.669552	0.013815
-0.665625	0.013776
-0.661698	0.013738
-0.657771	0.013700
-0.653844	0.013662
-0.649917	0.013625
-0.645990	0.013588
-0.642063	0.013551
-0.638136	0.013515
-0.634209	0.013479
-0.630282	0.013444
-0.626355	0.013408
-0.622428	0.013374
-0.618501	0.013339
-0.614574	0.013305
-0.610647	0.013271
-0.606720	0.013238
-0.602793	0.013205
-0.598866	0.013172
-0.594939	0.013139
-0.591012	0.013107
-0.587085	0.013075
-0.583158	0.013044
-0.579231	0.013013
-0.575304	0.012982
-0.571377	0.012951
-0.567450	0.012921
-0.563523	0.012891
-0.559596	0.012862
-0.555669	0.012832
-0.551742	0.012803
-0.547815	0.012774
-0.543888	0.012746
-0.539961	0.012718
-0.536034	0.012690
-0.532107	0.012662
-0.528180	0.012635
-0.524253	0.012608
-0.520326	0.012581
-0.516399	0.012555
-0.512472	0.012529
-0.508545	0.012503
-0.504618	0.012477
-0.500691	0.012452
-0.496764	0.012427
-0.492837	0.012402
-0.488910	0.012377
-0.484983	0.012353
-0.481056	0.012329
-0.477129	0.012305
-0.473202	0.012282
-0.469275	0.012259
-0.465348	0.012236
-0.461421	0.012213
-0.457494	0.012190
-0.453567	0.012168
-0.449640	0.012146
-0.445713	0.012124
-0.441786	0.012103
-0.437859	0.012081
-0.433932	0.012060
-0.430005	0.012040
-0.426079	0.012019
-0.422152	0.011999
-0.418225	0.011979
-0.414298	0.011959
-0.410371	0.011939
-0.406444	0.011920
-0.402517	0.011901
-0.398590	0.011882
-0.394663	0.011863
-0.390736	0.011845
-0.386809	0.011826
-0.382882	0.011808
-0.378955	0.011790
-0.375028	0.011773
-0.371101	0.011756
-0.367174	0.011738
-0.363247	0.011721
-0.359320	0.011705
-0.355393	0.011688
-0.351466	0.011672
-0.347539	0.011656
-0.343612	0.011640
-0.339685	0.011624
-0.335758	0.011609
-0.331831	0.011594
-0.327904	0.011579
-0.323977	0.011564
-0.320050	0.011549
-0.316123	0.011535
-0.312196	0.011520
-0.308269	0.011506
-0.304342	0.011493
-0.300415	0.011479
-0.296488	0.011465
-0.292561	0.011452
-0.288634	0.011439
-0.284707	0.011426
-0.280780	0.011414
-0.276853	0.011401
-0.272926	0.011389
-0.268999	0.011377
-0.265072	0.011365
-0.261145	0.011353
-0.257218	0.011342
-0.253291	0.011331
-0.249364	0.011320
-0.245437	0.011309
-0.241510	0.011298
-0.237583	0.011287
-0.233656	0.011277
-0.229729	0.011267
-0.225802	0.011257
-0.221875	0.011247
-0.217948	0.011237
-0.214021	0.011228
-0.210094	0.011219
-0.206167	0.011210
-0.202240	0.011201
-0.198313	0.011192
-0.194386	0.011183
-0.190459	0.011175
-0.186532	0.011167
-0.182605	0.011159
-0.178678	0.011151
-0.174751	0.011143
-0.170824	0.011136
-0.166897	0.011129
-0.162970	0.011122
-0.159043	0.011115
-0.155116	0.011108
-0.151189	0.011101
-0.147262	0.011095
-0.143335	0.011089
-0.139408	0.011083
-0.135481	0.011077
-0.131554	0.011071
-0.127627	0.011065
-0.123700	0.011060
-0.119773	0.011055
-0.115846	0.011050
-0.111919	0.011045
-0.107992	0.011040
-0.104065	0.011036
-0.100138	0.011031
-0.096211	0.011027
-0.092284	0.011023
-0.088357	0.011019
-0.084430	0.011016
-0.080503	0.011012
-0.076576	0.011009
-0.072649	0.011006
-0.068722	0.011003
-0.064795	0.011000
-0.060868	0.010997
-0.056941	0.010995
-0.053014	0.010992
-0.049087	0.010990
-0.045160	0.010988
-0.041233	0.010986
-0.037306	0.010985
-0.033379	0.010983
-0.029452	0.010982
-0.025525	0.010981
-0.021598	0.010980
-0.017671	0.010979
-0.013744	0.010978
-0.009817	0.010978
-0.005890	0.010977
-0.001963	0.010977
0.001963	0.010977
0.005890	0.010977
0.009817	0.010978
0.013744	0.010978
0.017671	0.010979
0.021598	0.010980
0.025525	0.010981
0.029452	0.010982
0.033379	0.010983
0.037306	0.010985
0.041233	0.010986
0.045160	0.010988
0.049087	0.010990
0.053014	0.010992
0.056941	0.010995
0.060868	0.010997
0.064795	0.011000
0.068722	0.011003
0.072649	0.011006
0.076576	0.011009
0.080503	0.011012
0.084430	0.011016
0.088357	0.011019
0.092284	0.011023
0.096211	0.011027
0.100138	0.011031
0.104065	0.011036
0.107992	0.011040
0.111919	0.011045
0.115846	0.011050
0.119773	0.011055
0.123700	0.011060
0.127627	0.011065
0.131554	0.011071
0.135481	0.011077
0.139408	0.011083
0.143335	0.011089
0.147262	0.011095
0.151189	0.011101
0.155116	0.011108
0.159043	0.011115
0.162970	0.011122
0.166897	0.011129
0.170824	0.011136
0.174751	0.011143
0.178678	0.011151
0.182605	0.011159
0.186532	0.011167
0.190459	0.011175
0.194386	0.011183
0.198313	0.011192
0.202240	0.011201
0.206167	0.011210
0.210094	0.011219
0.214021	0.011228
0.217948	0.011237
0.221875	0.011247
0.225802	0.011257
0.229729	0.011267
0.233656	0.011277
0.237583	0.011287
0.241510	0.011298
0.245437	0.011309
0.249364	0.011319
0.253291	0.011331
0.257218	0.011342
0.261145	0.011353
0.265072	0.011365
0.268999	0.011377
0.272926	0.011389
0.276853	0.011401
0.280780	0.011414
0.284707	0.011426
0.288634	0.011439
0.292561	0.011452
0.296488	0.011465
0.300415	0.011479
0.304342	0.011492
0.308269	0.011506
0.312196	0.011520
0.316123	0.011535
0.320050	0.011549
0.323977	0.011564
0.327904	0.011578
0.331831	0.011593
0.335758	0.011609
0.339685	0.011624
0.343612	0.011640
0.347539	0.011656
0.351466	0.011672
0.355393	0.011688
0.359320	0.011705
0.363247	0.011721
0.367174	0.011738
0.371101	0.011755
0.375028	0.011773
0.378955	0.011790
0.382882	0.011808
0.386809	0.011826
0.390736	0.011845
0.394663	0.011863
0.398590	0.011882
0.402517	0.011901
0.406444	0.011920
0.410371	0.011939
0.414298	0.011959
0.418225	0.011979
0.422152	0.011999
0.426079	0.012019
0.430005	0.012040
0.433932	0.012060
0.437859	0.012081
0.441786	0.012103
0.445713	0.012124
0.449640	0.012146
0.453567	0.012168
0.457494	0.012190
0.461421	0.012213
0.465348	0.012235
0.469275	0.012258
0.473202	0.012282
0.477129	0.012305
0.481056	0.012329
0.484983	0.012353
0.488910	0.012377
0.492837	0.012402
0.496764	0.012427
0.500691	0.012452
0.504618	0.012477
0.508545	0.012503
0.512472	0.012529
0.516399	0.012555
0.520326	0.012581
0.524253	0.012608
0.528180	0.012635
0.532107	0.012662
0.536034	0.012690
0.539961	0.012718
0.543888	0.012746
0.547815	0.012774
0.551742	0.012803
0.555669	0.012832
0.559596	0.012861
0.563523	0.012891
0.567450	0.012921
0.571377	0.012951
0.575304	0.012982
0.579231	0.013013
0.583158	0.013044
0.587085	0.013075
0.591012	0.013107
0.594939	0.013139
0.598866	0.013172
0.602793	0.013205
0.606720	0.013238
0.610647	0.013271
0.614574	0.013305
0.618501	0.013339
0.622428	0.013373
0.626355	0.013408
0.630282	0.013443
0.634209	0.013479
0.638136	0.013515
0.642063	0.013551
0.645990	0.013588
0.649917	0.013625
0.653844	0.013662
0.657771	0.013700
0.661698	0.013738
0.665625	0.013776
0.669552	0.013815
0.673479	0.013854
0.677406	0.013894
0.681333	0.013934
0.685260	0.013974
0.689187	0.014015
0.693114	0.014056
0.697041	0.014098
0.700968	0.014140
0.704895	0.014182
0.708822	0.014225
0.712749	0.014268
0.716676	0.014312
0.720603	0.014356
0.724530	0.014401
0.728457	0.014446
0.732384	0.014491
0.736311	0.014537
0.740238	0.014583
0.744165	0.014630
0.748092	0.014677
0.752019	0.014725
0.755946	0.014773
0.759873	0.014822
0.763800	0.014871
0.767727	0.014921
0.771654	0.014971
0.775581	0.015022
0.779508	0.015073
0.783435	0.015125
0.787362	0.015177
0.791289	0.015229
0.795216	0.015283
0.799143	0.015336
0.803070	0.015391
0.806997	0.015446
0.810924	0.015501
0.814851	0.015557
0.818778	0.015614
0.822705	0.015671
0.826632	0.015728
0.830559	0.015787
0.834486	0.015846
0.838413	0.015905
0.842340	0.015965
0.846267	0.016026
0.850194	0.016087
0.854121	0.016149
0.858047	0.016212
0.861974	0.016275
0.865901	0.016339
0.869828	0.016403
0.873755	0.016469
0.877682	0.016534
0.881609	0.016601
0.885536	0.016668
0.889463	0.016736
0.893390	0.016805
0.897317	0.016874
0.901244	0.016944
0.905171	0.017015
0.909098	0.017087
0.913025	0.017159
0.916952	0.017232
0.920879	0.017306
0.924806	0.017381
0.928733	0.017456
0.932660	0.017532
0.936587	0.017610
0.940514	0.017687
0.944441	0.017766
0.948368	0.017846
0.952295	0.017926
0.956222	0.018008
0.960149	0.018090
0.964076	0.018173
0.968003	0.018257
0.971930	0.018342
0.975857	0.018428
0.979784	0.018515
0.983711	0.018602
0.987638	0.018691
0.991565	0.018781
0.995492	0.018872
0.999419	0.018964
1.003346	0.019056
1.007273	0.019150
1.011200	0.019245
1.015127	0.019341
1.019054	0.019438
1.022981	0.019537
1.026908	0.019636
1.030835	0.019736
1.034762	0.019838
1.038689	0.019941
1.042616	0.020045
1.046543	0.020150
1.050470	0.020257
1.054397	0.020364
1.058324	0.020473
1.062251	0.020584
1.066178	0.020695
1.070105	0.020808
1.074032	0.020922
1.077959	0.021038
1.081886	0.021155
1.085813	0.021274
1.089740	0.021394
1.093667	0.021515
1.097594	0.021638
1.101521	0.021762
1.105448	0.021888
1.109375	0.022016
1.113302	0.022145
1.117229	0.022276
1.121156	0.022408
1.125083	0.022542
1.129010	0.022678
1.132937	0.022815
1.136864	0.022955
1.140791	0.023096
1.144718	0.023239
1.148645	0.023383
1.152572	0.023530
1.156499	0.023679
1.160426	0.023829
1.164353	0.023982
1.168280	0.024136
1.172207	0.024293
1.176134	0.024452
1.180061	0.024613
1.183988	0.024776
1.187915	0.024941
1.191842	0.025109
1.195769	0.025279
1.199696	0.025451
1.203623	0.025625
1.207550	0.025803
1.211477	0.025982
1.215404	0.026164
1.219331	0.026349
1.223258	0.026537
1.227185	0.026727
1.231112	0.026920
1.235039	0.027115
1.238966	0.027314
1.242893	0.027515
1.246820	0.027720
1.250747	0.027927
1.254674	0.028138
1.258601	0.028352
1.262528	0.028569
1.266455	0.028789
1.270382	0.029013
1.274309	0.029241
1.278236	0.029471
1.282163	0.029706
1.286089	0.029944
1.290016	0.030186
1.293943	0.030432
1.297870	0.030681
1.301797	0.030935
1.305724	0.031193
1.309651	0.031455
1.313578	0.031722
1.317505	0.031993
1.321432	0.032268
1.325359	0.032548
1.329286	0.032833
1.333213	0.033123
1.337140	0.033417
1.341067	0.033717
1.344994	0.034022
1.348921	0.034333
1.352848	0.034649
1.356775	0.034970
1.360702	0.035298
1.364629	0.035631
1.368556	0.035970
1.372483	0.036316
1.376410	0.036668
1.380337	0.037027
1.384264	0.037392
1.388191	0.037764
1.392118	0.038144
1.396045	0.038530
1.399972	0.038925
1.403899	0.039327
1.407826	0.039737
1.411753	0.040155
1.415680	0.040582
1.419607	0.041017
1.423534	0.041461
1.427461	0.041914
1.431388	0.042377
1.435315	0.042850
1.439242	0.043332
1.443169	0.043825
1.447096	0.044329
1.451023	0.044843
1.454950	0.045369
1.458877	0.045907
1.462804	0.046456
1.466731	0.047018
1.470658	0.047593
1.474585	0.048182
1.478512	0.048783
1.482439	0.049400
1.486366	0.050030
1.490293	0.050676
1.494220	0.051338
1.498147	0.052016
1.502074	0.052711
1.506001	0.053423
1.509928	0.054153
1.513855	0.054902
1.517782	0.055670
1.521709	0.056459
1.525636	0.057268
1.529563	0.058099
1.533490	0.058953
1.537417	0.059830
1.541344	0.060732
1.545271	0.061658
1.549198	0.062611
1.553125	0.063592
1.557052	0.064601
1.560979	0.065640
1.564906	0.066710
1.568833	0.067812
1.572760	0.068948
1.576687	0.070120
1.580614	0.071328
1.584541	0.072575
1.588468	0.073862
1.592395	0.075191
1.596322	0.076565
1.600249	0.077985
1.604176	0.079453
1.608103	0.080973
1.612030	0.082545
1.615957	0.084174
1.619884	0.085862
1.623811	0.087613
1.627738	0.089428
1.631665	0.091313
1.635592	0.093270
1.639519	0.095304
1.643446	0.097419
1.647373	0.099619
1.651300	0.101911
1.655227	0.104298
1.659154	0.106787
1.663081	0.109383
1.667008	0.112094
1.670935	0.114927
1.674862	0.117890
1.678789	0.120990
1.682716	0.124237
1.686643	0.127641
1.690570	0.131213
1.694497	0.134965
1.698424	0.138908
1.702351	0.143057
1.706278	0.147428
1.710205	0.152036
1.714131	0.156900
1.718058	0.162040
1.721985	0.167478
1.725912	0.173237
1.729839	0.179345
1.733766	0.185830
1.737693	0.192724
1.741620	0.200064
1.745547	0.207889
1.749474	0.216242
1.753401	0.225172
1.757328	0.234734
1.761255	0.244987
1.765182	0.255998
1.769109	0.267842
1.773036	0.280601
1.776963	0.294368
1.780890	0.309244
1.784817	0.325344
1.788744	0.342792
1.792671	0.361729
1.796598	0.382305
1.800525	0.404686
1.804452	0.429050
1.808379	0.455584
1.812306	0.484483
1.816233	0.515944
1.820160	0.550154
1.824087	0.587280
1.828014	0.627446
1.831941	0.670714
1.835868	0.717048
1.839795	0.766283
1.843722	0.818082
1.847649	0.871905
1.851576	0.926987
1.855503	0.982339
1.859430	1.036781
1.863357	1.089017
1.867284	1.137742
1.871211	1.181766
1.875138	1.220134
1.879065	1.252213
1.882992	1.277730
1.886919	1.296756
1.890846	1.309649
1.894773	1.316975
1.898700	1.319421
1.902627	1.317718
1.906554	1.312588
1.910481	1.304702
1.914408	1.294656
1.918335	1.282968
1.922262	1.270074
1.926189	1.256331
1.930116	1.242033
1.934043	1.227414
1.937970	1.212659
1.941897	1.197912
1.945824	1.183284
1.949751	1.168860
1.953678	1.154703
1.957605	1.140859
1.961532	1.127360
1.965459	1.114230
1.969386	1.101480
1.973313	1.089118
1.977240	1.077147
1.981167	1.065566
1.985094	1.054369
1.989021	1.043551
1.992948	1.033104
1.996875	1.023019
2.000802	1.013286
2.004729	1.003895
2.008656	0.994835
2.012583	0.986097
2.016510	0.977669
2.020437	0.969541
2.024364	0.961702
2.028291	0.954141
2.032218	0.946849
2.036145	0.939813
2.040072	0.933022
2.043999	0.926466
2.047926	0.920131
2.051853	0.914004
2.055780	0.908070
2.059707	0.902312
2.063634	0.896712
2.067561	0.891246
2.071488	0.885889
2.075415	0.880609
2.079342	0.875368
2.083269	0.870121
2.087196	0.864811
2.091123	0.859373
2.095050	0.853728
2.098977	0.847780
2.102904	0.841421
2.106831	0.834526
2.110758	0.826959
2.114685	0.818576
2.118612	0.809236
2.122539	0.798816
2.126466	0.787227
2.130393	0.774439
2.134320	0.760502
2.138246	0.745557
2.142173	0.729849
2.146100	0.713715
2.150027	0.697561
2.153954	0.681833
2.157881	0.666978
2.161808	0.653415
2.165735	0.641512
2.169662	0.631576
2.173589	0.623849
2.177516	0.618522
2.181443	0.615739
2.185370	0.615614
2.189297	0.618243
2.193224	0.623713
2.197151	0.632110
2.201078	0.643524
2.205005	0.658050
2.208932	0.675787
2.212859	0.696831
2.216786	0.721267
2.220713	0.749151
2.224640	0.780494
2.228567	0.815235
2.232494	0.853211
2.236421	0.894129
2.240348	0.937538
2.244275	0.982806
2.248202	1.029124
2.252129	1.075514
2.256056	1.120875
2.259983	1.164033
2.263910	1.203811
2.267837	1.239094
2.271764	1.268892
2.275691	1.292399
2.279618	1.309049
2.283545	1.318576
2.287472	1.321069
2.291399	1.317006
2.295326	1.307242
2.299253	1.292949
2.303180	1.275501
2.307107	1.256329
2.311034	1.236766
2.314961	1.217923
2.318888	1.200603
2.322815	1.185272
2.326742	1.172072
2.330669	1.160874
2.334596	1.151357
2.338523	1.143098
2.342450	1.135656
2.346377	1.128637
2.350304	1.121739
2.354231	1.114766
2.358158	1.107621
2.362085	1.100291
2.366012	1.092820
2.369939	1.085283
2.373866	1.077775
2.377793	1.070387
2.381720	1.063206
2.385647	1.056304
2.389574	1.049741
2.393501	1.043564
2.397428	1.037805
2.401355	1.032490
2.405282	1.027634
2.409209	1.023247
2.413136	1.019333
2.417063	1.015893
2.420990	1.012926
2.424917	1.010431
2.428844	1.008404
2.432771	1.006843
2.436698	1.005747
2.440625	1.005113
2.444552	1.004943
2.448479	1.005237
2.452406	1.006001
2.456333	1.007239
2.460260	1.008960
2.464187	1.011173
2.468114	1.013892
2.472041	1.017131
2.475968	1.020910
2.479895	1.025250
2.483822	1.030175
2.487749	1.035714
2.491676	1.041899
2.495603	1.048766
2.499530	1.056353
2.503457	1.064705
2.507384	1.073868
2.511311	1.083895
2.515238	1.094840
2.519165	1.106761
2.523092	1.119720
2.527019	1.133779
2.530946	1.149004
2.534873	1.165460
2.538800	1.183213
2.542727	1.202328
2.546654	1.222865
2.550581	1.244877
2.554508	1.268400
2.558435	1.293443
2.562362	1.319971
2.566288	1.347888
2.570215	1.377015
2.574142	1.407086
2.578069	1.437758
2.581996	1.468641
2.585923	1.499356
2.589850	1.529612
2.593777	1.559274
2.597704	1.588410
2.601631	1.617293
2.605558	1.646331
2.609485	1.675945
2.613412	1.706407
2.617339	1.737665
2.621266	1.769211
2.625193	1.800005
2.629120	1.828485
2.633047	1.852678
2.636974	1.870392
2.640901	1.879464
2.644828	1.878036
2.648755	1.864795
2.652682	1.839145
2.656609	1.801283
2.660536	1.752179
2.664463	1.693448
2.668390	1.627168
2.672317	1.555650
2.676244	1.481217
2.680171	1.406014
2.684098	1.331881
2.688025	1.260285
2.691952	1.192309
2.695879	1.128686
2.699806	1.069849
2.703733	1.015996
2.707660	0.967151
2.711587	0.923218
2.715514	0.884024
2.719441	0.849355
2.723368	0.818979
2.727295	0.792664
2.731222	0.770193
2.735149	0.751368
2.739076	0.736017
2.743003	0.723999
2.746930	0.715203
2.750857	0.709547
2.754784	0.706982
2.758711	0.707490
2.762638	0.711082
2.766565	0.717796
2.770492	0.727700
2.774419	0.740881
2.778346	0.757446
2.782273	0.777514
2.786200	0.801204
2.790127	0.828623
2.794054	0.859844
2.797981	0.894886
2.801908	0.933677
2.805835	0.976021
2.809762	1.021564
2.813689	1.069753
2.817616	1.119824
2.821543	1.170803
2.825470	1.221546
2.829397	1.270819
2.833324	1.317411
2.837251	1.360266
2.841178	1.398591
2.845105	1.431935
2.849032	1.460202
2.852959	1.483609
2.856886	1.502600
2.860813	1.517742
2.864740	1.529634
2.868667	1.538823
2.872594	1.545758
2.876521	1.550754
2.880448	1.553975
2.884375	1.555437
2.888302	1.555001
2.892229	1.552388
2.896156	1.547189
2.900083	1.538888
2.904010	1.526898
2.907937	1.510605
2.911864	1.489435
2.915791	1.462931
2.919718	1.430833
2.923645	1.393145
2.927572	1.350179
2.931499	1.302555
2.935426	1.251158
2.939353	1.197058
2.943280	1.141410
2.947207	1.085357
2.951134	1.029955
2.955061	0.976114
2.958988	0.924575
2.962915	0.875900
2.966842	0.830487
2.970769	0.788575
2.974696	0.750275
2.978623	0.715586
2.982550	0.684423
2.986477	0.656644
2.990404	0.632074
2.994330	0.610529
2.998257	0.591831
3.002184	0.575817
3.006111	0.562351
3.010038	0.551318
3.013965	0.542626
3.017892	0.536201
3.021819	0.531978
3.025746	0.529894
3.029673	0.529876
3.033600	0.531827
3.037527	0.535606
3.041454	0.541014
3.045381	0.547785
3.049308	0.555583
3.053235	0.564034
3.057162	0.572769
3.061089	0.581490
3.065016	0.590024
3.068943	0.598356
3.072870	0.606611
3.076797	0.614991
3.080724	0.623665
3.084651	0.632663
3.088578	0.641795
3.092505	0.650651
3.096432	0.658675
3.100359	0.665278
3.104286	0.669965
3.108213	0.672411
3.112140	0.672487
3.116067	0.670239
3.119994	0.665855
3.123921	0.659627
3.127848	0.651916
3.131775	0.643117
3.135702	0.633610
3.139629	0.623714
3.143556	0.613643
3.147483	0.603473
3.151410	0.593146
3.155337	0.582502
3.159264	0.571329
3.163191	0.559424
3.167118	0.546652
3.171045	0.532980
3.174972	0.518514
3.178899	0.503509
3.182826	0.488374
3.186753	0.473645
3.190680	0.459932
3.194607	0.447820
3.198534	0.437767
3.202461	0.430024
3.206388	0.424616
3.210315	0.421385
3.214242	0.420075
3.218169	0.420423
3.222096	0.422230
3.226023	0.425385
3.229950	0.429878
3.233877	0.435774
3.237804	0.443191
3.241731	0.452271
3.245658	0.463154
3.249585	0.475956
3.253512	0.490764
3.257439	0.507623
3.261366	0.526542
3.265293	0.547495
3.269220	0.570429
3.273147	0.595257
3.277074	0.621850
3.281001	0.650021
3.284928	0.679492
3.288855	0.709856
3.292782	0.740545
3.296709	0.770808
3.300636	0.799714
3.304563	0.826198
3.308490	0.849139
3.312417	0.867488
3.316344	0.880400
3.320271	0.887371
3.324198	0.888323
3.328125	0.883630
3.332052	0.874072
3.335979	0.860729
3.339906	0.844847
3.343833	0.827695
3.347760	0.810448
3.351687	0.794102
3.355614	0.779429
3.359541	0.766968
3.363468	0.757039
3.367395	0.749764
3.371322	0.745106
3.375249	0.742898
3.379176	0.742881
3.383103	0.744738
3.387030	0.748135
3.390957	0.752757
3.394884	0.758347
3.398811	0.764737
3.402738	0.771868
3.406665	0.779781
3.410592	0.788603
3.414519	0.798492
3.418446	0.809589
3.422372	0.821951
3.426299	0.835507
3.430226	0.850035
3.434153	0.865170
3.438080	0.880447
3.442007	0.895365
3.445934	0.909457
3.449861	0.922348
3.453788	0.933781
3.457715	0.943620
3.461642	0.951824
3.465569	0.958416
3.469496	0.963467
3.473423	0.967075
3.477350	0.969353
3.481277	0.970396
3.485204	0.970232
3.489131	0.968784
3.493058	0.965851
3.496985	0.961111
3.500912	0.954164
3.504839	0.944580
3.508766	0.931955
3.512693	0.915976
3.516620	0.896469
3.520547	0.873448
3.524474	0.847137
3.528401	0.817960
3.532328	0.786513
3.536255	0.753507
3.540182	0.719694
3.544109	0.685806
3.548036	0.652498
3.551963	0.620320
3.555890	0.589700
3.559817	0.560945
3.563744	0.534253
3.567671	0.509732
3.571598	0.487418
3.575525	0.467296
3.579452	0.449313
3.583379	0.433394
3.587306	0.419451
3.591233	0.407390
3.595160	0.397113
3.599087	0.388521
3.603014	0.381512
3.606941	0.375978
3.610868	0.371803
3.614795	0.368858
3.618722	0.366995
3.622649	0.366051
3.626576	0.365845
3.630503	0.366189
3.634430	0.366896
3.638357	0.367799
3.642284	0.368764
3.646211	0.369710
3.650138	0.370612
3.654065	0.371504
3.657992	0.372468
3.661919	0.373626
3.665846	0.375122
3.669773	0.377114
3.673700	0.379764
3.677627	0.383236
3.681554	0.387690
3.685481	0.393285
3.689408	0.400174
3.693335	0.408508
3.697262	0.418434
3.701189	0.430095
3.705116	0.443629
3.709043	0.459163
3.712970	0.476810
3.716897	0.496655
3.720824	0.518748
3.724751	0.543079
3.728678	0.569559
3.732605	0.597989
3.736532	0.628023
3.740459	0.659130
3.744386	0.690570
3.748313	0.721385
3.752240	0.750426
3.756167	0.776417
3.760094	0.798065
3.764021	0.814190
3.767948	0.823872
3.771875	0.826569
3.775802	0.822188
3.779729	0.811094
3.783656	0.794051
3.787583	0.772102
3.791510	0.746446
3.795437	0.718310
3.799364	0.688853
3.803291	0.659104
3.807218	0.629920
3.811145	0.601982
3.815072	0.575789
3.818999	0.551674
3.822926	0.529825
3.826853	0.510305
3.830780	0.493070
3.834707	0.477990
3.838634	0.464864
3.842561	0.453433
3.846488	0.443398
3.850414	0.434439
3.854341	0.426242
3.858268	0.418521
3.862195	0.411046
3.866122	0.403658
3.870049	0.396281
3.873976	0.388915
3.877903	0.381621
3.881830	0.374508
3.885757	0.367706
3.889684	0.361358
3.893611	0.355604
3.897538	0.350577
3.901465	0.346396
3.905392	0.343166
3.909319	0.340979
3.913246	0.339915
3.917173	0.340046
3.921100	0.341438
3.925027	0.344155
3.928954	0.348261
3.932881	0.353820
3.936808	0.360892
3.940735	0.369537
3.944662	0.379802
3.948589	0.391719
3.952516	0.405296
3.956443	0.420498
3.960370	0.437237
3.964297	0.455351
3.968224	0.474586
3.972151	0.494576
3.976078	0.514844
3.980005	0.534796
3.983932	0.553756
3.987859	0.571012
3.991786	0.585889
3.995713	0.597832
3.999640	0.606493
4.003567	0.611788
4.007494	0.613923
4.011421	0.613371
4.015348	0.610801
4.019275	0.606994
4.023202	0.602745
4.027129	0.598779
4.031056	0.595694
4.034983	0.593918
4.038910	0.593703
4.042837	0.595120
4.046764	0.598073
4.050691	0.602329
4.054618	0.607547
4.058545	0.613325
4.062472	0.619246
4.066399	0.624931
4.070326	0.630075
4.074253	0.634478
4.078180	0.638051
4.082107	0.640811
4.086034	0.642858
4.089961	0.644344
4.093888	0.645443
4.097815	0.646328
4.101742	0.647143
4.105669	0.647997
4.109596	0.648952
4.113523	0.650026
4.117450	0.651188
4.121377	0.652363
4.125304	0.653436
4.129231	0.654255
4.133158	0.654647
4.137085	0.654436
4.141012	0.653469
4.144939	0.651655
4.148866	0.649001
4.152793	0.645644
4.156720	0.641858
4.160647	0.638034
4.164574	0.634622
4.168501	0.632050
4.172428	0.630647
4.176355	0.630590
4.180282	0.631892
4.184209	0.634431
4.188136	0.637996
4.192063	0.642344
4.195990	0.647245
4.199917	0.652507
4.203844	0.657988
4.207771	0.663594
4.211698	0.669272
4.215625	0.674993
4.219552	0.680741
4.223479	0.686501
4.227406	0.692253
4.231333	0.697959
4.235260	0.703563
4.239187	0.708982
4.243114	0.714102
4.247041	0.718778
4.250968	0.722826
4.254895	0.726020
4.258822	0.728097
4.262749	0.728758
4.266676	0.727674
4.270603	0.724504
4.274530	0.718914
4.278456	0.710611
4.282383	0.699374
4.286310	0.685099
4.290237	0.667826
4.294164	0.647763
4.298091	0.625284
4.302018	0.600901
4.305945	0.575216
4.309872	0.548860
4.313799	0.522433
4.317726	0.496459
4.321653	0.471362
4.325580	0.447461
4.329507	0.424976
4.333434	0.404042
4.337361	0.384731
4.341288	0.367065
4.345215	0.351026
4.349142	0.336575
4.353069	0.323657
4.356996	0.312207
4.360923	0.302158
4.364850	0.293446
4.368777	0.286010
4.372704	0.279797
4.376631	0.274763
4.380558	0.270872
4.384485	0.268098
4.388412	0.266425
4.392339	0.265846
4.396266	0.266360
4.400193	0.267975
4.404120	0.270702
4.408047	0.274553
4.411974	0.279536
4.415901	0.285652
4.419828	0.292882
4.423755	0.301185
4.427682	0.310481
4.431609	0.320642
4.435536	0.331482
4.439463	0.342750
4.443390	0.354122
4.447317	0.365212
4.451244	0.375578
4.455171	0.384748
4.459098	0.392247
4.463025	0.397634
4.466952	0.400542
4.470879	0.400717
4.474806	0.398051
4.478733	0.392602
4.482660	0.384591
4.486587	0.374387
4.490514	0.362454
4.494441	0.349311
4.498368	0.335468
4.502295	0.321393
4.506222	0.307480
4.510149	0.294037
4.514076	0.281289
4.518003	0.269383
4.521930	0.258408
4.525857	0.248403
4.529784	0.239370
4.533711	0.231291
4.537638	0.224131
4.541565	0.217848
4.545492	0.212396
4.549419	0.207729
4.553346	0.203805
4.557273	0.200584
4.561200	0.198031
4.565127	0.196118
4.569054	0.194822
4.572981	0.194125
4.576908	0.194018
4.580835	0.194496
4.584762	0.195561
4.588689	0.197225
4.592616	0.199506
4.596543	0.202432
4.600470	0.206041
4.604397	0.210384
4.608324	0.215521
4.612251	0.221530
4.616178	0.228497
4.620105	0.236520
4.624032	0.245704
4.627959	0.256148
4.631886	0.267937
4.635813	0.281130
4.639740	0.295742
4.643667	0.311737
4.647594	0.329023
4.651521	0.347458
4.655448	0.366853
4.659375	0.386979
4.663302	0.407571
4.667229	0.428321
4.671156	0.448876
4.675083	0.468846
4.679010	0.487841
4.682937	0.505518
4.686864	0.521631
4.690791	0.536074
4.694718	0.548896
4.698645	0.560300
4.702572	0.570607
4.706498	0.580208
4.710425	0.589489
4.714352	0.598759
4.718279	0.608193
4.722206	0.617811
4.726133	0.627495
4.730060	0.637036
4.733987	0.646190
4.737914	0.654734
4.741841	0.662500
4.745768	0.669385
4.749695	0.675348
4.753622	0.680391
4.757549	0.684534
4.761476	0.687798
4.765403	0.690179
4.769330	0.691636
4.773257	0.692079
4.777184	0.691362
4.781111	0.689282
4.785038	0.685587
4.788965	0.679997
4.792892	0.672228
4.796819	0.662029
4.800746	0.649220
4.804673	0.633731
4.808600	0.615622
4.812527	0.595100
4.816454	0.572504
4.820381	0.548284
4.824308	0.522959
4.828235	0.497075
4.832162	0.471158
4.836089	0.445678
4.840016	0.421025
4.843943	0.397497
4.847870	0.375301
4.851797	0.354561
4.855724	0.335333
4.859651	0.317620
4.863578	0.301384
4.867505	0.286563
4.871432	0.273080
4.875359	0.260847
4.879286	0.249778
4.883213	0.239784
4.887140	0.230784
4.891067	0.222700
4.894994	0.215461
4.898921	0.209003
4.902848	0.203270
4.906775	0.198210
4.910702	0.193779
4.914629	0.189939
4.918556	0.186656
4.922483	0.183904
4.926410	0.181658
4.930337	0.179901
4.934264	0.178618
4.938191	0.177802
4.942118	0.177448
4.946045	0.177554
4.949972	0.178128
4.953899	0.179177
4.957826	0.180718
4.961753	0.182771
4.965680	0.185359
4.969607	0.188513
4.973534	0.192268
4.977461	0.196663
4.981388	0.201743
4.985315	0.207558
4.989242	0.214161
4.993169	0.221607
4.997096	0.229953
5.001023	0.239253
5.004950	0.249553
5.008877	0.260887
5.012804	0.273267
5.016731	0.286668
5.020658	0.301019
5.024585	0.316182
5.028512	0.331941
5.032439	0.347981
5.036366	0.363888
5.040293	0.379156
5.044220	0.393218
5.048147	0.405502
5.052074	0.415510
5.056001	0.422901
5.059928	0.427559
5.063855	0.429625
5.067782	0.429473
5.071709	0.427640
5.075636	0.424736
5.079563	0.421359
5.083490	0.418032
5.087417	0.415180
5.091344	0.413124
5.095271	0.412088
5.099198	0.412219
5.103125	0.413590
5.107052	0.416206
5.110979	0.420007
5.114906	0.424866
5.118833	0.430598
5.122760	0.436972
5.126687	0.443726
5.130614	0.450588
5.134540	0.457293
5.138467	0.463606
5.142394	0.469328
5.146321	0.474308
5.150248	0.478440
5.154175	0.481655
5.158102	0.483914
5.162029	0.485182
5.165956	0.485419
5.169883	0.484564
5.173810	0.482547
5.177737	0.479290
5.181664	0.474730
5.185591	0.468841
5.189518	0.461650
5.193445	0.453268
5.197372	0.443900
5.201299	0.433852
5.205226	0.423505
5.209153	0.413283
5.213080	0.403602
5.217007	0.394845
5.220934	0.387327
5.224861	0.381299
5.228788	0.376949
5.232715	0.374412
5.236642	0.373786
5.240569	0.375142
5.244496	0.378528
5.248423	0.383982
5.252350	0.391521
5.256277	0.401147
5.260204	0.412833
5.264131	0.426518
5.268058	0.442086
5.271985	0.459349
5.275912	0.478023
5.279839	0.497707
5.283766	0.517865
5.287693	0.537826
5.291620	0.556793
5.295547	0.573883
5.299474	0.588178
5.303401	0.598811
5.307328	0.605056
5.311255	0.606429
5.315182	0.602762
5.319109	0.594233
5.323036	0.581332
5.326963	0.564771
5.330890	0.545372
5.334817	0.523956
5.338744	0.501274
5.342671	0.477974
5.346598	0.454596
5.350525	0.431581
5.354452	0.409285
5.358379	0.387986
5.362306	0.367892
5.366233	0.349144
5.370160	0.331827
5.374087	0.315975
5.378014	0.301583
5.381941	0.288615
5.385868	0.277017
5.389795	0.266722
5.393722	0.257658
5.397649	0.249755
5.401576	0.242945
5.405503	0.237167
5.409430	0.232368
5.413357	0.228501
5.417284	0.225529
5.421211	0.223424
5.425138	0.222164
5.429065	0.221738
5.432992	0.222141
5.436919	0.223372
5.440846	0.225440
5.444773	0.228356
5.448700	0.232134
5.452627	0.236786
5.456554	0.242323
5.460481	0.248746
5.464408	0.256044
5.468335	0.264185
5.472262	0.273113
5.476189	0.282738
5.480116	0.292936
5.484043	0.303548
5.487970	0.314383
5.491897	0.325229
5.495824	0.335869
5.499751	0.346088
5.503678	0.355693
5.507605	0.364517
5.511532	0.372425
5.515459	0.379316
5.519386	0.385133
5.523313	0.389869
5.527240	0.393581
5.531167	0.396387
5.535094	0.398467
5.539021	0.400046
5.542948	0.401373
5.546875	0.402710
5.550802	0.404313
5.554729	0.406421
5.558656	0.409244
5.562582	0.412950
5.566509	0.417659
5.570436	0.423437
5.574363	0.430299
5.578290	0.438214
5.582217	0.447115
5.586144	0.456903
5.590071	0.467452
5.593998	0.478610
5.597925	0.490200
5.601852	0.502030
5.605779	0.513897
5.609706	0.525601
5.613633	0.536957
5.617560	0.547807
5.621487	0.558025
5.625414	0.567520
5.629341	0.576243
5.633268	0.584175
5.637195	0.591320
5.641122	0.597684
5.645049	0.603259
5.648976	0.608009
5.652903	0.611862
5.656830	0.614717
5.660757	0.616446
5.664684	0.616896
5.668611	0.615894
5.672538	0.613254
5.676465	0.608786
5.680392	0.602329
5.684319	0.593773
5.688246	0.583100
5.692173	0.570400
5.696100	0.555887
5.700027	0.539890
5.703954	0.522827
5.707881	0.505161
5.711808	0.487360
5.715735	0.469851
5.719662	0.452996
5.723589	0.437073
5.727516	0.422281
5.731443	0.408752
5.735370	0.396568
5.739297	0.385781
5.743224	0.376428
5.747151	0.368540
5.751078	0.362149
5.755005	0.357288
5.758932	0.353993
5.762859	0.352299
5.766786	0.352249
5.770713	0.353883
5.774640	0.357251
5.778567	0.362409
5.782494	0.369418
5.786421	0.378351
5.790348	0.389286
5.794275	0.402306
5.798202	0.417496
5.802129	0.434934
5.806056	0.454683
5.809983	0.476779
5.813910	0.501212
5.817837	0.527905
5.821764	0.556693
5.825691	0.587288
5.829618	0.619255
5.833545	0.651989
5.837472	0.684713
5.841399	0.716504
5.845326	0.746363
5.849253	0.773318
5.853180	0.796534
5.857107	0.815394
5.861034	0.829511
5.864961	0.838663
5.868888	0.842696
5.872815	0.841460
5.876742	0.834822
5.880669	0.822778
5.884596	0.805571
5.888523	0.783764
5.892450	0.758196
5.896377	0.729875
5.900304	0.699828
5.904231	0.668994
5.908158	0.638161
5.912085	0.607956
5.916012	0.578869
5.919939	0.551281
5.923866	0.525483
5.927793	0.501698
5.931720	0.480082
5.935647	0.460725
5.939574	0.443660
5.943501	0.428863
5.947428	0.416256
5.951355	0.405714
5.955282	0.397069
5.959209	0.390111
5.963136	0.384593
5.967063	0.380225
5.970990	0.376682
5.974917	0.373606
5.978844	0.370621
5.982771	0.367350
5.986698	0.363441
5.990624	0.358599
5.994551	0.352608
5.998478	0.345350
6.002405	0.336808
6.006332	0.327062
6.010259	0.316272
6.014186	0.304655
6.018113	0.292465
6.022040	0.279964
6.025967	0.267408
6.029894	0.255023
6.033821	0.243000
6.037748	0.231489
6.041675	0.220596
6.045602	0.210391
6.049529	0.200910
6.053456	0.192164
6.057383	0.184145
6.061310	0.176830
6.065237	0.170192
6.069164	0.164195
6.073091	0.158805
6.077018	0.153987
6.080945	0.149707
6.084872	0.145936
6.088799	0.142646
6.092726	0.139813
6.096653	0.137417
6.100580	0.135441
6.104507	0.133874
6.108434	0.132706
6.112361	0.131932
6.116288	0.131551
6.120215	0.131566
6.124142	0.131983
6.128069	0.132815
6.131996	0.134076
6.135923	0.135786
6.139850	0.137970
6.143777	0.140656
6.147704	0.143878
6.151631	0.147677
6.155558	0.152094
6.159485	0.157180
6.163412	0.162986
6.167339	0.169567
6.171266	0.176980
6.175193	0.185279
6.179120	0.194512
6.183047	0.204711
6.186974	0.215889
6.190901	0.228027
6.194828	0.241053
6.198755	0.254836
6.202682	0.269159
6.206609	0.283710
6.210536	0.298069
6.214463	0.311713
6.218390	0.324035
6.222317	0.334390
6.226244	0.342155
6.230171	0.346808
6.234098	0.348001
6.238025	0.345610
6.241952	0.339759
6.245879	0.330797
6.249806	0.319245
6.253733	0.305721
6.257660	0.290868
6.261587	0.275288
6.265514	0.259500
6.269441	0.243922
6.273368	0.228864
6.277295	0.214539
6.281222	0.201077
6.285149	0.188547
6.289076	0.176965
6.293003	0.166317
6.296930	0.156566
6.300857	0.147661
6.304784	0.139546
6.308711	0.132159
6.312638	0.125441
6.316565	0.119335
6.320492	0.113787
6.324419	0.108748
6.328346	0.104173
6.332273	0.100022
6.336200	0.096257
6.340127	0.092846
6.344054	0.089760
6.347981	0.086974
6.351908	0.084467
6.355835	0.082218
6.359762	0.080211
6.363689	0.078432
6.367616	0.076870
6.371543	0.075513
6.375470	0.074354
6.379397	0.073387
6.383324	0.072607
6.387251	0.072011
6.391178	0.071597
6.395105	0.071363
6.399032	0.071311
6.402959	0.071442
6.406886	0.071758
6.410813	0.072265
6.414739	0.072968
6.418666	0.073876
6.422593	0.075000
6.426520	0.076355
6.430447	0.077959
6.434374	0.079834
6.438301	0.082004
6.442228	0.084496
6.446155	0.087340
6.450082	0.090564
6.454009	0.094195
6.457936	0.098256
6.461863	0.102762
6.465790	0.107719
6.469717	0.113113
6.473644	0.118908
6.477571	0.125036
6.481498	0.131389
6.485425	0.137813
6.489352	0.144101
6.493279	0.150000
6.497206	0.155223
6.501133	0.159466
6.505060	0.162449
6.508987	0.163948
6.512914	0.163831
6.516841	0.162080
6.520768	0.158794
6.524695	0.154170
6.528622	0.148473
6.532549	0.141998
6.536476	0.135039
6.540403	0.127856
6.544330	0.120667
6.548257	0.113639
6.552184	0.106890
6.556111	0.100497
6.560038	0.094501
6.563965	0.088918
6.567892	0.083746
6.571819	0.078968
6.575746	0.074564
6.579673	0.070507
6.583600	0.066771
6.587527	0.063331
6.591454	0.060163
6.595381	0.057245
6.599308	0.054555
6.603235	0.052075
6.607162	0.049787
6.611089	0.047674
6.615016	0.045722
6.618943	0.043915
6.622870	0.042243
6.626797	0.040691
6.630724	0.039251
6.634651	0.037912
6.638578	0.036665
6.642505	0.035502
6.646432	0.034417
6.650359	0.033402
6.654286	0.032452
6.658213	0.031561
6.662140	0.030726
6.666067	0.029941
6.669994	0.029202
6.673921	0.028507
6.677848	0.027853
6.681775	0.027236
6.685702	0.026654
6.689629	0.026105
6.693556	0.025587
6.697483	0.025097
6.701410	0.024635
6.705337	0.024199
6.709264	0.023787
6.713191	0.023398
6.717118	0.023030
6.721045	0.022682
6.724972	0.022354
6.728899	0.022042
6.732826	0.021747
6.736753	0.021466
6.740680	0.021198
6.744607	0.020940
6.748534	0.020690
6.752461	0.020445
6.756388	0.020202
6.760315	0.019959
6.764242	0.019713
6.768169	0.019464
6.772096	0.019210
6.776023	0.018951
6.779950	0.018688
6.783877	0.018424
6.787804	0.018161
6.791731	0.017900
6.795658	0.017643
6.799585	0.017393
6.803512	0.017150
6.807439	0.016916
6.811366	0.016690
6.815293	0.016474
6.819220	0.016266
6.823147	0.016068
6.827074	0.015878
6.831001	0.015696
6.834928	0.015523
6.838855	0.015358
6.842781	0.015200
6.846708	0.015049
6.850635	0.014904
6.854562	0.014766
6.858489	0.014635
6.862416	0.014509
6.866343	0.014389
6.870270	0.014275
6.874197	0.014168
6.878124	0.014066
6.882051	0.013971
6.885978	0.013882
6.889905	0.013800
6.893832	0.013724
6.897759	0.013655
6.901686	0.013591
6.905613	0.013533
6.909540	0.013480
6.913467	0.013431
6.917394	0.013385
6.921321	0.013341
6.925248	0.013298
6.929175	0.013253
6.933102	0.013207
6.937029	0.013159
6.940956	0.013107
6.944883	0.013052
6.948810	0.012994
6.952737	0.012933
6.956664	0.012869
6.960591	0.012803
6.964518	0.012733
6.968445	0.012660
6.972372	0.012583
6.976299	0.012501
6.980226	0.012411
6.984153	0.012314
6.988080	0.012208
6.992007	0.012094
6.995934	0.011972
6.999861	0.011844
7.003788	0.011712
7.007715	0.011576
7.011642	0.011440
7.015569	0.011304
7.019496	0.011171
7.023423	0.011040
7.027350	0.010914
7.031277	0.010792
7.035204	0.010674
7.039131	0.010561
7.043058	0.010453
7.046985	0.010350
7.050912	0.010251
7.054839	0.010157
7.058766	0.010067
7.062693	0.009980
7.066620	0.009897
7.070547	0.009817
7.074474	0.009741
7.078401	0.009667
7.082328	0.009597
7.086255	0.009529
7.090182	0.009463
7.094109	0.009399
7.098036	0.009338
7.101963	0.009279
7.105890	0.009222
7.109817	0.009167
7.113744	0.009114
7.117671	0.009063
7.121598	0.009014
7.125525	0.008967
7.129452	0.008921
7.133379	0.008878
7.137306	0.008836
7.141233	0.008796
7.145160	0.008758
7.149087	0.008722
7.153014	0.008687
7.156941	0.008654
7.160868	0.008623
7.164795	0.008593
7.168722	0.008565
7.172649	0.008538
7.176576	0.008512
7.180503	0.008487
7.184430	0.008463
7.188357	0.008439
7.192284	0.008414
7.196211	0.008389
7.200138	0.008362
7.204065	0.008332
7.207992	0.008300
7.211919	0.008264
7.215846	0.008224
7.219773	0.008181
7.223700	0.008135
7.227627	0.008086
7.231554	0.008036
7.235481	0.007984
7.239408	0.007933
7.243335	0.007882
7.247262	0.007832
7.251189	0.007784
7.255116	0.007738
7.259043	0.007693
7.262970	0.007650
7.266897	0.007608
7.270823	0.007568
7.274750	0.007529
7.278677	0.007491
7.282604	0.007454
7.286531	0.007416
7.290458	0.007379
7.294385	0.007343
7.298312	0.007306
7.302239	0.007269
7.306166	0.007233
7.310093	0.007197
7.314020	0.007162
7.317947	0.007127
7.321874	0.007094
7.325801	0.007061
7.329728	0.007029
7.333655	0.006999
7.337582	0.006968
7.341509	0.006939
7.345436	0.006910
7.349363	0.006880
7.353290	0.006851
7.357217	0.006822
7.361144	0.006793
7.365071	0.006763
7.368998	0.006733
7.372925	0.006704
7.376852	0.006675
7.380779	0.006646
7.384706	0.006618
7.388633	0.006590
7.392560	0.006563
7.396487	0.006538
7.400414	0.006513
7.404341	0.006490
7.408268	0.006468
7.412195	0.006446
7.416122	0.006426
7.420049	0.006408
7.423976	0.006390
7.427903	0.006374
7.431830	0.006359
7.435757	0.006346
7.439684	0.006333
7.443611	0.006322
7.447538	0.006312
7.451465	0.006302
7.455392	0.006293
7.459319	0.006285
7.463246	0.006277
7.467173	0.006268
7.471100	0.006260
7.475027	0.006250
7.478954	0.006240
7.482881	0.006229
7.486808	0.006216
7.490735	0.006203
7.494662	0.006188
7.498589	0.006173
7.502516	0.006156
7.506443	0.006138
7.510370	0.006120
7.514297	0.006101
7.518224	0.006082
7.522151	0.006064
7.526078	0.006046
7.530005	0.006030
7.533932	0.006015
7.537859	0.006001
7.541786	0.005989
7.545713	0.005978
7.549640	0.005967
7.553567	0.005956
7.557494	0.005945
7.561421	0.005931
7.565348	0.005915
7.569275	0.005896
7.573202	0.005873
7.577129	0.005847
7.581056	0.005817
7.584983	0.005784
7.588910	0.005749
7.592837	0.005712
7.596764	0.005675
7.600691	0.005638
7.604618	0.005601
7.608545	0.005565
7.612472	0.005530
7.616399	0.005496
7.620326	0.005464
7.624253	0.005433
7.628180	0.005404
7.632107	0.005376
7.636034	0.005350
7.639961	0.005325
7.643888	0.005301
7.647815	0.005279
7.651742	0.005257
7.655669	0.005237
7.659596	0.005217
7.663523	0.005199
7.667450	0.005181
7.671377	0.005164
7.675304	0.005148
7.679231	0.005134
7.683158	0.005119
7.687085	0.005106
7.691012	0.005094
7.694939	0.005082
7.698865	0.005072
7.702792	0.005062
7.706719	0.005054
7.710646	0.005046
7.714573	0.005040
7.718500	0.005034
7.722427	0.005030
7.726354	0.005028
7.730281	0.005027
7.734208	0.005027
7.738135	0.005029
7.742062	0.005032
7.745989	0.005037
7.749916	0.005044
7.753843	0.005052
7.757770	0.005061
7.761697	0.005071
7.765624	0.005082
7.769551	0.005094
7.773478	0.005105
7.777405	0.005115
7.781332	0.005124
7.785259	0.005131
7.789186	0.005136
7.793113	0.005139
7.797040	0.005139
7.800967	0.005137
7.804894	0.005133
7.808821	0.005126
7.812748	0.005118
7.816675	0.005107
7.820602	0.005095
7.824529	0.005080
7.828456	0.005062
7.832383	0.005041
7.836310	0.005017
7.840237	0.004990
7.844164	0.004960
7.848091	0.004927
7.852018	0.004893
7.855945	0.004858
7.859872	0.004822
7.863799	0.004787
7.867726	0.004752
7.871653	0.004719
7.875580	0.004687
7.879507	0.004657
7.883434	0.004628
7.887361	0.004602
7.891288	0.004577
7.895215	0.004554
7.899142	0.004533
7.903069	0.004513
7.906996	0.004495
7.910923	0.004479
7.914850	0.004464
7.918777	0.004451
7.922704	0.004439
7.926631	0.004428
7.930558	0.004419
7.934485	0.004411
7.938412	0.004405
7.942339	0.004399
7.946266	0.004396
7.950193	0.004394
7.954120	0.004393
7.958047	0.004394
7.961974	0.004397
7.965901	0.004402
7.969828	0.004409
7.973755	0.004417
7.977682	0.004428
7.981609	0.004441
7.985536	0.004456
7.989463	0.004473
7.993390	0.004492
7.997317	0.004514
8.001244	0.004536
8.005171	0.004561
8.009098	0.004586
8.013025	0.004613
8.016952	0.004640
8.020879	0.004668
8.024806	0.004695
8.028733	0.004722
8.032660	0.004748
8.036587	0.004773
8.040514	0.004794
8.044441	0.004813
8.048368	0.004826
8.052295	0.004833
8.056222	0.004833
8.060149	0.004824
8.064076	0.004807
8.068003	0.004781
8.071930	0.004747
8.075857	0.004706
8.079784	0.004659
8.083711	0.004609
8.087638	0.004557
8.091565	0.004503
8.095492	0.004451
8.099419	0.004399
8.103346	0.004350
8.107273	0.004303
8.111200	0.004259
8.115127	0.004218
8.119054	0.004180
8.122981	0.004145
8.126907	0.004113
8.130834	0.004083
8.134761	0.004056
8.138688	0.004031
8.142615	0.004008
8.146542	0.003987
8.150469	0.003968
8.154396	0.003950
8.158323	0.003935
8.162250	0.003921
8.166177	0.003908
8.170104	0.003897
8.174031	0.003887
8.177958	0.003879
8.181885	0.003871
8.185812	0.003866
8.189739	0.003861
8.193666	0.003858
8.197593	0.003856
8.201520	0.003856
8.205447	0.003857
8.209374	0.003860
8.213301	0.003865
8.217228	0.003871
8.221155	0.003880
8.225082	0.003890
8.229009	0.003902
8.232936	0.003918
8.236863	0.003935
8.240790	0.003956
8.244717	0.003979
8.248644	0.004006
8.252571	0.004037
8.256498	0.004071
8.260425	0.004109
8.264352	0.004151
8.268279	0.004197
8.272206	0.004246
8.276133	0.004299
8.280060	0.004354
8.283987	0.004410
8.287914	0.004467
8.291841	0.004522
8.295768	0.004574
8.299695	0.004622
8.303622	0.004662
8.307549	0.004696
8.311476	0.004720
8.315403	0.004736
8.319330	0.004744
8.323257	0.004743
8.327184	0.004735
8.331111	0.004720
8.335038	0.004697
8.338965	0.004668
8.342892	0.004631
8.346819	0.004588
8.350746	0.004539
8.354673	0.004484
8.358600	0.004424
8.362527	0.004361
8.366454	0.004296
8.370381	0.004230
8.374308	0.004165
8.378235	0.004102
8.382162	0.004042
8.386089	0.003985
8.390016	0.003931
8.393943	0.003882
8.397870	0.003836
8.401797	0.003795
8.405724	0.003757
8.409651	0.003723
8.413578	0.003692
8.417505	0.003665
8.421432	0.003640
8.425359	0.003619
8.429286	0.003600
8.433213	0.003584
8.437140	0.003571
8.441067	0.003560
8.444994	0.003552
8.448921	0.003546
8.452848	0.003543
8.456775	0.003543
8.460702	0.003544
8.464629	0.003549
8.468556	0.003556
8.472483	0.003566
8.476410	0.003579
8.480337	0.003595
8.484264	0.003613
8.488191	0.003634
8.492118	0.003657
8.496045	0.003682
8.499972	0.003708
8.503899	0.003735
8.507826	0.003761
8.511753	0.003786
8.515680	0.003808
8.519607	0.003826
8.523534	0.003840
8.527461	0.003848
8.531388	0.003852
8.535315	0.003851
8.539242	0.003846
8.543169	0.003837
8.547096	0.003826
8.551023	0.003814
8.554949	0.003800
8.558876	0.003787
8.562803	0.003773
8.566730	0.003760
8.570657	0.003747
8.574584	0.003735
8.578511	0.003722
8.582438	0.003709
8.586365	0.003695
8.590292	0.003678
8.594219	0.003660
8.598146	0.003638
8.602073	0.003613
8.606000	0.003586
8.609927	0.003556
8.613854	0.003524
8.617781	0.003491
8.621708	0.003457
8.625635	0.003422
8.629562	0.003388
8.633489	0.003355
8.637416	0.003323
8.641343	0.003292
8.645270	0.003263
8.649197	0.003236
8.653124	0.003211
8.657051	0.003188
8.660978	0.003167
8.664905	0.003148
8.668832	0.003131
8.672759	0.003116
8.676686	0.003102
8.680613	0.003090
8.684540	0.003080
8.688467	0.003072
8.692394	0.003065
8.696321	0.003059
8.700248	0.003055
8.704175	0.003053
8.708102	0.003052
8.712029	0.003053
8.715956	0.003056
8.719883	0.003060
8.723810	0.003066
8.727737	0.003074
8.731664	0.003084
8.735591	0.003095
8.739518	0.003109
8.743445	0.003124
8.747372	0.003140
8.751299	0.003158
8.755226	0.003177
8.759153	0.003196
8.763080	0.003214
8.767007	0.003231
8.770934	0.003246
8.774861	0.003258
8.778788	0.003266
8.782715	0.003271
8.786642	0.003272
8.790569	0.003269
8.794496	0.003264
8.798423	0.003256
8.802350	0.003249
8.806277	0.003241
8.810204	0.003234
8.814131	0.003229
8.818058	0.003226
8.821985	0.003226
8.825912	0.003229
8.829839	0.003234
8.833766	0.003243
8.837693	0.003255
8.841620	0.003269
8.845547	0.003287
8.849474	0.003308
8.853401	0.003331
8.857328	0.003357
8.861255	0.003386
8.865182	0.003416
8.869109	0.003449
8.873036	0.003483
8.876963	0.003516
8.880890	0.003548
8.884817	0.003577
8.888744	0.003601
8.892671	0.003619
8.896598	0.003629
8.900525	0.003630
8.904452	0.003621
8.908379	0.003602
8.912306	0.003574
8.916233	0.003537
8.920160	0.003494
8.924087	0.003446
8.928014	0.003396
8.931941	0.003344
8.935868	0.003293
8.939795	0.003243
8.943722	0.003196
8.947649	0.003152
8.951576	0.003111
8.955503	0.003074
8.959430	0.003040
8.963357	0.003010
8.967284	0.002983
8.971211	0.002959
8.975138	0.002939
8.979065	0.002922
8.982991	0.002907
8.986918	0.002895
8.990845	0.002887
8.994772	0.002880
8.998699	0.002877
9.002626	0.002876
9.006553	0.002878
9.010480	0.002882
9.014407	0.002890
9.018334	0.002900
9.022261	0.002913
9.026188	0.002930
9.030115	0.002950
9.034042	0.002973
9.037969	0.003000
9.041896	0.003031
9.045823	0.003065
9.049750	0.003103
9.053677	0.003144
9.057604	0.003188
9.061531	0.003234
9.065458	0.003281
9.069385	0.003328
9.073312	0.003372
9.077239	0.003413
9.081166	0.003448
9.085093	0.003475
9.089020	0.003493
9.092947	0.003502
9.096874	0.003500
9.100801	0.003490
9.104728	0.003471
9.108655	0.003446
9.112582	0.003414
9.116509	0.003379
9.120436	0.003340
9.124363	0.003300
9.128290	0.003258
9.132217	0.003217
9.136144	0.003175
9.140071	0.003133
9.143998	0.003092
9.147925	0.003052
9.151852	0.003013
9.155779	0.002974
9.159706	0.002938
9.163633	0.002902
9.167560	0.002868
9.171487	0.002835
9.175414	0.002804
9.179341	0.002774
9.183268	0.002745
9.187195	0.002717
9.191122	0.002690
9.195049	0.002665
9.198976	0.002640
9.202903	0.002617
9.206830	0.002595
9.210757	0.002574
9.214684	0.002555
9.218611	0.002537
9.222538	0.002521
9.226465	0.002506
9.230392	0.002492
9.234319	0.002480
9.238246	0.002469
9.242173	0.002459
9.246100	0.002451
9.250027	0.002443
9.253954	0.002437
9.257881	0.002432
9.261808	0.002427
9.265735	0.002424
9.269662	0.002422
9.273589	0.002421
9.277516	0.002421
9.281443	0.002422
9.285370	0.002425
9.289297	0.002428
9.293224	0.002433
9.297151	0.002439
9.301078	0.002447
9.305005	0.002456
9.308932	0.002467
9.312859	0.002479
9.316786	0.002492
9.320713	0.002507
9.324640	0.002524
9.328567	0.002542
9.332494	0.002560
9.336421	0.002580
9.340348	0.002599
9.344275	0.002619
9.348202	0.002638
9.352129	0.002657
9.356056	0.002675
9.359983	0.002692
9.363910	0.002708
9.367837	0.002725
9.371764	0.002742
9.375691	0.002759
9.379618	0.002779
9.383545	0.002800
9.387472	0.002822
9.391399	0.002847
9.395326	0.002872
9.399253	0.002899
9.403180	0.002925
9.407107	0.002951
9.411033	0.002975
9.414960	0.002996
9.418887	0.003015
9.422814	0.003031
9.426741	0.003043
9.430668	0.003051
9.434595	0.003055
9.438522	0.003054
9.442449	0.003050
9.446376	0.003041
9.450303	0.003029
9.454230	0.003012
9.458157	0.002992
9.462084	0.002969
9.466011	0.002942
9.469938	0.002912
9.473865	0.002879
9.477792	0.002844
9.481719	0.002807
9.485646	0.002768
9.489573	0.002729
9.493500	0.002689
9.497427	0.002649
9.501354	0.002610
9.505281	0.002573
9.509208	0.002538
9.513135	0.002504
9.517062	0.002473
9.520989	0.002445
9.524916	0.002419
9.528843	0.002395
9.532770	0.002374
9.536697	0.002355
9.540624	0.002337
9.544551	0.002322
9.548478	0.002309
9.552405	0.002297
9.556332	0.002287
9.560259	0.002279
9.564186	0.002272
9.568113	0.002267
9.572040	0.002263
9.575967	0.002261
9.579894	0.002260
9.583821	0.002260
9.587748	0.002262
9.591675	0.002266
9.595602	0.002271
9.599529	0.002278
9.603456	0.002286
9.607383	0.002297
9.611310	0.002309
9.615237	0.002324
9.619164	0.002340
9.623091	0.002359
9.627018	0.002381
9.630945	0.002405
9.634872	0.002432
9.638799	0.002462
9.642726	0.002494
9.646653	0.002529
9.650580	0.002566
9.654507	0.002604
9.658434	0.002644
9.662361	0.002685
9.666288	0.002725
9.670215	0.002764
9.674142	0.002800
9.678069	0.002833
9.681996	0.002863
9.685923	0.002888
9.689850	0.002908
9.693777	0.002924
9.697704	0.002936
9.701631	0.002943
9.705558	0.002946
9.709485	0.002946
9.713412	0.002942
9.717339	0.002936
9.721266	0.002926
9.725193	0.002913
9.729120	0.002895
9.733047	0.002874
9.736974	0.002848
9.740901	0.002818
9.744828	0.002785
9.748755	0.002747
9.752682	0.002708
9.756609	0.002666
9.760536	0.002623
9.764463	0.002580
9.768390	0.002538
9.772317	0.002497
9.776244	0.002459
9.780171	0.002422
9.784098	0.002388
9.788025	0.002356
9.791952	0.002328
9.795879	0.002302
9.799806	0.002278
9.803733	0.002257
9.807660	0.002239
9.811587	0.002223
9.815514	0.002209
9.819441	0.002197
