-9.819441	0.002273
-9.815514	0.002274
-9.811587	0.002277
-9.807660	0.002279
-9.803733	0.002282
-9.799806	0.002286
-9.795879	0.002289
-9.791952	0.002293
-9.788025	0.002298
-9.784098	0.002302
-9.780171	0.002307
-9.776244	0.002313
-9.772317	0.002318
-9.768390	0.002325
-9.764463	0.002331
-9.760536	0.002338
-9.756609	0.002346
-9.752682	0.002354
-9.748755	0.002362
-9.744828	0.002371
-9.740901	0.002380
-9.736974	0.002389
-9.733047	0.002399
-9.729120	0.002408
-9.725193	0.002417
-9.721266	0.002425
-9.717339	0.002433
-9.713412	0.002439
-9.709485	0.002444
-9.705558	0.002448
-9.701631	0.002451
-9.697704	0.002453
-9.693777	0.002453
-9.689850	0.002453
-9.685923	0.002453
-9.681996	0.002452
-9.678069	0.002452
-9.674142	0.002451
-9.670215	0.002451
-9.666288	0.002452
-9.662361	0.002453
-9.658434	0.002454
-9.654507	0.002456
-9.650580	0.002458
-9.646653	0.002461
-9.642726	0.002465
-9.638799	0.002469
-9.634872	0.002473
-9.630945	0.002477
-9.627018	0.002482
-9.623091	0.002486
-9.619164	0.002491
-9.615237	0.002496
-9.611310	0.002500
-9.607383	0.002505
-9.603456	0.002509
-9.599529	0.002513
-9.595602	0.002517
-9.591675	0.002520
-9.587748	0.002524
-9.583821	0.002527
-9.579894	0.002531
-9.575967	0.002534
-9.572040	0.002537
-9.568113	0.002541
-9.564186	0.002544
-9.560259	0.002548
-9.556332	0.002552
-9.552405	0.002556
-9.548478	0.002560
-9.544551	0.002564
-9.540624	0.002568
-9.536697	0.002572
-9.532770	0.002575
-9.528843	0.002579
-9.524916	0.002583
-9.520989	0.002586
-9.517062	0.002589
-9.513135	0.002592
-9.509208	0.002594
-9.505281	0.002597
-9.501354	0.002599
-9.497427	0.002601
-9.493500	0.002603
-9.489573	0.002606
-9.485646	0.002608
-9.481719	0.002611
-9.477792	0.002614
-9.473865	0.002617
-9.469938	0.002621
-9.466011	0.002624
-9.462084	0.002628
-9.458157	0.002633
-9.454230	0.002637
-9.450303	0.002642
-9.446376	0.002647
-9.442449	0.002652
-9.438522	0.002657
-9.434595	0.002662
-9.430668	0.002667
-9.426741	0.002672
-9.422814	0.002677
-9.418887	0.002682
-9.414960	0.002687
-9.411033	0.002691
-9.407107	0.002696
-9.403180	0.002700
-9.399253	0.002705
-9.395326	0.002709
-9.391399	0.002713
-9.387472	0.002718
-9.383545	0.002723
-9.379618	0.002728
-9.375691	0.002733
-9.371764	0.002738
-9.367837	0.002743
-9.363910	0.002749
-9.359983	0.002755
-9.356056	0.002761
-9.352129	0.002768
-9.348202	0.002774
-9.344275	0.002781
-9.340348	0.002789
-9.336421	0.002797
-9.332494	0.002805
-9.328567	0.002813
-9.324640	0.002822
-9.320713	0.002831
-9.316786	0.002841
-9.312859	0.002851
-9.308932	0.002862
-9.305005	0.002873
-9.301078	0.002884
-9.297151	0.002896
-9.293224	0.002908
-9.289297	0.002920
-9.285370	0.002932
-9.281443	0.002944
-9.277516	0.002955
-9.273589	0.002965
-9.269662	0.002974
-9.265735	0.002982
-9.261808	0.002988
-9.257881	0.002993
-9.253954	0.002997
-9.250027	0.003000
-9.246100	0.003001
-9.242173	0.003002
-9.238246	0.003003
-9.234319	0.003003
-9.230392	0.003003
-9.226465	0.003004
-9.222538	0.003004
-9.218611	0.003005
-9.214684	0.003006
-9.210757	0.003008
-9.206830	0.003010
-9.202903	0.003013
-9.198976	0.003016
-9.195049	0.003020
-9.191122	0.003024
-9.187195	0.003028
-9.183268	0.003033
-9.179341	0.003038
-9.175414	0.003044
-9.171487	0.003049
-9.167560	0.003056
-9.163633	0.003062
-9.159706	0.003068
-9.155779	0.003074
-9.151852	0.003081
-9.147925	0.003087
-9.143998	0.003094
-9.140071	0.003100
-9.136144	0.003106
-9.132217	0.003113
-9.128290	0.003119
-9.124363	0.003126
-9.120436	0.003133
-9.116509	0.003141
-9.112582	0.003148
-9.108655	0.003157
-9.104728	0.003165
-9.100801	0.003174
-9.096874	0.003183
-9.092947	0.003193
-9.089020	0.003204
-9.085093	0.003215
-9.081166	0.003226
-9.077239	0.003239
-9.073312	0.003252
-9.069385	0.003265
-9.065458	0.003280
-9.061531	0.003295
-9.057604	0.003311
-9.053677	0.003327
-9.049750	0.003344
-9.045823	0.003362
-9.041896	0.003379
-9.037969	0.003396
-9.034042	0.003413
-9.030115	0.003428
-9.026188	0.003442
-9.022261	0.003454
-9.018334	0.003464
-9.014407	0.003472
-9.010480	0.003477
-9.006553	0.003480
-9.002626	0.003482
-8.998699	0.003482
-8.994772	0.003481
-8.990845	0.003480
-8.986918	0.003478
-8.982991	0.003476
-8.979065	0.003475
-8.975138	0.003474
-8.971211	0.003473
-8.967284	0.003473
-8.963357	0.003473
-8.959430	0.003474
-8.955503	0.003476
-8.951576	0.003478
-8.947649	0.003481
-8.943722	0.003484
-8.939795	0.003487
-8.935868	0.003492
-8.931941	0.003496
-8.928014	0.003501
-8.924087	0.003507
-8.920160	0.003513
-8.916233	0.003520
-8.912306	0.003527
-8.908379	0.003535
-8.904452	0.003543
-8.900525	0.003552
-8.896598	0.003561
-8.892671	0.003571
-8.888744	0.003582
-8.884817	0.003593
-8.880890	0.003604
-8.876963	0.003616
-8.873036	0.003629
-8.869109	0.003643
-8.865182	0.003657
-8.861255	0.003672
-8.857328	0.003688
-8.853401	0.003704
-8.849474	0.003720
-8.845547	0.003737
-8.841620	0.003755
-8.837693	0.003771
-8.833766	0.003788
-8.829839	0.003803
-8.825912	0.003817
-8.821985	0.003830
-8.818058	0.003840
-8.814131	0.003848
-8.810204	0.003854
-8.806277	0.003858
-8.802350	0.003861
-8.798423	0.003862
-8.794496	0.003863
-8.790569	0.003863
-8.786642	0.003863
-8.782715	0.003863
-8.778788	0.003864
-8.774861	0.003865
-8.770934	0.003866
-8.767007	0.003868
-8.763080	0.003871
-8.759153	0.003875
-8.755226	0.003879
-8.751299	0.003883
-8.747372	0.003889
-8.743445	0.003894
-8.739518	0.003901
-8.735591	0.003907
-8.731664	0.003915
-8.727737	0.003922
-8.723810	0.003930
-8.719883	0.003938
-8.715956	0.003947
-8.712029	0.003956
-8.708102	0.003965
-8.704175	0.003975
-8.700248	0.003985
-8.696321	0.003995
-8.692394	0.004005
-8.688467	0.004016
-8.684540	0.004027
-8.680613	0.004039
-8.676686	0.004050
-8.672759	0.004063
-8.668832	0.004075
-8.664905	0.004088
-8.660978	0.004101
-8.657051	0.004114
-8.653124	0.004127
-8.649197	0.004141
-8.645270	0.004154
-8.641343	0.004168
-8.637416	0.004180
-8.633489	0.004193
-8.629562	0.004205
-8.625635	0.004216
-8.621708	0.004226
-8.617781	0.004236
-8.613854	0.004245
-8.609927	0.004253
-8.606000	0.004261
-8.602073	0.004268
-8.598146	0.004275
-8.594219	0.004283
-8.590292	0.004290
-8.586365	0.004298
-8.582438	0.004305
-8.578511	0.004313
-8.574584	0.004322
-8.570657	0.004331
-8.566730	0.004340
-8.562803	0.004349
-8.558876	0.004359
-8.554949	0.004369
-8.551023	0.004379
-8.547096	0.004389
-8.543169	0.004400
-8.539242	0.004411
-8.535315	0.004422
-8.531388	0.004433
-8.527461	0.004445
-8.523534	0.004456
-8.519607	0.004468
-8.515680	0.004481
-8.511753	0.004493
-8.507826	0.004505
-8.503899	0.004518
-8.499972	0.004531
-8.496045	0.004544
-8.492118	0.004557
-8.488191	0.004570
-8.484264	0.004584
-8.480337	0.004597
-8.476410	0.004611
-8.472483	0.004625
-8.468556	0.004639
-8.464629	0.004654
-8.460702	0.004669
-8.456775	0.004683
-8.452848	0.004698
-8.448921	0.004714
-8.444994	0.004729
-8.441067	0.004745
-8.437140	0.004761
-8.433213	0.004777
-8.429286	0.004793
-8.425359	0.004809
-8.421432	0.004825
-8.417505	0.004841
-8.413578	0.004856
-8.409651	0.004872
-8.405724	0.004887
-8.401797	0.004901
-8.397870	0.004915
-8.393943	0.004929
-8.390016	0.004942
-8.386089	0.004956
-8.382162	0.004969
-8.378235	0.004982
-8.374308	0.004995
-8.370381	0.005008
-8.366454	0.005021
-8.362527	0.005035
-8.358600	0.005048
-8.354673	0.005062
-8.350746	0.005076
-8.346819	0.005091
-8.342892	0.005105
-8.338965	0.005120
-8.335038	0.005135
-8.331111	0.005151
-8.327184	0.005166
-8.323257	0.005182
-8.319330	0.005198
-8.315403	0.005213
-8.311476	0.005230
-8.307549	0.005246
-8.303622	0.005262
-8.299695	0.005279
-8.295768	0.005296
-8.291841	0.005313
-8.287914	0.005330
-8.283987	0.005347
-8.280060	0.005365
-8.276133	0.005382
-8.272206	0.005400
-8.268279	0.005417
-8.264352	0.005435
-8.260425	0.005453
-8.256498	0.005472
-8.252571	0.005490
-8.248644	0.005508
-8.244717	0.005527
-8.240790	0.005546
-8.236863	0.005564
-8.232936	0.005583
-8.229009	0.005602
-8.225082	0.005622
-8.221155	0.005641
-8.217228	0.005661
-8.213301	0.005680
-8.209374	0.005700
-8.205447	0.005720
-8.201520	0.005740
-8.197593	0.005760
-8.193666	0.005781
-8.189739	0.005801
-8.185812	0.005822
-8.181885	0.005842
-8.177958	0.005863
-8.174031	0.005884
-8.170104	0.005906
-8.166177	0.005927
-8.162250	0.005948
-8.158323	0.005970
-8.154396	0.005992
-8.150469	0.006014
-8.146542	0.006036
-8.142615	0.006058
-8.138688	0.006081
-8.134761	0.006103
-8.130834	0.006126
-8.126907	0.006149
-8.122981	0.006172
-8.119054	0.006195
-8.115127	0.006219
-8.111200	0.006242
-8.107273	0.006266
-8.103346	0.006290
-8.099419	0.006314
-8.095492	0.006338
-8.091565	0.006363
-8.087638	0.006388
-8.083711	0.006412
-8.079784	0.006437
-8.075857	0.006463
-8.071930	0.006488
-8.068003	0.006514
-8.064076	0.006539
-8.060149	0.006565
-8.056222	0.006591
-8.052295	0.006618
-8.048368	0.006644
-8.044441	0.006671
-8.040514	0.006698
-8.036587	0.006725
-8.032660	0.006753
-8.028733	0.006780
-8.024806	0.006808
-8.020879	0.006836
-8.016952	0.006865
-8.013025	0.006893
-8.009098	0.006922
-8.005171	0.006951
-8.001244	0.006980
-7.997317	0.007009
-7.993390	0.007039
-7.989463	0.007069
-7.985536	0.007099
-7.981609	0.007130
-7.977682	0.007160
-7.973755	0.007191
-7.969828	0.007222
-7.965901	0.007254
-7.961974	0.007286
-7.958047	0.007318
-7.954120	0.007350
-7.950193	0.007382
-7.946266	0.007415
-7.942339	0.007448
-7.938412	0.007482
-7.934485	0.007515
-7.930558	0.007549
-7.926631	0.007584
-7.922704	0.007618
-7.918777	0.007653
-7.914850	0.007688
-7.910923	0.007724
-7.906996	0.007759
-7.903069	0.007796
-7.899142	0.007832
-7.895215	0.007869
-7.891288	0.007906
-7.887361	0.007944
-7.883434	0.007981
-7.879507	0.008020
-7.875580	0.008058
-7.871653	0.008097
-7.867726	0.008136
-7.863799	0.008176
-7.859872	0.008216
-7.855945	0.008257
-7.852018	0.008297
-7.848091	0.008339
-7.844164	0.008380
-7.840237	0.008422
-7.836310	0.008465
-7.832383	0.008508
-7.828456	0.008551
-7.824529	0.008595
-7.820602	0.008639
-7.816675	0.008684
-7.812748	0.008729
-7.808821	0.008775
-7.804894	0.008821
-7.800967	0.008868
-7.797040	0.008915
-7.793113	0.008962
-7.789186	0.009011
-7.785259	0.009059
-7.781332	0.009109
-7.777405	0.009158
-7.773478	0.009209
-7.769551	0.009260
-7.765624	0.009311
-7.761697	0.009363
-7.757770	0.009416
-7.753843	0.009470
-7.749916	0.009524
-7.745989	0.009578
-7.742062	0.009634
-7.738135	0.009690
-7.734208	0.009747
-7.730281	0.009804
-7.726354	0.009862
-7.722427	0.009922
-7.718500	0.009981
-7.714573	0.010042
-7.710646	0.010104
-7.706719	0.010166
-7.702792	0.010229
-7.698865	0.010294
-7.694939	0.010359
-7.691012	0.010425
-7.687085	0.010493
-7.683158	0.010561
-7.679231	0.010630
-7.675304	0.010701
-7.671377	0.010772
-7.667450	0.010845
-7.663523	0.010919
-7.659596	0.010993
-7.655669	0.011069
-7.651742	0.011145
-7.647815	0.011222
-7.643888	0.011300
-7.639961	0.011378
-7.636034	0.011457
-7.632107	0.011537
-7.628180	0.011617
-7.624253	0.011698
-7.620326	0.011779
-7.616399	0.011861
-7.612472	0.011945
-7.608545	0.012029
-7.604618	0.012115
-7.600691	0.012203
-7.596764	0.012292
-7.592837	0.012383
-7.588910	0.012476
-7.584983	0.012571
-7.581056	0.012668
-7.577129	0.012767
-7.573202	0.012869
-7.569275	0.012973
-7.565348	0.013080
-7.561421	0.013189
-7.557494	0.013302
-7.553567	0.013417
-7.549640	0.013535
-7.545713	0.013657
-7.541786	0.013782
-7.537859	0.013911
-7.533932	0.014044
-7.530005	0.014181
-7.526078	0.014322
-7.522151	0.014468
-7.518224	0.014618
-7.514297	0.014773
-7.510370	0.014934
-7.506443	0.015099
-7.502516	0.015270
-7.498589	0.015445
-7.494662	0.015624
-7.490735	0.015806
-7.486808	0.015990
-7.482881	0.016175
-7.478954	0.016358
-7.475027	0.016539
-7.471100	0.016716
-7.467173	0.016886
-7.463246	0.017049
-7.459319	0.017205
-7.455392	0.017354
-7.451465	0.017498
-7.447538	0.017636
-7.443611	0.017773
-7.439684	0.017908
-7.435757	0.018045
-7.431830	0.018185
-7.427903	0.018329
-7.423976	0.018480
-7.420049	0.018636
-7.416122	0.018801
-7.412195	0.018973
-7.408268	0.019153
-7.404341	0.019342
-7.400414	0.019539
-7.396487	0.019745
-7.392560	0.019959
-7.388633	0.020183
-7.384706	0.020415
-7.380779	0.020657
-7.376852	0.020908
-7.372925	0.021168
-7.368998	0.021439
-7.365071	0.021719
-7.361144	0.022010
-7.357217	0.022311
-7.353290	0.022623
-7.349363	0.022947
-7.345436	0.023283
-7.341509	0.023632
-7.337582	0.023994
-7.333655	0.024369
-7.329728	0.024759
-7.325801	0.025165
-7.321874	0.025586
-7.317947	0.026024
-7.314020	0.026481
-7.310093	0.026956
-7.306166	0.027452
-7.302239	0.027969
-7.298312	0.028509
-7.294385	0.029074
-7.290458	0.029665
-7.286531	0.030283
-7.282604	0.030931
-7.278677	0.031612
-7.274750	0.032326
-7.270823	0.033078
-7.266897	0.033869
-7.262970	0.034703
-7.259043	0.035584
-7.255116	0.036514
-7.251189	0.037499
-7.247262	0.038543
-7.243335	0.039651
-7.239408	0.040829
-7.235481	0.042083
-7.231554	0.043420
-7.227627	0.044848
-7.223700	0.046377
-7.219773	0.048014
-7.215846	0.049773
-7.211919	0.051664
-7.207992	0.053701
-7.204065	0.055900
-7.200138	0.058276
-7.196211	0.060850
-7.192284	0.063642
-7.188357	0.066674
-7.184430	0.069972
-7.180503	0.073564
-7.176576	0.077478
-7.172649	0.081746
-7.168722	0.086400
-7.164795	0.091471
-7.160868	0.096990
-7.156941	0.102983
-7.153014	0.109465
-7.149087	0.116440
-7.145160	0.123892
-7.141233	0.131777
-7.137306	0.140011
-7.133379	0.148466
-7.129452	0.156956
-7.125525	0.165240
-7.121598	0.173018
-7.117671	0.179957
-7.113744	0.185710
-7.109817	0.189964
-7.105890	0.192477
-7.101963	0.193123
-7.098036	0.191909
-7.094109	0.188979
-7.090182	0.184585
-7.086255	0.179051
-7.082328	0.172725
-7.078401	0.165945
-7.074474	0.159007
-7.070547	0.152152
-7.066620	0.145563
-7.062693	0.139371
-7.058766	0.133657
-7.054839	0.128469
-7.050912	0.123824
-7.046985	0.119722
-7.043058	0.116151
-7.039131	0.113088
-7.035204	0.110508
-7.031277	0.108382
-7.027350	0.106682
-7.023423	0.105382
-7.019496	0.104457
-7.015569	0.103886
-7.011642	0.103653
-7.007715	0.103744
-7.003788	0.104154
-6.999861	0.104878
-6.995934	0.105920
-6.992007	0.107285
-6.988080	0.108982
-6.984153	0.111023
-6.980226	0.113421
-6.976299	0.116192
-6.972372	0.119352
-6.968445	0.122919
-6.964518	0.126911
-6.960591	0.131347
-6.956664	0.136248
-6.952737	0.141633
-6.948810	0.147528
-6.944883	0.153958
-6.940956	0.160959
-6.937029	0.168574
-6.933102	0.176857
-6.929175	0.185873
-6.925248	0.195698
-6.921321	0.206414
-6.917394	0.218100
-6.913467	0.230829
-6.909540	0.244650
-6.905613	0.259578
-6.901686	0.275579
-6.897759	0.292549
-6.893832	0.310296
-6.889905	0.328516
-6.885978	0.346781
-6.882051	0.364533
-6.878124	0.381097
-6.874197	0.395719
-6.870270	0.407638
-6.866343	0.416170
-6.862416	0.420805
-6.858489	0.421280
-6.854562	0.417624
-6.850635	0.410147
-6.846708	0.399390
-6.842781	0.386042
-6.838855	0.370858
-6.834928	0.354570
-6.831001	0.337837
-6.827074	0.321205
-6.823147	0.305097
-6.819220	0.289817
-6.815293	0.275566
-6.811366	0.262460
-6.807439	0.250550
-6.803512	0.239843
-6.799585	0.230313
-6.795658	0.221917
-6.791731	0.214599
-6.787804	0.208301
-6.783877	0.202964
-6.779950	0.198532
-6.776023	0.194955
-6.772096	0.192186
-6.768169	0.190188
-6.764242	0.188928
-6.760315	0.188382
-6.756388	0.188529
-6.752461	0.189360
-6.748534	0.190865
-6.744607	0.193046
-6.740680	0.195903
-6.736753	0.199444
-6.732826	0.203677
-6.728899	0.208609
-6.724972	0.214246
-6.721045	0.220588
-6.717118	0.227627
-6.713191	0.235344
-6.709264	0.243708
-6.705337	0.252675
-6.701410	0.262187
-6.697483	0.272184
-6.693556	0.282604
-6.689629	0.293395
-6.685702	0.304522
-6.681775	0.315968
-6.677848	0.327735
-6.673921	0.339840
-6.669994	0.352309
-6.666067	0.365179
-6.662140	0.378501
-6.658213	0.392343
-6.654286	0.406803
-6.650359	0.422011
-6.646432	0.438130
-6.642505	0.455353
-6.638578	0.473897
-6.634651	0.493990
-6.630724	0.515859
-6.626797	0.539709
-6.622870	0.565697
-6.618943	0.593894
-6.615016	0.624243
-6.611089	0.656506
-6.607162	0.690225
-6.603235	0.724691
-6.599308	0.758951
-6.595381	0.791866
-6.591454	0.822221
-6.587527	0.848891
-6.583600	0.871016
-6.579673	0.888151
-6.575746	0.900311
-6.571819	0.907883
-6.567892	0.911415
-6.563965	0.911362
-6.560038	0.907910
-6.556111	0.900964
-6.552184	0.890308
-6.548257	0.875822
-6.544330	0.857650
-6.540403	0.836231
-6.536476	0.812218
-6.532549	0.786344
-6.528622	0.759318
-6.524695	0.731769
-6.520768	0.704234
-6.516841	0.677179
-6.512914	0.651016
-6.508987	0.626118
-6.505060	0.602818
-6.501133	0.581411
-6.497206	0.562139
-6.493279	0.545194
-6.489352	0.530714
-6.485425	0.518782
-6.481498	0.509434
-6.477571	0.502659
-6.473644	0.498403
-6.469717	0.496572
-6.465790	0.497031
-6.461863	0.499607
-6.457936	0.504089
-6.454009	0.510243
-6.450082	0.517818
-6.446155	0.526565
-6.442228	0.536250
-6.438301	0.546652
-6.434374	0.557564
-6.430447	0.568771
-6.426520	0.580034
-6.422593	0.591077
-6.418666	0.601586
-6.414739	0.611228
-6.410813	0.619681
-6.406886	0.626665
-6.402959	0.631965
-6.399032	0.635430
-6.395105	0.636953
-6.391178	0.636447
-6.387251	0.633835
-6.383324	0.629069
-6.379397	0.622178
-6.375470	0.613329
-6.371543	0.602864
-6.367616	0.591301
-6.363689	0.579289
-6.359762	0.567533
-6.355835	0.556715
-6.351908	0.547410
-6.347981	0.540030
-6.344054	0.534793
-6.340127	0.531724
-6.336200	0.530673
-6.332273	0.531353
-6.328346	0.533400
-6.324419	0.536436
-6.320492	0.540130
-6.316565	0.544233
-6.312638	0.548579
-6.308711	0.553056
-6.304784	0.557565
-6.300857	0.561980
-6.296930	0.566125
-6.293003	0.569775
-6.289076	0.572667
-6.285149	0.574528
-6.281222	0.575102
-6.277295	0.574175
-6.273368	0.571605
-6.269441	0.567343
-6.265514	0.561451
-6.261587	0.554098
-6.257660	0.545542
-6.253733	0.536090
-6.249806	0.526053
-6.245879	0.515703
-6.241952	0.505250
-6.238025	0.494834
-6.234098	0.484534
-6.230171	0.474380
-6.226244	0.464370
-6.222317	0.454475
-6.218390	0.444644
-6.214463	0.434804
-6.210536	0.424865
-6.206609	0.414736
-6.202682	0.404341
-6.198755	0.393636
-6.194828	0.382624
-6.190901	0.371355
-6.186974	0.359925
-6.183047	0.348464
-6.179120	0.337124
-6.175193	0.326070
-6.171266	0.315463
-6.167339	0.305450
-6.163412	0.296158
-6.159485	0.287687
-6.155558	0.280110
-6.151631	0.273476
-6.147704	0.267810
-6.143777	0.263118
-6.139850	0.259391
-6.135923	0.256611
-6.131996	0.254747
-6.128069	0.253761
-6.124142	0.253607
-6.120215	0.254232
-6.116288	0.255575
-6.112361	0.257576
-6.108434	0.260174
-6.104507	0.263319
-6.100580	0.266977
-6.096653	0.271134
-6.092726	0.275803
-6.088799	0.281020
-6.084872	0.286837
-6.080945	0.293314
-6.077018	0.300510
-6.073091	0.308465
-6.069164	0.317198
-6.065237	0.326692
-6.061310	0.336894
-6.057383	0.347713
-6.053456	0.359027
-6.049529	0.370688
-6.045602	0.382530
-6.041675	0.394374
-6.037748	0.406039
-6.033821	0.417348
-6.029894	0.428140
-6.025967	0.438285
-6.022040	0.447706
-6.018113	0.456400
-6.014186	0.464451
-6.010259	0.472040
-6.006332	0.479437
-6.002405	0.486974
-5.998478	0.495004
-5.994551	0.503841
-5.990624	0.513704
-5.986698	0.524667
-5.982771	0.536646
-5.978844	0.549412
-5.974917	0.562637
-5.970990	0.575947
-5.967063	0.588978
-5.963136	0.601423
-5.959209	0.613060
-5.955282	0.623764
-5.951355	0.633510
-5.947428	0.642343
-5.943501	0.650350
-5.939574	0.657606
-5.935647	0.664117
-5.931720	0.669771
-5.927793	0.674303
-5.923866	0.677302
-5.919939	0.678274
-5.916012	0.676739
-5.912085	0.672338
-5.908158	0.664916
-5.904231	0.654533
-5.900304	0.641425
-5.896377	0.625927
-5.892450	0.608409
-5.888523	0.589244
-5.884596	0.568841
-5.880669	0.547678
-5.876742	0.526309
-5.872815	0.505297
-5.868888	0.485122
-5.864961	0.466099
-5.861034	0.448359
-5.857107	0.431874
-5.853180	0.416507
-5.849253	0.402064
-5.845326	0.388354
-5.841399	0.375219
-5.837472	0.362572
-5.833545	0.350405
-5.829618	0.338792
-5.825691	0.327859
-5.821764	0.317754
-5.817837	0.308606
-5.813910	0.300497
-5.809983	0.293452
-5.806056	0.287443
-5.802129	0.282416
-5.798202	0.278316
-5.794275	0.275117
-5.790348	0.272828
-5.786421	0.271497
-5.782494	0.271201
-5.778567	0.272023
-5.774640	0.274039
-5.770713	0.277295
-5.766786	0.281794
-5.762859	0.287491
-5.758932	0.294299
-5.755005	0.302102
-5.751078	0.310773
-5.747151	0.320190
-5.743224	0.330236
-5.739297	0.340786
-5.735370	0.351685
-5.731443	0.362718
-5.727516	0.373593
-5.723589	0.383929
-5.719662	0.393275
-5.715735	0.401130
-5.711808	0.406993
-5.707881	0.410420
-5.703954	0.411086
-5.700027	0.408859
-5.696100	0.403856
-5.692173	0.396459
-5.688246	0.387290
-5.684319	0.377121
-5.680392	0.366741
-5.676465	0.356814
-5.672538	0.347757
-5.668611	0.339671
-5.664684	0.332354
-5.660757	0.325381
-5.656830	0.318244
-5.652903	0.310511
-5.648976	0.301952
-5.645049	0.292616
-5.641122	0.282834
-5.637195	0.273143
-5.633268	0.264172
-5.629341	0.256508
-5.625414	0.250596
-5.621487	0.246686
-5.617560	0.244842
-5.613633	0.245007
-5.609706	0.247079
-5.605779	0.250966
-5.601852	0.256590
-5.597925	0.263833
-5.593998	0.272463
-5.590071	0.282089
-5.586144	0.292195
-5.582217	0.302237
-5.578290	0.311784
-5.574363	0.320644
-5.570436	0.328942
-5.566509	0.337149
-5.562582	0.346089
-5.558656	0.356934
-5.554729	0.371238
-5.550802	0.390989
-5.546875	0.418615
-5.542948	0.456729
-5.539021	0.507011
-5.535094	0.567464
-5.531167	0.629105
-5.527240	0.677962
-5.523313	0.705168
-5.519386	0.712674
-5.515459	0.707699
-5.511532	0.696421
-5.507605	0.682450
-5.503678	0.667615
-5.499751	0.652870
-5.495824	0.638784
-5.491897	0.625729
-5.487970	0.613931
-5.484043	0.603482
-5.480116	0.594377
-5.476189	0.586579
-5.472262	0.580091
-5.468335	0.575017
-5.464408	0.571545
-5.460481	0.569861
-5.456554	0.569998
-5.452627	0.571706
-5.448700	0.574432
-5.444773	0.577414
-5.440846	0.579875
-5.436919	0.581212
-5.432992	0.581096
-5.429065	0.579469
-5.425138	0.576452
-5.421211	0.572243
-5.417284	0.567025
-5.413357	0.560914
-5.409430	0.553945
-5.405503	0.546075
-5.401576	0.537209
-5.397649	0.527230
-5.393722	0.516049
-5.389795	0.503651
-5.385868	0.490129
-5.381941	0.475701
-5.378014	0.460689
-5.374087	0.445475
-5.370160	0.430451
-5.366233	0.415979
-5.362306	0.402363
-5.358379	0.389842
-5.354452	0.378591
-5.350525	0.368732
-5.346598	0.360346
-5.342671	0.353480
-5.338744	0.348161
-5.334817	0.344398
-5.330890	0.342187
-5.326963	0.341503
-5.323036	0.342306
-5.319109	0.344529
-5.315182	0.348078
-5.311255	0.352825
-5.307328	0.358601
-5.303401	0.365190
-5.299474	0.372315
-5.295547	0.379633
-5.291620	0.386726
-5.287693	0.393106
-5.283766	0.398239
-5.279839	0.401597
-5.275912	0.402724
-5.271985	0.401308
-5.268058	0.397238
-5.264131	0.390623
-5.260204	0.381765
-5.256277	0.371110
-5.252350	0.359174
-5.248423	0.346482
-5.244496	0.333512
-5.240569	0.320671
-5.236642	0.308280
-5.232715	0.296573
-5.228788	0.285712
-5.224861	0.275796
-5.220934	0.266875
-5.217007	0.258969
-5.213080	0.252073
-5.209153	0.246171
-5.205226	0.241242
-5.201299	0.237262
-5.197372	0.234211
-5.193445	0.232071
-5.189518	0.230829
-5.185591	0.230475
-5.181664	0.231009
-5.177737	0.232433
-5.173810	0.234760
-5.169883	0.238007
-5.165956	0.242200
-5.162029	0.247372
-5.158102	0.253560
-5.154175	0.260805
-5.150248	0.269151
-5.146321	0.278637
-5.142394	0.289295
-5.138467	0.301141
-5.134540	0.314165
-5.130614	0.328320
-5.126687	0.343509
-5.122760	0.359564
-5.118833	0.376236
-5.114906	0.393184
-5.110979	0.409973
-5.107052	0.426087
-5.103125	0.440960
-5.099198	0.454021
-5.095271	0.464752
-5.091344	0.472734
-5.087417	0.477701
-5.083490	0.479555
-5.079563	0.478382
-5.075636	0.474426
-5.071709	0.468071
-5.067782	0.459794
-5.063855	0.450129
-5.059928	0.439620
-5.056001	0.428790
-5.052074	0.418109
-5.048147	0.407983
-5.044220	0.398740
-5.040293	0.390636
-5.036366	0.383863
-5.032439	0.378557
-5.028512	0.374819
-5.024585	0.372720
-5.020658	0.372319
-5.016731	0.373667
-5.012804	0.376813
-5.008877	0.381805
-5.004950	0.388689
-5.001023	0.397511
-4.997096	0.408303
-4.993169	0.421082
-4.989242	0.435837
-4.985315	0.452517
-4.981388	0.471011
-4.977461	0.491137
-4.973534	0.512621
-4.969607	0.535093
-4.965680	0.558080
-4.961753	0.581029
-4.957826	0.603336
-4.953899	0.624393
-4.949972	0.643645
-4.946045	0.660645
-4.942118	0.675088
-4.938191	0.686833
-4.934264	0.695894
-4.930337	0.702414
-4.926410	0.706631
-4.922483	0.708840
-4.918556	0.709359
-4.914629	0.708505
-4.910702	0.706573
-4.906775	0.703825
-4.902848	0.700489
-4.898921	0.696749
-4.894994	0.692755
-4.891067	0.688616
-4.887140	0.684409
-4.883213	0.680176
-4.879286	0.675936
-4.875359	0.671680
-4.871432	0.667384
-4.867505	0.663007
-4.863578	0.658506
-4.859651	0.653836
-4.855724	0.648965
-4.851797	0.643887
-4.847870	0.638631
-4.843943	0.633281
-4.840016	0.627983
-4.836089	0.622941
-4.832162	0.618401
-4.828235	0.614607
-4.824308	0.611760
-4.820381	0.609972
-4.816454	0.609243
-4.812527	0.609459
-4.808600	0.610419
-4.804673	0.611875
-4.800746	0.613578
-4.796819	0.615315
-4.792892	0.616932
-4.788965	0.618332
-4.785038	0.619476
-4.781111	0.620356
-4.777184	0.620982
-4.773257	0.621361
-4.769330	0.621490
-4.765403	0.621341
-4.761476	0.620862
-4.757549	0.619971
-4.753622	0.618561
-4.749695	0.616497
-4.745768	0.613623
-4.741841	0.609762
-4.737914	0.604728
-4.733987	0.598339
-4.730060	0.590431
-4.726133	0.580887
-4.722206	0.569657
-4.718279	0.556783
-4.714352	0.542409
-4.710425	0.526789
-4.706498	0.510263
-4.702572	0.493229
-4.698645	0.476107
-4.694718	0.459299
-4.690791	0.443161
-4.686864	0.427980
-4.682937	0.413976
-4.679010	0.401297
-4.675083	0.390037
-4.671156	0.380250
-4.667229	0.371958
-4.663302	0.365173
-4.659375	0.359895
-4.655448	0.356125
-4.651521	0.353860
-4.647594	0.353100
-4.643667	0.353836
-4.639740	0.356056
-4.635813	0.359736
-4.631886	0.364837
-4.627959	0.371303
-4.624032	0.379061
-4.620105	0.388014
-4.616178	0.398049
-4.612251	0.409040
-4.608324	0.420845
-4.604397	0.433315
-4.600470	0.446286
-4.596543	0.459569
-4.592616	0.472944
-4.588689	0.486146
-4.584762	0.498860
-4.580835	0.510732
-4.576908	0.521379
-4.572981	0.530417
-4.569054	0.537479
-4.565127	0.542240
-4.561200	0.544437
-4.557273	0.543895
-4.553346	0.540551
-4.549419	0.534478
-4.545492	0.525905
-4.541565	0.515205
-4.537638	0.502877
-4.533711	0.489504
-4.529784	0.475694
-4.525857	0.462033
-4.521930	0.449035
-4.518003	0.437114
-4.514076	0.426573
-4.510149	0.417603
-4.506222	0.410298
-4.502295	0.404674
-4.498368	0.400692
-4.494441	0.398274
-4.490514	0.397322
-4.486587	0.397733
-4.482660	0.399413
-4.478733	0.402283
-4.474806	0.406289
-4.470879	0.411412
-4.466952	0.417665
-4.463025	0.425091
-4.459098	0.433752
-4.455171	0.443716
-4.451244	0.455041
-4.447317	0.467763
-4.443390	0.481886
-4.439463	0.497388
-4.435536	0.514226
-4.431609	0.532355
-4.427682	0.551737
-4.423755	0.572350
-4.419828	0.594189
-4.415901	0.617247
-4.411974	0.641488
-4.408047	0.666815
-4.404120	0.693037
-4.400193	0.719825
-4.396266	0.746676
-4.392339	0.772862
-4.388412	0.797399
-4.384485	0.819047
-4.380558	0.836389
-4.376631	0.848007
-4.372704	0.852724
-4.368777	0.849847
-4.364850	0.839314
-4.360923	0.821697
-4.356996	0.798072
-4.353069	0.769810
-4.349142	0.738367
-4.345215	0.705125
-4.341288	0.671287
-4.337361	0.637835
-4.333434	0.605524
-4.329507	0.574899
-4.325580	0.546324
-4.321653	0.520015
-4.317726	0.496074
-4.313799	0.474520
-4.309872	0.455314
-4.305945	0.438379
-4.302018	0.423616
-4.298091	0.410911
-4.294164	0.400149
-4.290237	0.391210
-4.286310	0.383975
-4.282383	0.378325
-4.278456	0.374140
-4.274530	0.371303
-4.270603	0.369695
-4.266676	0.369203
-4.262749	0.369720
-4.258822	0.371150
-4.254895	0.373420
-4.250968	0.376481
-4.247041	0.380316
-4.243114	0.384945
-4.239187	0.390422
-4.235260	0.396834
-4.231333	0.404294
-4.227406	0.412934
-4.223479	0.422900
-4.219552	0.434343
-4.215625	0.447418
-4.211698	0.462283
-4.207771	0.479099
-4.203844	0.498029
-4.199917	0.519236
-4.195990	0.542879
-4.192063	0.569100
-4.188136	0.598009
-4.184209	0.629660
-4.180282	0.664024
-4.176355	0.700958
-4.172428	0.740167
-4.168501	0.781180
-4.164574	0.823331
-4.160647	0.865761
-4.156720	0.907447
-4.152793	0.947254
-4.148866	0.984020
-4.144939	1.016636
-4.141012	1.044125
-4.137085	1.065691
-4.133158	1.080742
-4.129231	1.088878
-4.125304	1.089882
-4.121377	1.083707
-4.117450	1.070480
-4.113523	1.050529
-4.109596	1.024409
-4.105669	0.992910
-4.101742	0.957040
-4.097815	0.917964
-4.093888	0.876912
-4.089961	0.835083
-4.086034	0.793554
-4.082107	0.753223
-4.078180	0.714778
-4.074253	0.678701
-4.070326	0.645290
-4.066399	0.614691
-4.062472	0.586935
-4.058545	0.561978
-4.054618	0.539728
-4.050691	0.520068
-4.046764	0.502880
-4.042837	0.488050
-4.038910	0.475479
-4.034983	0.465079
-4.031056	0.456775
-4.027129	0.450502
-4.023202	0.446202
-4.019275	0.443821
-4.015348	0.443307
-4.011421	0.444606
-4.007494	0.447658
-4.003567	0.452403
-3.999640	0.458772
-3.995713	0.466696
-3.991786	0.476102
-3.987859	0.486918
-3.983932	0.499064
-3.980005	0.512440
-3.976078	0.526909
-3.972151	0.542270
-3.968224	0.558246
-3.964297	0.574479
-3.960370	0.590554
-3.956443	0.606057
-3.952516	0.620650
-3.948589	0.634148
-3.944662	0.646565
-3.940735	0.658101
-3.936808	0.669062
-3.932881	0.679741
-3.928954	0.690296
-3.925027	0.700683
-3.921100	0.710646
-3.917173	0.719758
-3.913246	0.727488
-3.909319	0.733236
-3.905392	0.736362
-3.901465	0.736210
-3.897538	0.732180
-3.893611	0.723873
-3.889684	0.711256
-3.885757	0.694774
-3.881830	0.675306
-3.877903	0.653988
-3.873976	0.631967
-3.870049	0.610211
-3.866122	0.589441
-3.862195	0.570157
-3.858268	0.552698
-3.854341	0.537272
-3.850414	0.523967
-3.846488	0.512734
-3.842561	0.503405
-3.838634	0.495729
-3.834707	0.489430
-3.830780	0.484275
-3.826853	0.480113
-3.822926	0.476900
-3.818999	0.474689
-3.815072	0.473605
-3.811145	0.473817
-3.807218	0.475500
-3.803291	0.478810
-3.799364	0.483870
-3.795437	0.490768
-3.791510	0.499572
-3.787583	0.510348
-3.783656	0.523173
-3.779729	0.538125
-3.775802	0.555230
-3.771875	0.574369
-3.767948	0.595181
-3.764021	0.616992
-3.760094	0.638853
-3.756167	0.659688
-3.752240	0.678527
-3.748313	0.694709
-3.744386	0.707955
-3.740459	0.718279
-3.736532	0.725809
-3.732605	0.730613
-3.728678	0.732620
-3.724751	0.731646
-3.720824	0.727488
-3.716897	0.720043
-3.712970	0.709428
-3.709043	0.696043
-3.705116	0.680573
-3.701189	0.663914
-3.697262	0.647050
-3.693335	0.630919
-3.689408	0.616308
-3.685481	0.603799
-3.681554	0.593754
-3.677627	0.586336
-3.673700	0.581540
-3.669773	0.579242
-3.665846	0.579229
-3.661919	0.581243
-3.657992	0.585014
-3.654065	0.590298
-3.650138	0.596906
-3.646211	0.604736
-3.642284	0.613792
-3.638357	0.624186
-3.634430	0.636128
-3.630503	0.649904
-3.626576	0.665842
-3.622649	0.684284
-3.618722	0.705553
-3.614795	0.729936
-3.610868	0.757658
-3.606941	0.788867
-3.603014	0.823609
-3.599087	0.861804
-3.595160	0.903221
-3.591233	0.947442
-3.587306	0.993851
-3.583379	1.041622
-3.579452	1.089745
-3.575525	1.137074
-3.571598	1.182415
-3.567671	1.224625
-3.563744	1.262717
-3.559817	1.295945
-3.555890	1.323847
-3.551963	1.346246
-3.548036	1.363210
-3.544109	1.375000
-3.540182	1.381995
-3.536255	1.384633
-3.532328	1.383363
-3.528401	1.378603
-3.524474	1.370715
-3.520547	1.359991
-3.516620	1.346643
-3.512693	1.330816
-3.508766	1.312612
-3.504839	1.292128
-3.500912	1.269504
-3.496985	1.244970
-3.493058	1.218886
-3.489131	1.191752
-3.485204	1.164192
-3.481277	1.136903
-3.477350	1.110586
-3.473423	1.085855
-3.469496	1.063165
-3.465569	1.042751
-3.461642	1.024586
-3.457715	1.008384
-3.453788	0.993618
-3.449861	0.979587
-3.445934	0.965492
-3.442007	0.950551
-3.438080	0.934109
-3.434153	0.915732
-3.430226	0.895271
-3.426299	0.872870
-3.422372	0.848932
-3.418446	0.824042
-3.414519	0.798875
-3.410592	0.774113
-3.406665	0.750377
-3.402738	0.728189
-3.398811	0.707954
-3.394884	0.689964
-3.390957	0.674417
-3.387030	0.661431
-3.383103	0.651073
-3.379176	0.643371
-3.375249	0.638335
-3.371322	0.635969
-3.367395	0.636279
-3.363468	0.639284
-3.359541	0.645018
-3.355614	0.653537
-3.351687	0.664916
-3.347760	0.679259
-3.343833	0.696691
-3.339906	0.717362
-3.335979	0.741444
-3.332052	0.769126
-3.328125	0.800605
-3.324198	0.836080
-3.320271	0.875731
-3.316344	0.919697
-3.312417	0.968051
-3.308490	1.020755
-3.304563	1.077622
-3.300636	1.138259
-3.296709	1.202026
-3.292782	1.267995
-3.288855	1.334938
-3.284928	1.401355
-3.281001	1.465543
-3.277074	1.525711
-3.273147	1.580135
-3.269220	1.627314
-3.265293	1.666110
-3.261366	1.695844
-3.257439	1.716347
-3.253512	1.727953
-3.249585	1.731458
-3.245658	1.728043
-3.241731	1.719167
-3.237804	1.706426
-3.233877	1.691401
-3.229950	1.675492
-3.226023	1.659771
-3.222096	1.644877
-3.218169	1.630974
-3.214242	1.617777
-3.210315	1.604654
-3.206388	1.590786
-3.202461	1.575350
-3.198534	1.557690
-3.194607	1.537446
-3.190680	1.514591
-3.186753	1.489404
-3.182826	1.462379
-3.178899	1.434118
-3.174972	1.405235
-3.171045	1.376291
-3.167118	1.347756
-3.163191	1.320003
-3.159264	1.293315
-3.155337	1.267892
-3.151410	1.243869
-3.147483	1.221324
-3.143556	1.200295
-3.139629	1.180782
-3.135702	1.162762
-3.131775	1.146194
-3.127848	1.131022
-3.123921	1.117186
-3.119994	1.104619
-3.116067	1.093257
-3.112140	1.083035
-3.108213	1.073892
-3.104286	1.065771
-3.100359	1.058622
-3.096432	1.052396
-3.092505	1.047053
-3.088578	1.042558
-3.084651	1.038878
-3.080724	1.035988
-3.076797	1.033868
-3.072870	1.032500
-3.068943	1.031874
-3.065016	1.031979
-3.061089	1.032812
-3.057162	1.034371
-3.053235	1.036657
-3.049308	1.039674
-3.045381	1.043425
-3.041454	1.047917
-3.037527	1.053152
-3.033600	1.059134
-3.029673	1.065862
-3.025746	1.073327
-3.021819	1.081517
-3.017892	1.090407
-3.013965	1.099961
-3.010038	1.110133
-3.006111	1.120863
-3.002184	1.132083
-2.998257	1.143721
-2.994330	1.155714
-2.990404	1.168017
-2.986477	1.180621
-2.982550	1.193561
-2.978623	1.206920
-2.974696	1.220812
-2.970769	1.235345
-2.966842	1.250563
-2.962915	1.266368
-2.958988	1.282453
-2.955061	1.298250
-2.951134	1.312929
-2.947207	1.325447
-2.943280	1.334652
-2.939353	1.339421
-2.935426	1.338801
-2.931499	1.332126
-2.927572	1.319072
-2.923645	1.299663
-2.919718	1.274236
-2.915791	1.243378
-2.911864	1.207864
-2.907937	1.168607
-2.904010	1.126612
-2.900083	1.082929
-2.896156	1.038603
-2.892229	0.994630
-2.888302	0.951900
-2.884375	0.911172
-2.880448	0.873046
-2.876521	0.837967
-2.872594	0.806237
-2.868667	0.778037
-2.864740	0.753452
-2.860813	0.732499
-2.856886	0.715145
-2.852959	0.701329
-2.849032	0.690970
-2.845105	0.683975
-2.841178	0.680241
-2.837251	0.679651
-2.833324	0.682065
-2.829397	0.687312
-2.825470	0.695180
-2.821543	0.705396
-2.817616	0.717629
-2.813689	0.731483
-2.809762	0.746506
-2.805835	0.762218
-2.801908	0.778135
-2.797981	0.793815
-2.794054	0.808881
-2.790127	0.823056
-2.786200	0.836168
-2.782273	0.848146
-2.778346	0.859004
-2.774419	0.868822
-2.770492	0.877720
-2.766565	0.885838
-2.762638	0.893322
-2.758711	0.900313
-2.754784	0.906940
-2.750857	0.913317
-2.746930	0.919543
-2.743003	0.925701
-2.739076	0.931863
-2.735149	0.938087
-2.731222	0.944422
-2.727295	0.950910
-2.723368	0.957584
-2.719441	0.964474
-2.715514	0.971604
-2.711587	0.978998
-2.707660	0.986672
-2.703733	0.994646
-2.699806	1.002934
-2.695879	1.011551
-2.691952	1.020510
-2.688025	1.029823
-2.684098	1.039503
-2.680171	1.049560
-2.676244	1.060004
-2.672317	1.070844
-2.668390	1.082087
-2.664463	1.093737
-2.660536	1.105797
-2.656609	1.118265
-2.652682	1.131137
-2.648755	1.144399
-2.644828	1.158033
-2.640901	1.172009
-2.636974	1.186286
-2.633047	1.200804
-2.629120	1.215488
-2.625193	1.230233
-2.621266	1.244906
-2.617339	1.259334
-2.613412	1.273298
-2.609485	1.286525
-2.605558	1.298676
-2.601631	1.309337
-2.597704	1.318015
-2.593777	1.324135
-2.589850	1.327045
-2.585923	1.326030
-2.581996	1.320353
-2.578069	1.309297
-2.574142	1.292245
-2.570215	1.268757
-2.566288	1.238658
-2.562362	1.202104
-2.558435	1.159614
-2.554508	1.112048
-2.550581	1.060538
-2.546654	1.006373
-2.542727	0.950871
-2.538800	0.895268
-2.534873	0.840625
-2.530946	0.787790
-2.527019	0.737377
-2.523092	0.689789
-2.519165	0.645245
-2.515238	0.603820
-2.511311	0.565480
-2.507384	0.530117
-2.503457	0.497576
-2.499530	0.467674
-2.495603	0.440214
-2.491676	0.415001
-2.487749	0.391842
-2.483822	0.370555
-2.479895	0.350969
-2.475968	0.332928
-2.472041	0.316288
-2.468114	0.300918
-2.464187	0.286701
-2.460260	0.273529
-2.456333	0.261307
-2.452406	0.249949
-2.448479	0.239377
-2.444552	0.229521
-2.440625	0.220320
-2.436698	0.211716
-2.432771	0.203659
-2.428844	0.196105
-2.424917	0.189010
-2.420990	0.182340
-2.417063	0.176059
-2.413136	0.170138
-2.409209	0.164550
-2.405282	0.159268
-2.401355	0.154272
-2.397428	0.149539
-2.393501	0.145051
-2.389574	0.140791
-2.385647	0.136744
-2.381720	0.132894
-2.377793	0.129229
-2.373866	0.125737
-2.369939	0.122406
-2.366012	0.119226
-2.362085	0.116188
-2.358158	0.113284
-2.354231	0.110504
-2.350304	0.107842
-2.346377	0.105291
-2.342450	0.102845
-2.338523	0.100496
-2.334596	0.098241
-2.330669	0.096074
-2.326742	0.093990
-2.322815	0.091985
-2.318888	0.090054
-2.314961	0.088195
-2.311034	0.086402
-2.307107	0.084673
-2.303180	0.083004
-2.299253	0.081393
-2.295326	0.079837
-2.291399	0.078333
-2.287472	0.076879
-2.283545	0.075472
-2.279618	0.074111
-2.275691	0.072793
-2.271764	0.071516
-2.267837	0.070279
-2.263910	0.069079
-2.259983	0.067915
-2.256056	0.066787
-2.252129	0.065691
-2.248202	0.064627
-2.244275	0.063593
-2.240348	0.062589
-2.236421	0.061613
-2.232494	0.060664
-2.228567	0.059741
-2.224640	0.058842
-2.220713	0.057968
-2.216786	0.057117
-2.212859	0.056288
-2.208932	0.055480
-2.205005	0.054693
-2.201078	0.053926
-2.197151	0.053178
-2.193224	0.052448
-2.189297	0.051736
-2.185370	0.051042
-2.181443	0.050364
-2.177516	0.049702
-2.173589	0.049056
-2.169662	0.048424
-2.165735	0.047807
-2.161808	0.047204
-2.157881	0.046615
-2.153954	0.046039
-2.150027	0.045476
-2.146100	0.044925
-2.142173	0.044385
-2.138246	0.043858
-2.134320	0.043342
-2.130393	0.042836
-2.126466	0.042341
-2.122539	0.041857
-2.118612	0.041382
-2.114685	0.040917
-2.110758	0.040461
-2.106831	0.040015
-2.102904	0.039577
-2.098977	0.039148
-2.095050	0.038727
-2.091123	0.038315
-2.087196	0.037910
-2.083269	0.037513
-2.079342	0.037123
-2.075415	0.036741
-2.071488	0.036366
-2.067561	0.035998
-2.063634	0.035636
-2.059707	0.035281
-2.055780	0.034932
-2.051853	0.034590
-2.047926	0.034254
-2.043999	0.033923
-2.040072	0.033598
-2.036145	0.033279
-2.032218	0.032966
-2.028291	0.032657
-2.024364	0.032354
-2.020437	0.032056
-2.016510	0.031763
-2.012583	0.031475
-2.008656	0.031192
-2.004729	0.030913
-2.000802	0.030639
-1.996875	0.030369
-1.992948	0.030104
-1.989021	0.029842
-1.985094	0.029585
-1.981167	0.029332
-1.977240	0.029083
-1.973313	0.028837
-1.969386	0.028596
-1.965459	0.028358
-1.961532	0.028124
-1.957605	0.027893
-1.953678	0.027665
-1.949751	0.027442
-1.945824	0.027221
-1.941897	0.027004
-1.937970	0.026789
-1.934043	0.026578
-1.930116	0.026370
-1.926189	0.026165
-1.922262	0.025963
-1.918335	0.025764
-1.914408	0.025567
-1.910481	0.025373
-1.906554	0.025182
-1.902627	0.024994
-1.898700	0.024808
-1.894773	0.024625
-1.890846	0.024444
-1.886919	0.024266
-1.882992	0.024090
-1.879065	0.023916
-1.875138	0.023745
-1.871211	0.023576
-1.867284	0.023409
-1.863357	0.023245
-1.859430	0.023082
-1.855503	0.022922
-1.851576	0.022764
-1.847649	0.022607
-1.843722	0.022453
-1.839795	0.022301
-1.835868	0.022151
-1.831941	0.022002
-1.828014	0.021855
-1.824087	0.021711
-1.820160	0.021568
-1.816233	0.021426
-1.812306	0.021287
-1.808379	0.021149
-1.804452	0.021013
-1.800525	0.020878
-1.796598	0.020745
-1.792671	0.020614
-1.788744	0.020484
-1.784817	0.020356
-1.780890	0.020229
-1.776963	0.020104
-1.773036	0.019980
-1.769109	0.019858
-1.765182	0.019737
-1.761255	0.019617
-1.757328	0.019499
-1.753401	0.019382
-1.749474	0.019267
-1.745547	0.019153
-1.741620	0.019040
-1.737693	0.018928
-1.733766	0.018818
-1.729839	0.018708
-1.725912	0.018600
-1.721985	0.018494
-1.718058	0.018388
-1.714131	0.018283
-1.710205	0.018180
-1.706278	0.018078
-1.702351	0.017977
-1.698424	0.017877
-1.694497	0.017778
-1.690570	0.017680
-1.686643	0.017583
-1.682716	0.017487
-1.678789	0.017392
-1.674862	0.017299
-1.670935	0.017206
-1.667008	0.017114
-1.663081	0.017023
-1.659154	0.016933
-1.655227	0.016844
-1.651300	0.016756
-1.647373	0.016668
-1.643446	0.016582
-1.639519	0.016496
-1.635592	0.016412
-1.631665	0.016328
-1.627738	0.016245
-1.623811	0.016163
-1.619884	0.016081
-1.615957	0.016001
-1.612030	0.015921
-1.608103	0.015842
-1.604176	0.015764
-1.600249	0.015687
-1.596322	0.015610
-1.592395	0.015534
-1.588468	0.015459
-1.584541	0.015384
-1.580614	0.015311
-1.576687	0.015238
-1.572760	0.015165
-1.568833	0.015094
-1.564906	0.015023
-1.560979	0.014952
-1.557052	0.014883
-1.553125	0.014814
-1.549198	0.014745
-1.545271	0.014678
-1.541344	0.014611
-1.537417	0.014544
-1.533490	0.014478
-1.529563	0.014413
-1.525636	0.014348
-1.521709	0.014284
-1.517782	0.014221
-1.513855	0.014158
-1.509928	0.014096
-1.506001	0.014034
-1.502074	0.013973
-1.498147	0.013912
-1.494220	0.013852
-1.490293	0.013792
-1.486366	0.013733
-1.482439	0.013675
-1.478512	0.013617
-1.474585	0.013559
-1.470658	0.013502
-1.466731	0.013445
-1.462804	0.013389
-1.458877	0.013334
-1.454950	0.013279
-1.451023	0.013224
-1.447096	0.013170
-1.443169	0.013117
-1.439242	0.013063
-1.435315	0.013011
-1.431388	0.012959
-1.427461	0.012907
-1.423534	0.012855
-1.419607	0.012804
-1.415680	0.012754
-1.411753	0.012704
-1.407826	0.012654
-1.403899	0.012605
-1.399972	0.012556
-1.396045	0.012508
-1.392118	0.012460
-1.388191	0.012412
-1.384264	0.012365
-1.380337	0.012318
-1.376410	0.012272
-1.372483	0.012225
-1.368556	0.012180
-1.364629	0.012134
-1.360702	0.012090
-1.356775	0.012045
-1.352848	0.012001
-1.348921	0.011957
-1.344994	0.011913
-1.341067	0.011870
-1.337140	0.011828
-1.333213	0.011785
-1.329286	0.011743
-1.325359	0.011701
-1.321432	0.011660
-1.317505	0.011619
-1.313578	0.011578
-1.309651	0.011537
-1.305724	0.011497
-1.301797	0.011458
-1.297870	0.011418
-1.293943	0.011379
-1.290016	0.011340
-1.286089	0.011301
-1.282163	0.011263
-1.278236	0.011225
-1.274309	0.011187
-1.270382	0.011150
-1.266455	0.011113
-1.262528	0.011076
-1.258601	0.011040
-1.254674	0.011004
-1.250747	0.010968
-1.246820	0.010932
-1.242893	0.010897
-1.238966	0.010861
-1.235039	0.010827
-1.231112	0.010792
-1.227185	0.010758
-1.223258	0.010724
-1.219331	0.010690
-1.215404	0.010656
-1.211477	0.010623
-1.207550	0.010590
-1.203623	0.010557
-1.199696	0.010525
-1.195769	0.010492
-1.191842	0.010460
-1.187915	0.010429
-1.183988	0.010397
-1.180061	0.010366
-1.176134	0.010335
-1.172207	0.010304
-1.168280	0.010273
-1.164353	0.010243
-1.160426	0.010213
-1.156499	0.010183
-1.152572	0.010153
-1.148645	0.010123
-1.144718	0.010094
-1.140791	0.010065
-1.136864	0.010036
-1.132937	0.010008
-1.129010	0.009979
-1.125083	0.009951
-1.121156	0.009923
-1.117229	0.009895
-1.113302	0.009868
-1.109375	0.009840
-1.105448	0.009813
-1.101521	0.009786
-1.097594	0.009759
-1.093667	0.009733
-1.089740	0.009706
-1.085813	0.009680
-1.081886	0.009654
-1.077959	0.009628
-1.074032	0.009603
-1.070105	0.009577
-1.066178	0.009552
-1.062251	0.009527
-1.058324	0.009502
-1.054397	0.009477
-1.050470	0.009453
-1.046543	0.009428
-1.042616	0.009404
-1.038689	0.009380
-1.034762	0.009356
-1.030835	0.009333
-1.026908	0.009309
-1.022981	0.009286
-1.019054	0.009263
-1.015127	0.009240
-1.011200	0.009217
-1.007273	0.009195
-1.003346	0.009172
-0.999419	0.009150
-0.995492	0.009128
-0.991565	0.009106
-0.987638	0.009084
-0.983711	0.009062
-0.979784	0.009041
-0.975857	0.009019
-0.971930	0.008998
-0.968003	0.008977
-0.964076	0.008956
-0.960149	0.008935
-0.956222	0.008915
-0.952295	0.008894
-0.948368	0.008874
-0.944441	0.008854
-0.940514	0.008834
-0.936587	0.008814
-0.932660	0.008794
-0.928733	0.008775
-0.924806	0.008755
-0.920879	0.008736
-0.916952	0.008717
-0.913025	0.008698
-0.909098	0.008679
-0.905171	0.008660
-0.901244	0.008642
-0.897317	0.008623
-0.893390	0.008605
-0.889463	0.008587
-0.885536	0.008569
-0.881609	0.008551
-0.877682	0.008533
-0.873755	0.008515
-0.869828	0.008498
-0.865901	0.008480
-0.861974	0.008463
-0.858047	0.008446
-0.854121	0.008429
-0.850194	0.008412
-0.846267	0.008395
-0.842340	0.008378
-0.838413	0.008362
-0.834486	0.008345
-0.830559	0.008329
-0.826632	0.008313
-0.822705	0.008297
-0.818778	0.008281
-0.814851	0.008265
-0.810924	0.008249
-0.806997	0.008234
-0.803070	0.008218
-0.799143	0.008203
-0.795216	0.008187
-0.791289	0.008172
-0.787362	0.008157
-0.783435	0.008142
-0.779508	0.008127
-0.775581	0.008113
-0.771654	0.008098
-0.767727	0.008084
-0.763800	0.008069
-0.759873	0.008055
-0.755946	0.008041
-0.752019	0.008027
-0.748092	0.008013
-0.744165	0.007999
-0.740238	0.007985
-0.736311	0.007972
-0.732384	0.007958
-0.728457	0.007945
-0.724530	0.007931
-0.720603	0.007918
-0.716676	0.007905
-0.712749	0.007892
-0.708822	0.007879
-0.704895	0.007866
-0.700968	0.007854
-0.697041	0.007841
-0.693114	0.007828
-0.689187	0.007816
-0.685260	0.007804
-0.681333	0.007791
-0.677406	0.007779
-0.673479	0.007767
-0.669552	0.007755
-0.665625	0.007743
-0.661698	0.007732
-0.657771	0.007720
-0.653844	0.007708
-0.649917	0.007697
-0.645990	0.007685
-0.642063	0.007674
-0.638136	0.007663
-0.634209	0.007652
-0.630282	0.007641
-0.626355	0.007630
-0.622428	0.007619
-0.618501	0.007608
-0.614574	0.007598
-0.610647	0.007587
-0.606720	0.007577
-0.602793	0.007566
-0.598866	0.007556
-0.594939	0.007546
-0.591012	0.007535
-0.587085	0.007525
-0.583158	0.007515
-0.579231	0.007505
-0.575304	0.007496
-0.571377	0.007486
-0.567450	0.007476
-0.563523	0.007467
-0.559596	0.007457
-0.555669	0.007448
-0.551742	0.007438
-0.547815	0.007429
-0.543888	0.007420
-0.539961	0.007411
-0.536034	0.007402
-0.532107	0.007393
-0.528180	0.007384
-0.524253	0.007375
-0.520326	0.007367
-0.516399	0.007358
-0.512472	0.007350
-0.508545	0.007341
-0.504618	0.007333
-0.500691	0.007325
-0.496764	0.007316
-0.492837	0.007308
-0.488910	0.007300
-0.484983	0.007292
-0.481056	0.007284
-0.477129	0.007276
-0.473202	0.007269
-0.469275	0.007261
-0.465348	0.007253
-0.461421	0.007246
-0.457494	0.007238
-0.453567	0.007231
-0.449640	0.007224
-0.445713	0.007216
-0.441786	0.007209
-0.437859	0.007202
-0.433932	0.007195
-0.430005	0.007188
-0.426079	0.007181
-0.422152	0.007174
-0.418225	0.007168
-0.414298	0.007161
-0.410371	0.007154
-0.406444	0.007148
-0.402517	0.007142
-0.398590	0.007135
-0.394663	0.007129
-0.390736	0.007123
-0.386809	0.007116
-0.382882	0.007110
-0.378955	0.007104
-0.375028	0.007098
-0.371101	0.007092
-0.367174	0.007087
-0.363247	0.007081
-0.359320	0.007075
-0.355393	0.007069
-0.351466	0.007064
-0.347539	0.007058
-0.343612	0.007053
-0.339685	0.007048
-0.335758	0.007042
-0.331831	0.007037
-0.327904	0.007032
-0.323977	0.007027
-0.320050	0.007022
-0.316123	0.007017
-0.312196	0.007012
-0.308269	0.007007
-0.304342	0.007002
-0.300415	0.006998
-0.296488	0.006993
-0.292561	0.006989
-0.288634	0.006984
-0.284707	0.006980
-0.280780	0.006975
-0.276853	0.006971
-0.272926	0.006967
-0.268999	0.006963
-0.265072	0.006958
-0.261145	0.006954
-0.257218	0.006950
-0.253291	0.006946
-0.249364	0.006943
-0.245437	0.006939
-0.241510	0.006935
-0.237583	0.006931
-0.233656	0.006928
-0.229729	0.006924
-0.225802	0.006921
-0.221875	0.006917
-0.217948	0.006914
-0.214021	0.006911
-0.210094	0.006907
-0.206167	0.006904
-0.202240	0.006901
-0.198313	0.006898
-0.194386	0.006895
-0.190459	0.006892
-0.186532	0.006889
-0.182605	0.006886
-0.178678	0.006884
-0.174751	0.006881
-0.170824	0.006878
-0.166897	0.006876
-0.162970	0.006873
-0.159043	0.006871
-0.155116	0.006869
-0.151189	0.006866
-0.147262	0.006864
-0.143335	0.006862
-0.139408	0.006860
-0.135481	0.006858
-0.131554	0.006856
-0.127627	0.006854
-0.123700	0.006852
-0.119773	0.006850
-0.115846	0.006848
-0.111919	0.006846
-0.107992	0.006845
-0.104065	0.006843
-0.100138	0.006842
-0.096211	0.006840
-0.092284	0.006839
-0.088357	0.006837
-0.084430	0.006836
-0.080503	0.006835
-0.076576	0.006834
-0.072649	0.006832
-0.068722	0.006831
-0.064795	0.006830
-0.060868	0.006829
-0.056941	0.006829
-0.053014	0.006828
-0.049087	0.006827
-0.045160	0.006826
-0.041233	0.006826
-0.037306	0.006825
-0.033379	0.006824
-0.029452	0.006824
-0.025525	0.006824
-0.021598	0.006823
-0.017671	0.006823
-0.013744	0.006823
-0.009817	0.006823
-0.005890	0.006822
-0.001963	0.006822
0.001963	0.006822
0.005890	0.006822
0.009817	0.006823
0.013744	0.006823
0.017671	0.006823
0.021598	0.006823
0.025525	0.006824
0.029452	0.006824
0.033379	0.006824
0.037306	0.006825
0.041233	0.006826
0.045160	0.006826
0.049087	0.006827
0.053014	0.006828
0.056941	0.006829
0.060868	0.006829
0.064795	0.006830
0.068722	0.006831
0.072649	0.006832
0.076576	0.006834
0.080503	0.006835
0.084430	0.006836
0.088357	0.006837
0.092284	0.006839
0.096211	0.006840
0.100138	0.006842
0.104065	0.006843
0.107992	0.006845
0.111919	0.006846
0.115846	0.006848
0.119773	0.006850
0.123700	0.006852
0.127627	0.006854
0.131554	0.006856
0.135481	0.006858
0.139408	0.006860
0.143335	0.006862
0.147262	0.006864
0.151189	0.006866
0.155116	0.006869
0.159043	0.006871
0.162970	0.006873
0.166897	0.006876
0.170824	0.006878
0.174751	0.006881
0.178678	0.006884
0.182605	0.006886
0.186532	0.006889
0.190459	0.006892
0.194386	0.006895
0.198313	0.006898
0.202240	0.006901
0.206167	0.006904
0.210094	0.006907
0.214021	0.006911
0.217948	0.006914
0.221875	0.006917
0.225802	0.006921
0.229729	0.006924
0.233656	0.006928
0.237583	0.006931
0.241510	0.006935
0.245437	0.006939
0.249364	0.006943
0.253291	0.006946
0.257218	0.006950
0.261145	0.006954
0.265072	0.006958
0.268999	0.006963
0.272926	0.006967
0.276853	0.006971
0.280780	0.006975
0.284707	0.006980
0.288634	0.006984
0.292561	0.006989
0.296488	0.006993
0.300415	0.006998
0.304342	0.007002
0.308269	0.007007
0.312196	0.007012
0.316123	0.007017
0.320050	0.007022
0.323977	0.007027
0.327904	0.007032
0.331831	0.007037
0.335758	0.007042
0.339685	0.007048
0.343612	0.007053
0.347539	0.007058
0.351466	0.007064
0.355393	0.007070
0.359320	0.007075
0.363247	0.007081
0.367174	0.007087
0.371101	0.007092
0.375028	0.007098
0.378955	0.007104
0.382882	0.007110
0.386809	0.007116
0.390736	0.007123
0.394663	0.007129
0.398590	0.007135
0.402517	0.007142
0.406444	0.007148
0.410371	0.007155
0.414298	0.007161
0.418225	0.007168
0.422152	0.007175
0.426079	0.007181
0.430005	0.007188
0.433932	0.007195
0.437859	0.007202
0.441786	0.007209
0.445713	0.007216
0.449640	0.007224
0.453567	0.007231
0.457494	0.007238
0.461421	0.007246
0.465348	0.007253
0.469275	0.007261
0.473202	0.007269
0.477129	0.007276
0.481056	0.007284
0.484983	0.007292
0.488910	0.007300
0.492837	0.007308
0.496764	0.007316
0.500691	0.007325
0.504618	0.007333
0.508545	0.007341
0.512472	0.007350
0.516399	0.007358
0.520326	0.007367
0.524253	0.007376
0.528180	0.007384
0.532107	0.007393
0.536034	0.007402
0.539961	0.007411
0.543888	0.007420
0.547815	0.007429
0.551742	0.007439
0.555669	0.007448
0.559596	0.007457
0.563523	0.007467
0.567450	0.007476
0.571377	0.007486
0.575304	0.007496
0.579231	0.007506
0.583158	0.007515
0.587085	0.007525
0.591012	0.007535
0.594939	0.007546
0.598866	0.007556
0.602793	0.007566
0.606720	0.007577
0.610647	0.007587
0.614574	0.007598
0.618501	0.007608
0.622428	0.007619
0.626355	0.007630
0.630282	0.007641
0.634209	0.007652
0.638136	0.007663
0.642063	0.007674
0.645990	0.007686
0.649917	0.007697
0.653844	0.007709
0.657771	0.007720
0.661698	0.007732
0.665625	0.007744
0.669552	0.007755
0.673479	0.007767
0.677406	0.007779
0.681333	0.007792
0.685260	0.007804
0.689187	0.007816
0.693114	0.007829
0.697041	0.007841
0.700968	0.007854
0.704895	0.007866
0.708822	0.007879
0.712749	0.007892
0.716676	0.007905
0.720603	0.007918
0.724530	0.007932
0.728457	0.007945
0.732384	0.007958
0.736311	0.007972
0.740238	0.007985
0.744165	0.007999
0.748092	0.008013
0.752019	0.008027
0.755946	0.008041
0.759873	0.008055
0.763800	0.008069
0.767727	0.008084
0.771654	0.008098
0.775581	0.008113
0.779508	0.008128
0.783435	0.008142
0.787362	0.008157
0.791289	0.008172
0.795216	0.008188
0.799143	0.008203
0.803070	0.008218
0.806997	0.008234
0.810924	0.008249
0.814851	0.008265
0.818778	0.008281
0.822705	0.008297
0.826632	0.008313
0.830559	0.008329
0.834486	0.008345
0.838413	0.008362
0.842340	0.008378
0.846267	0.008395
0.850194	0.008412
0.854121	0.008429
0.858047	0.008446
0.861974	0.008463
0.865901	0.008480
0.869828	0.008498
0.873755	0.008515
0.877682	0.008533
0.881609	0.008551
0.885536	0.008569
0.889463	0.008587
0.893390	0.008605
0.897317	0.008623
0.901244	0.008642
0.905171	0.008660
0.909098	0.008679
0.913025	0.008698
0.916952	0.008717
0.920879	0.008736
0.924806	0.008756
0.928733	0.008775
0.932660	0.008795
0.936587	0.008814
0.940514	0.008834
0.944441	0.008854
0.948368	0.008874
0.952295	0.008895
0.956222	0.008915
0.960149	0.008936
0.964076	0.008956
0.968003	0.008977
0.971930	0.008998
0.975857	0.009020
0.979784	0.009041
0.983711	0.009062
0.987638	0.009084
0.991565	0.009106
0.995492	0.009128
0.999419	0.009150
1.003346	0.009172
1.007273	0.009195
1.011200	0.009218
1.015127	0.009240
1.019054	0.009263
1.022981	0.009286
1.026908	0.009310
1.030835	0.009333
1.034762	0.009357
1.038689	0.009381
1.042616	0.009405
1.046543	0.009429
1.050470	0.009453
1.054397	0.009478
1.058324	0.009502
1.062251	0.009527
1.066178	0.009552
1.070105	0.009578
1.074032	0.009603
1.077959	0.009629
1.081886	0.009655
1.085813	0.009681
1.089740	0.009707
1.093667	0.009733
1.097594	0.009760
1.101521	0.009787
1.105448	0.009814
1.109375	0.009841
1.113302	0.009868
1.117229	0.009896
1.121156	0.009923
1.125083	0.009951
1.129010	0.009980
1.132937	0.010008
1.136864	0.010037
1.140791	0.010066
1.144718	0.010095
1.148645	0.010124
1.152572	0.010153
1.156499	0.010183
1.160426	0.010213
1.164353	0.010243
1.168280	0.010274
1.172207	0.010304
1.176134	0.010335
1.180061	0.010366
1.183988	0.010398
1.187915	0.010429
1.191842	0.010461
1.195769	0.010493
1.199696	0.010525
1.203623	0.010558
1.207550	0.010591
1.211477	0.010624
1.215404	0.010657
1.219331	0.010690
1.223258	0.010724
1.227185	0.010758
1.231112	0.010793
1.235039	0.010827
1.238966	0.010862
1.242893	0.010897
1.246820	0.010933
1.250747	0.010968
1.254674	0.011004
1.258601	0.011041
1.262528	0.011077
1.266455	0.011114
1.270382	0.011151
1.274309	0.011188
1.278236	0.011226
1.282163	0.011264
1.286089	0.011302
1.290016	0.011341
1.293943	0.011380
1.297870	0.011419
1.301797	0.011458
1.305724	0.011498
1.309651	0.011538
1.313578	0.011579
1.317505	0.011620
1.321432	0.011661
1.325359	0.011702
1.329286	0.011744
1.333213	0.011786
1.337140	0.011829
1.341067	0.011871
1.344994	0.011915
1.348921	0.011958
1.352848	0.012002
1.356775	0.012046
1.360702	0.012091
1.364629	0.012136
1.368556	0.012181
1.372483	0.012227
1.376410	0.012273
1.380337	0.012319
1.384264	0.012366
1.388191	0.012413
1.392118	0.012461
1.396045	0.012509
1.399972	0.012557
1.403899	0.012606
1.407826	0.012655
1.411753	0.012705
1.415680	0.012755
1.419607	0.012806
1.423534	0.012857
1.427461	0.012908
1.431388	0.012960
1.435315	0.013012
1.439242	0.013065
1.443169	0.013118
1.447096	0.013172
1.451023	0.013226
1.454950	0.013280
1.458877	0.013336
1.462804	0.013391
1.466731	0.013447
1.470658	0.013504
1.474585	0.013561
1.478512	0.013618
1.482439	0.013676
1.486366	0.013735
1.490293	0.013794
1.494220	0.013854
1.498147	0.013914
1.502074	0.013974
1.506001	0.014036
1.509928	0.014097
1.513855	0.014160
1.517782	0.014223
1.521709	0.014286
1.525636	0.014350
1.529563	0.014415
1.533490	0.014480
1.537417	0.014546
1.541344	0.014613
1.545271	0.014680
1.549198	0.014748
1.553125	0.014816
1.557052	0.014885
1.560979	0.014955
1.564906	0.015025
1.568833	0.015096
1.572760	0.015168
1.576687	0.015240
1.580614	0.015313
1.584541	0.015387
1.588468	0.015462
1.592395	0.015537
1.596322	0.015613
1.600249	0.015689
1.604176	0.015767
1.608103	0.015845
1.612030	0.015924
1.615957	0.016004
1.619884	0.016084
1.623811	0.016166
1.627738	0.016248
1.631665	0.016331
1.635592	0.016415
1.639519	0.016500
1.643446	0.016585
1.647373	0.016672
1.651300	0.016759
1.655227	0.016847
1.659154	0.016936
1.663081	0.017027
1.667008	0.017118
1.670935	0.017209
1.674862	0.017302
1.678789	0.017396
1.682716	0.017491
1.686643	0.017587
1.690570	0.017684
1.694497	0.017782
1.698424	0.017881
1.702351	0.017981
1.706278	0.018082
1.710205	0.018185
1.714131	0.018288
1.718058	0.018393
1.721985	0.018498
1.725912	0.018605
1.729839	0.018713
1.733766	0.018823
1.737693	0.018933
1.741620	0.019045
1.745547	0.019158
1.749474	0.019272
1.753401	0.019388
1.757328	0.019505
1.761255	0.019623
1.765182	0.019743
1.769109	0.019864
1.773036	0.019986
1.776963	0.020110
1.780890	0.020236
1.784817	0.020362
1.788744	0.020491
1.792671	0.020621
1.796598	0.020752
1.800525	0.020885
1.804452	0.021020
1.808379	0.021156
1.812306	0.021294
1.816233	0.021434
1.820160	0.021575
1.824087	0.021719
1.828014	0.021864
1.831941	0.022010
1.835868	0.022159
1.839795	0.022310
1.843722	0.022462
1.847649	0.022617
1.851576	0.022773
1.855503	0.022931
1.859430	0.023092
1.863357	0.023255
1.867284	0.023420
1.871211	0.023586
1.875138	0.023756
1.879065	0.023927
1.882992	0.024101
1.886919	0.024277
1.890846	0.024456
1.894773	0.024637
1.898700	0.024820
1.902627	0.025006
1.906554	0.025195
1.910481	0.025386
1.914408	0.025580
1.918335	0.025777
1.922262	0.025977
1.926189	0.026179
1.930116	0.026385
1.934043	0.026593
1.937970	0.026804
1.941897	0.027019
1.945824	0.027237
1.949751	0.027458
1.953678	0.027682
1.957605	0.027910
1.961532	0.028141
1.965459	0.028376
1.969386	0.028614
1.973313	0.028856
1.977240	0.029102
1.981167	0.029352
1.985094	0.029605
1.989021	0.029863
1.992948	0.030125
1.996875	0.030391
2.000802	0.030661
2.004729	0.030936
2.008656	0.031215
2.012583	0.031500
2.016510	0.031788
2.020437	0.032082
2.024364	0.032381
2.028291	0.032684
2.032218	0.032993
2.036145	0.033308
2.040072	0.033627
2.043999	0.033953
2.047926	0.034284
2.051853	0.034621
2.055780	0.034965
2.059707	0.035314
2.063634	0.035670
2.067561	0.036033
2.071488	0.036402
2.075415	0.036778
2.079342	0.037162
2.083269	0.037552
2.087196	0.037950
2.091123	0.038356
2.095050	0.038770
2.098977	0.039192
2.102904	0.039623
2.106831	0.040062
2.110758	0.040510
2.114685	0.040967
2.118612	0.041433
2.122539	0.041910
2.126466	0.042396
2.130393	0.042893
2.134320	0.043400
2.138246	0.043918
2.142173	0.044448
2.146100	0.044989
2.150027	0.045542
2.153954	0.046107
2.157881	0.046686
2.161808	0.047277
2.165735	0.047883
2.169662	0.048502
2.173589	0.049136
2.177516	0.049785
2.181443	0.050450
2.185370	0.051131
2.189297	0.051829
2.193224	0.052544
2.197151	0.053277
2.201078	0.054029
2.205005	0.054800
2.208932	0.055591
2.212859	0.056403
2.216786	0.057236
2.220713	0.058092
2.224640	0.058971
2.228567	0.059874
2.232494	0.060802
2.236421	0.061757
2.240348	0.062739
2.244275	0.063749
2.248202	0.064789
2.252129	0.065859
2.256056	0.066962
2.259983	0.068098
2.263910	0.069270
2.267837	0.070477
2.271764	0.071723
2.275691	0.073009
2.279618	0.074337
2.283545	0.075708
2.287472	0.077126
2.291399	0.078591
2.295326	0.080107
2.299253	0.081675
2.303180	0.083299
2.307107	0.084982
2.311034	0.086726
2.314961	0.088535
2.318888	0.090411
2.322815	0.092360
2.326742	0.094384
2.330669	0.096488
2.334596	0.098677
2.338523	0.100955
2.342450	0.103327
2.346377	0.105800
2.350304	0.108379
2.354231	0.111071
2.358158	0.113882
2.362085	0.116821
2.366012	0.119896
2.369939	0.123115
2.373866	0.126489
2.377793	0.130027
2.381720	0.133741
2.385647	0.137644
2.389574	0.141749
2.393501	0.146071
2.397428	0.150626
2.401355	0.155432
2.405282	0.160508
2.409209	0.165875
2.413136	0.171558
2.417063	0.177580
2.420990	0.183972
2.424917	0.190765
2.428844	0.197992
2.432771	0.205692
2.436698	0.213909
2.440625	0.222688
2.444552	0.232083
2.448479	0.242152
2.452406	0.252959
2.456333	0.264577
2.460260	0.277086
2.464187	0.290575
2.468114	0.305144
2.472041	0.320903
2.475968	0.337974
2.479895	0.356492
2.483822	0.376605
2.487749	0.398474
2.491676	0.422273
2.495603	0.448188
2.499530	0.476412
2.503457	0.507141
2.507384	0.540566
2.511311	0.576861
2.515238	0.616163
2.519165	0.658554
2.523092	0.704028
2.527019	0.752460
2.530946	0.803562
2.534873	0.856856
2.538800	0.911638
2.542727	0.966979
2.546654	1.021748
2.550581	1.074672
2.554508	1.124437
2.558435	1.169811
2.562362	1.209765
2.566288	1.243572
2.570215	1.270860
2.574142	1.291612
2.578069	1.306115
2.581996	1.314887
2.585923	1.318589
2.589850	1.317950
2.593777	1.313699
2.597704	1.306522
2.601631	1.297041
2.605558	1.285794
2.609485	1.273239
2.613412	1.259756
2.617339	1.245655
2.621266	1.231186
2.625193	1.216547
2.629120	1.201892
2.633047	1.187343
2.636974	1.172990
2.640901	1.158903
2.644828	1.145132
2.648755	1.131714
2.652682	1.118673
2.656609	1.106026
2.660536	1.093782
2.664463	1.081945
2.668390	1.070514
2.672317	1.059487
2.676244	1.048858
2.680171	1.038618
2.684098	1.028760
2.688025	1.019273
2.691952	1.010147
2.695879	1.001371
2.699806	0.992931
2.703733	0.984816
2.707660	0.977012
2.711587	0.969505
2.715514	0.962278
2.719441	0.955313
2.723368	0.948592
2.727295	0.942091
2.731222	0.935784
2.735149	0.929641
2.739076	0.923624
2.743003	0.917690
2.746930	0.911787
2.750857	0.905850
2.754784	0.899805
2.758711	0.893562
2.762638	0.887017
2.766565	0.880052
2.770492	0.872535
2.774419	0.864326
2.778346	0.855285
2.782273	0.845286
2.786200	0.834235
2.790127	0.822090
2.794054	0.808886
2.797981	0.794750
2.801908	0.779915
2.805835	0.764713
2.809762	0.749559
2.813689	0.734920
2.817616	0.721277
2.821543	0.709094
2.825470	0.698790
2.829397	0.690725
2.833324	0.685197
2.837251	0.682442
2.841178	0.682651
2.845105	0.685974
2.849032	0.692534
2.852959	0.702437
2.856886	0.715767
2.860813	0.732595
2.864740	0.752962
2.868667	0.776878
2.872594	0.804295
2.876521	0.835094
2.880448	0.869061
2.884375	0.905862
2.888302	0.945040
2.892229	0.986001
2.896156	1.028035
2.900083	1.070344
2.904010	1.112074
2.907937	1.152360
2.911864	1.190360
2.915791	1.225271
2.919718	1.256348
2.923645	1.282912
2.927572	1.304378
2.931499	1.320301
2.935426	1.330440
2.939353	1.334825
2.943280	1.333795
2.947207	1.327996
2.951134	1.318321
2.955061	1.305792
2.958988	1.291430
2.962915	1.276131
2.966842	1.260578
2.970769	1.245219
2.974696	1.230276
2.978623	1.215809
2.982550	1.201780
2.986477	1.188119
2.990404	1.174767
2.994330	1.161703
2.998257	1.148944
3.002184	1.136543
3.006111	1.124572
3.010038	1.113111
3.013965	1.102237
3.017892	1.092017
3.021819	1.082505
3.025746	1.073741
3.029673	1.065754
3.033600	1.058559
3.037527	1.052166
3.041454	1.046576
3.045381	1.041786
3.049308	1.037791
3.053235	1.034586
3.057162	1.032164
3.061089	1.030521
3.065016	1.029656
3.068943	1.029568
3.072870	1.030262
3.076797	1.031744
3.080724	1.034026
3.084651	1.037124
3.088578	1.041059
3.092505	1.045854
3.096432	1.051540
3.100359	1.058152
3.104286	1.065729
3.108213	1.074314
3.112140	1.083957
3.116067	1.094709
3.119994	1.106623
3.123921	1.119756
3.127848	1.134161
3.131775	1.149890
3.135702	1.166985
3.139629	1.185480
3.143556	1.205390
3.147483	1.226712
3.151410	1.249413
3.155337	1.273429
3.159264	1.298655
3.163191	1.324943
3.167118	1.352089
3.171045	1.379827
3.174972	1.407821
3.178899	1.435654
3.182826	1.462836
3.186753	1.488827
3.190680	1.513100
3.194607	1.535219
3.198534	1.554951
3.202461	1.572342
3.206388	1.587753
3.210315	1.601826
3.214242	1.615360
3.218169	1.629151
3.222096	1.643802
3.226023	1.659572
3.229950	1.676264
3.233877	1.693197
3.237804	1.709240
3.241731	1.722918
3.245658	1.732563
3.249585	1.736484
3.253512	1.733141
3.257439	1.721302
3.261366	1.700158
3.265293	1.669413
3.269220	1.629323
3.273147	1.580688
3.277074	1.524779
3.281001	1.463224
3.284928	1.397846
3.288855	1.330494
3.292782	1.262891
3.296709	1.196528
3.300636	1.132596
3.304563	1.071978
3.308490	1.015267
3.312417	0.962809
3.316344	0.914756
3.320271	0.871114
3.324198	0.831789
3.328125	0.796624
3.332052	0.765428
3.335979	0.737993
3.339906	0.714118
3.343833	0.693608
3.347760	0.676291
3.351687	0.662015
3.355614	0.650652
3.359541	0.642102
3.363468	0.636286
3.367395	0.633155
3.371322	0.632676
3.375249	0.634841
3.379176	0.639654
3.383103	0.647133
3.387030	0.657296
3.390957	0.670157
3.394884	0.685708
3.398811	0.703907
3.402738	0.724656
3.406665	0.747780
3.410592	0.773007
3.414519	0.799956
3.418446	0.828128
3.422372	0.856927
3.426299	0.885699
3.430226	0.913797
3.434153	0.940665
3.438080	0.965923
3.442007	0.989433
3.445934	1.011324
3.449861	1.031965
3.453788	1.051893
3.457715	1.071702
3.461642	1.091933
3.465569	1.112975
3.469496	1.134994
3.473423	1.157921
3.477350	1.181470
3.481277	1.205200
3.485204	1.228593
3.489131	1.251140
3.493058	1.272409
3.496985	1.292083
3.500912	1.309970
3.504839	1.325982
3.508766	1.340096
3.512693	1.352309
3.516620	1.362593
3.520547	1.370856
3.524474	1.376918
3.528401	1.380505
3.532328	1.381245
3.536255	1.378687
3.540182	1.372333
3.544109	1.361673
3.548036	1.346237
3.551963	1.325664
3.555890	1.299761
3.559817	1.268575
3.563744	1.232434
3.567671	1.191962
3.571598	1.148046
3.575525	1.101770
3.579452	1.054307
3.583379	1.006821
3.587306	0.960372
3.591233	0.915854
3.595160	0.873964
3.599087	0.835195
3.603014	0.799862
3.606941	0.768118
3.610868	0.739986
3.614795	0.715386
3.618722	0.694151
3.622649	0.676042
3.626576	0.660759
3.630503	0.647956
3.634430	0.637255
3.638357	0.628273
3.642284	0.620661
3.646211	0.614137
3.650138	0.608525
3.654065	0.603780
3.657992	0.599988
3.661919	0.597353
3.665846	0.596170
3.669773	0.596776
3.673700	0.599501
3.677627	0.604609
3.681554	0.612222
3.685481	0.622253
3.689408	0.634351
3.693335	0.647886
3.697262	0.662004
3.701189	0.675750
3.705116	0.688229
3.709043	0.698772
3.712970	0.707030
3.716897	0.712973
3.720824	0.716774
3.724751	0.718593
3.728678	0.718340
3.732605	0.715557
3.736532	0.709539
3.740459	0.699678
3.744386	0.685834
3.748313	0.668507
3.752240	0.648735
3.756167	0.627815
3.760094	0.607019
3.764021	0.587395
3.767948	0.569642
3.771875	0.554061
3.775802	0.540573
3.779729	0.528850
3.783656	0.518502
3.787583	0.509266
3.791510	0.501092
3.795437	0.494129
3.799364	0.488630
3.803291	0.484854
3.807218	0.482996
3.811145	0.483177
3.815072	0.485447
3.818999	0.489806
3.822926	0.496217
3.826853	0.504602
3.830780	0.514841
3.834707	0.526759
3.838634	0.540133
3.842561	0.554696
3.846488	0.570170
3.850414	0.586294
3.854341	0.602853
3.858268	0.619675
3.862195	0.636599
3.866122	0.653413
3.870049	0.669790
3.873976	0.685258
3.877903	0.699218
3.881830	0.711018
3.885757	0.720049
3.889684	0.725833
3.893611	0.728085
3.897538	0.726746
3.901465	0.721994
3.905392	0.714232
3.909319	0.704065
3.913246	0.692241
3.917173	0.679576
3.921100	0.666842
3.925027	0.654653
3.928954	0.643367
3.932881	0.633034
3.936808	0.623419
3.940735	0.614080
3.944662	0.604504
3.948589	0.594234
3.952516	0.582971
3.956443	0.570622
3.960370	0.557286
3.964297	0.543205
3.968224	0.528698
3.972151	0.514110
3.976078	0.499768
3.980005	0.485968
3.983932	0.472965
3.987859	0.460973
3.991786	0.450168
3.995713	0.440688
3.999640	0.432641
4.003567	0.426104
4.007494	0.421135
4.011421	0.417774
4.015348	0.416054
4.019275	0.415997
4.023202	0.417627
4.027129	0.420966
4.031056	0.426041
4.034983	0.432881
4.038910	0.441524
4.042837	0.452018
4.046764	0.464425
4.050691	0.478827
4.054618	0.495322
4.058545	0.514031
4.062472	0.535086
4.066399	0.558625
4.070326	0.584772
4.074253	0.613611
4.078180	0.645166
4.082107	0.679359
4.086034	0.715982
4.089961	0.754667
4.093888	0.794868
4.097815	0.835855
4.101742	0.876735
4.105669	0.916497
4.109596	0.954077
4.113523	0.988420
4.117450	1.018552
4.121377	1.043611
4.125304	1.062865
4.129231	1.075711
4.133158	1.081684
4.137085	1.080481
4.141012	1.072007
4.144939	1.056432
4.148866	1.034214
4.152793	1.006092
4.156720	0.973031
4.160647	0.936146
4.164574	0.896608
4.168501	0.855567
4.172428	0.814076
4.176355	0.773049
4.180282	0.733227
4.184209	0.695174
4.188136	0.659281
4.192063	0.625791
4.195990	0.594819
4.199917	0.566381
4.203844	0.540421
4.207771	0.516834
4.211698	0.495483
4.215625	0.476217
4.219552	0.458888
4.223479	0.443356
4.227406	0.429498
4.231333	0.417213
4.235260	0.406416
4.239187	0.397041
4.243114	0.389033
4.247041	0.382346
4.250968	0.376938
4.254895	0.372770
4.258822	0.369801
4.262749	0.367987
4.266676	0.367284
4.270603	0.367655
4.274530	0.369068
4.278456	0.371510
4.282383	0.374993
4.286310	0.379553
4.290237	0.385258
4.294164	0.392207
4.298091	0.400521
4.302018	0.410347
4.305945	0.421843
4.309872	0.435173
4.313799	0.450496
4.317726	0.467950
4.321653	0.487646
4.325580	0.509652
4.329507	0.533985
4.333434	0.560599
4.337361	0.589361
4.341288	0.620029
4.345215	0.652212
4.349142	0.685332
4.353069	0.718583
4.356996	0.750915
4.360923	0.781049
4.364850	0.807548
4.368777	0.828952
4.372704	0.843969
4.376631	0.851681
4.380558	0.851718
4.384485	0.844334
4.388412	0.830345
4.392339	0.810966
4.396266	0.787578
4.400193	0.761523
4.404120	0.733963
4.408047	0.705821
4.411974	0.677780
4.415901	0.650323
4.419828	0.623787
4.423755	0.598408
4.427682	0.574354
4.431609	0.551744
4.435536	0.530660
4.439463	0.511144
4.443390	0.493203
4.447317	0.476811
4.451244	0.461920
4.455171	0.448466
4.459098	0.436386
4.463025	0.425622
4.466952	0.416134
4.470879	0.407891
4.474806	0.400877
4.478733	0.395077
4.482660	0.390478
4.486587	0.387067
4.490514	0.384833
4.494441	0.383768
4.498368	0.383881
4.502295	0.385197
4.506222	0.387756
4.510149	0.391614
4.514076	0.396831
4.518003	0.403464
4.521930	0.411556
4.525857	0.421127
4.529784	0.432159
4.533711	0.444583
4.537638	0.458255
4.541565	0.472935
4.545492	0.488266
4.549419	0.503760
4.553346	0.518804
4.557273	0.532693
4.561200	0.544680
4.565127	0.554055
4.569054	0.560222
4.572981	0.562780
4.576908	0.561563
4.580835	0.556656
4.584762	0.548370
4.588689	0.537189
4.592616	0.523714
4.596543	0.508601
4.600470	0.492509
4.604397	0.476067
4.608324	0.459840
4.612251	0.444308
4.616178	0.429860
4.620105	0.416787
4.624032	0.405294
4.627959	0.395512
4.631886	0.387518
4.635813	0.381348
4.639740	0.377016
4.643667	0.374521
4.647594	0.373856
4.651521	0.375015
4.655448	0.377992
4.659375	0.382781
4.663302	0.389370
4.667229	0.397739
4.671156	0.407850
4.675083	0.419631
4.679010	0.432970
4.682937	0.447699
4.686864	0.463584
4.690791	0.480320
4.694718	0.497533
4.698645	0.514801
4.702572	0.531675
4.706498	0.547719
4.710425	0.562554
4.714352	0.575885
4.718279	0.587529
4.722206	0.597414
4.726133	0.605572
4.730060	0.612112
4.733987	0.617196
4.737914	0.621007
4.741841	0.623734
4.745768	0.625548
4.749695	0.626604
4.753622	0.627028
4.757549	0.626927
4.761476	0.626389
4.765403	0.625489
4.769330	0.624293
4.773257	0.622862
4.777184	0.621255
4.781111	0.619533
4.785038	0.617763
4.788965	0.616019
4.792892	0.614386
4.796819	0.612967
4.800746	0.611876
4.804673	0.611241
4.808600	0.611190
4.812527	0.611836
4.816454	0.613255
4.820381	0.615472
4.824308	0.618451
4.828235	0.622094
4.832162	0.626268
4.836089	0.630819
4.840016	0.635603
4.843943	0.640499
4.847870	0.645421
4.851797	0.650320
4.855724	0.655177
4.859651	0.660000
4.863578	0.664808
4.867505	0.669626
4.871432	0.674472
4.875359	0.679353
4.879286	0.684253
4.883213	0.689135
4.887140	0.693938
4.891067	0.698574
4.894994	0.702932
4.898921	0.706873
4.902848	0.710232
4.906775	0.712809
4.910702	0.714376
4.914629	0.714670
4.918556	0.713401
4.922483	0.710264
4.926410	0.704958
4.930337	0.697215
4.934264	0.686836
4.938191	0.673731
4.942118	0.657948
4.946045	0.639696
4.949972	0.619343
4.953899	0.597387
4.957826	0.574412
4.961753	0.551033
4.965680	0.527839
4.969607	0.505355
4.973534	0.484010
4.977461	0.464131
4.981388	0.445946
4.985315	0.429599
4.989242	0.415163
4.993169	0.402660
4.997096	0.392075
5.001023	0.383373
5.004950	0.376507
5.008877	0.371429
5.012804	0.368095
5.016731	0.366468
5.020658	0.366518
5.024585	0.368216
5.028512	0.371529
5.032439	0.376408
5.036366	0.382776
5.040293	0.390518
5.044220	0.399462
5.048147	0.409378
5.052074	0.419969
5.056001	0.430877
5.059928	0.441689
5.063855	0.451958
5.067782	0.461215
5.071709	0.468983
5.075636	0.474793
5.079563	0.478206
5.083490	0.478845
5.087417	0.476440
5.091344	0.470885
5.095271	0.462269
5.099198	0.450883
5.103125	0.437190
5.107052	0.421766
5.110979	0.405227
5.114906	0.388166
5.118833	0.371108
5.122760	0.354481
5.126687	0.338614
5.130614	0.323734
5.134540	0.309990
5.138467	0.297460
5.142394	0.286175
5.146321	0.276129
5.150248	0.267297
5.154175	0.259638
5.158102	0.253106
5.162029	0.247655
5.165956	0.243241
5.169883	0.239825
5.173810	0.237375
5.177737	0.235864
5.181664	0.235274
5.185591	0.235594
5.189518	0.236818
5.193445	0.238944
5.197372	0.241978
5.201299	0.245923
5.205226	0.250789
5.209153	0.256583
5.213080	0.263310
5.217007	0.270971
5.220934	0.279555
5.224861	0.289031
5.228788	0.299340
5.232715	0.310374
5.236642	0.321965
5.240569	0.333872
5.244496	0.345768
5.248423	0.357247
5.252350	0.367844
5.256277	0.377065
5.260204	0.384449
5.264131	0.389623
5.268058	0.392358
5.271985	0.392605
5.275912	0.390497
5.279839	0.386327
5.283766	0.380502
5.287693	0.373489
5.291620	0.365766
5.295547	0.357785
5.299474	0.349952
5.303401	0.342607
5.307328	0.336024
5.311255	0.330412
5.315182	0.325921
5.319109	0.322655
5.323036	0.320680
5.326963	0.320035
5.330890	0.320740
5.334817	0.322799
5.338744	0.326203
5.342671	0.330928
5.346598	0.336931
5.350525	0.344148
5.354452	0.352494
5.358379	0.361863
5.362306	0.372136
5.366233	0.383182
5.370160	0.394869
5.374087	0.407068
5.378014	0.419648
5.381941	0.432481
5.385868	0.445439
5.389795	0.458400
5.393722	0.471262
5.397649	0.483947
5.401576	0.496421
5.405503	0.508685
5.409430	0.520762
5.413357	0.532668
5.417284	0.544376
5.421211	0.555772
5.425138	0.566628
5.429065	0.576596
5.432992	0.585243
5.436919	0.592132
5.440846	0.596952
5.444773	0.599630
5.448700	0.600404
5.452627	0.599786
5.456554	0.598442
5.460481	0.597045
5.464408	0.596155
5.468335	0.596148
5.472262	0.597214
5.476189	0.599373
5.480116	0.602528
5.484043	0.606520
5.487970	0.611185
5.491897	0.616423
5.495824	0.622235
5.499751	0.628741
5.503678	0.636140
5.507605	0.644554
5.511532	0.653709
5.515459	0.662400
5.519386	0.667895
5.523313	0.665895
5.527240	0.652001
5.531167	0.624583
5.535094	0.586515
5.539021	0.543621
5.542948	0.501601
5.546875	0.464270
5.550802	0.433461
5.554729	0.409567
5.558656	0.392061
5.562582	0.379879
5.566509	0.371675
5.570436	0.366015
5.574363	0.361501
5.578290	0.356850
5.582217	0.350952
5.586144	0.342920
5.590071	0.332167
5.593998	0.318530
5.597925	0.302425
5.601852	0.284961
5.605779	0.267891
5.609706	0.253287
5.613633	0.242997
5.617560	0.238116
5.621487	0.238755
5.625414	0.244139
5.629341	0.252930
5.633268	0.263571
5.637195	0.274567
5.641122	0.284671
5.645049	0.293020
5.648976	0.299214
5.652903	0.303337
5.656830	0.305916
5.660757	0.307805
5.664684	0.310023
5.668611	0.313558
5.672538	0.319203
5.676465	0.327426
5.680392	0.338305
5.684319	0.351528
5.688246	0.366431
5.692173	0.382070
5.696100	0.397311
5.700027	0.410928
5.703954	0.421719
5.707881	0.428641
5.711808	0.430952
5.715735	0.428347
5.719662	0.421035
5.723589	0.409720
5.727516	0.395468
5.731443	0.379492
5.735370	0.362937
5.739297	0.346720
5.743224	0.331482
5.747151	0.317618
5.751078	0.305352
5.755005	0.294802
5.758932	0.286019
5.762859	0.279001
5.766786	0.273694
5.770713	0.269992
5.774640	0.267752
5.778567	0.266810
5.782494	0.267008
5.786421	0.268217
5.790348	0.270359
5.794275	0.273416
5.798202	0.277428
5.802129	0.282483
5.806056	0.288690
5.809983	0.296150
5.813910	0.304930
5.817837	0.315035
5.821764	0.326403
5.825691	0.338910
5.829618	0.352389
5.833545	0.366660
5.837472	0.381558
5.841399	0.396966
5.845326	0.412833
5.849253	0.429188
5.853180	0.446132
5.857107	0.463823
5.861034	0.482434
5.864961	0.502096
5.868888	0.522812
5.872815	0.544366
5.876742	0.566264
5.880669	0.587752
5.884596	0.607937
5.888523	0.625980
5.892450	0.641252
5.896377	0.653407
5.900304	0.662351
5.904231	0.668182
5.908158	0.671111
5.912085	0.671411
5.916012	0.669393
5.919939	0.665384
5.923866	0.659729
5.927793	0.652768
5.931720	0.644816
5.935647	0.636141
5.939574	0.626944
5.943501	0.617361
5.947428	0.607465
5.951355	0.597289
5.955282	0.586833
5.959209	0.576089
5.963136	0.565054
5.967063	0.553750
5.970990	0.542247
5.974917	0.530683
5.978844	0.519272
5.982771	0.508291
5.986698	0.498038
5.990624	0.488778
5.994551	0.480671
5.998478	0.473729
6.002405	0.467790
6.006332	0.462546
6.010259	0.457602
6.014186	0.452550
6.018113	0.447035
6.022040	0.440792
6.025967	0.433660
6.029894	0.425575
6.033821	0.416558
6.037748	0.406701
6.041675	0.396157
6.045602	0.385120
6.049529	0.373812
6.053456	0.362466
6.057383	0.351303
6.061310	0.340525
6.065237	0.330300
6.069164	0.320762
6.073091	0.312000
6.077018	0.304064
6.080945	0.296964
6.084872	0.290678
6.088799	0.285162
6.092726	0.280359
6.096653	0.276214
6.100580	0.272687
6.104507	0.269758
6.108434	0.267431
6.112361	0.265735
6.116288	0.264718
6.120215	0.264437
6.124142	0.264952
6.128069	0.266316
6.131996	0.268575
6.135923	0.271758
6.139850	0.275877
6.143777	0.280924
6.147704	0.286869
6.151631	0.293659
6.155558	0.301216
6.159485	0.309446
6.163412	0.318240
6.167339	0.327486
6.171266	0.337076
6.175193	0.346914
6.179120	0.356917
6.183047	0.367017
6.186974	0.377155
6.190901	0.387277
6.194828	0.397326
6.198755	0.407242
6.202682	0.416947
6.206609	0.426348
6.210536	0.435334
6.214463	0.443803
6.218390	0.451698
6.222317	0.459058
6.226244	0.466043
6.230171	0.472932
6.234098	0.480062
6.238025	0.487728
6.241952	0.496073
6.245879	0.505006
6.249806	0.514177
6.253733	0.523030
6.257660	0.530910
6.261587	0.537211
6.265514	0.541501
6.269441	0.543613
6.273368	0.543677
6.277295	0.542083
6.281222	0.539412
6.285149	0.536329
6.289076	0.533476
6.293003	0.531364
6.296930	0.530299
6.300857	0.530342
6.304784	0.531329
6.308711	0.532938
6.312638	0.534786
6.316565	0.536536
6.320492	0.537981
6.324419	0.539091
6.328346	0.540011
6.332273	0.541022
6.336200	0.542470
6.340127	0.544688
6.344054	0.547944
6.347981	0.552426
6.351908	0.558282
6.355835	0.565661
6.359762	0.574722
6.363689	0.585562
6.367616	0.598072
6.371543	0.611802
6.375470	0.625915
6.379397	0.639274
6.383324	0.650646
6.387251	0.658931
6.391178	0.663352
6.395105	0.663549
6.399032	0.659577
6.402959	0.651844
6.406886	0.640999
6.410813	0.627820
6.414739	0.613107
6.418666	0.597602
6.422593	0.581931
6.426520	0.566588
6.430447	0.551932
6.434374	0.538220
6.438301	0.525635
6.442228	0.514325
6.446155	0.504432
6.450082	0.496102
6.454009	0.489492
6.457936	0.484763
6.461863	0.482075
6.465790	0.481576
6.469717	0.483395
6.473644	0.487645
6.477571	0.494412
6.481498	0.503761
6.485425	0.515726
6.489352	0.530310
6.493279	0.547471
6.497206	0.567121
6.501133	0.589113
6.505060	0.613235
6.508987	0.639213
6.512914	0.666704
6.516841	0.695300
6.520768	0.724517
6.524695	0.753781
6.528622	0.782416
6.532549	0.809647
6.536476	0.834649
6.540403	0.856657
6.544330	0.875108
6.548257	0.889774
6.552184	0.900771
6.556111	0.908423
6.560038	0.913003
6.563965	0.914509
6.567892	0.912586
6.571819	0.906644
6.575746	0.896089
6.579673	0.880564
6.583600	0.860104
6.587527	0.835176
6.591454	0.806602
6.595381	0.775429
6.599308	0.742769
6.603235	0.709660
6.607162	0.676975
6.611089	0.645368
6.615016	0.615276
6.618943	0.586945
6.622870	0.560472
6.626797	0.535854
6.630724	0.513021
6.634651	0.491868
6.638578	0.472267
6.642505	0.454078
6.646432	0.437154
6.650359	0.421344
6.654286	0.406501
6.658213	0.392477
6.662140	0.379130
6.666067	0.366323
6.669994	0.353929
6.673921	0.341843
6.677848	0.329982
6.681775	0.318300
6.685702	0.306790
6.689629	0.295480
6.693556	0.284430
6.697483	0.273718
6.701410	0.263433
6.705337	0.253662
6.709264	0.244481
6.713191	0.235951
6.717118	0.228113
6.721045	0.220993
6.724972	0.214603
6.728899	0.208944
6.732826	0.204009
6.736753	0.199789
6.740680	0.196272
6.744607	0.193448
6.748534	0.191311
6.752461	0.189857
6.756388	0.189087
6.760315	0.189007
6.764242	0.189629
6.768169	0.190972
6.772096	0.193059
6.776023	0.195923
6.779950	0.199598
6.783877	0.204129
6.787804	0.209561
6.791731	0.215943
6.795658	0.223325
6.799585	0.231751
6.803512	0.241259
6.807439	0.251866
6.811366	0.263568
6.815293	0.276321
6.819220	0.290034
6.823147	0.304555
6.827074	0.319658
6.831001	0.335036
6.834928	0.350297
6.838855	0.364967
6.842781	0.378502
6.846708	0.390317
6.850635	0.399821
6.854562	0.406474
6.858489	0.409852
6.862416	0.409707
6.866343	0.406012
6.870270	0.398965
6.874197	0.388967
6.878124	0.376556
6.882051	0.362332
6.885978	0.346888
6.889905	0.330750
6.893832	0.314359
6.897759	0.298058
6.901686	0.282106
6.905613	0.266689
6.909540	0.251943
6.913467	0.237960
6.917394	0.224801
6.921321	0.212501
6.925248	0.201069
6.929175	0.190497
6.933102	0.180760
6.937029	0.171819
6.940956	0.163629
6.944883	0.156143
6.948810	0.149310
6.952737	0.143083
6.956664	0.137421
6.960591	0.132286
6.964518	0.127645
6.968445	0.123468
6.972372	0.119731
6.976299	0.116412
6.980226	0.113492
6.984153	0.110955
6.988080	0.108788
6.992007	0.106979
6.995934	0.105520
6.999861	0.104408
7.003788	0.103639
7.007715	0.103216
7.011642	0.103143
7.015569	0.103429
7.019496	0.104084
7.023423	0.105122
7.027350	0.106563
7.031277	0.108426
7.035204	0.110734
7.039131	0.113512
7.043058	0.116786
7.046985	0.120577
7.050912	0.124905
7.054839	0.129779
7.058766	0.135195
7.062693	0.141129
7.066620	0.147525
7.070547	0.154290
7.074474	0.161283
7.078401	0.168305
7.082328	0.175099
7.086255	0.181355
7.090182	0.186729
7.094109	0.190869
7.098036	0.193464
7.101963	0.194282
7.105890	0.193209
7.109817	0.190269
7.113744	0.185622
7.117671	0.179529
7.121598	0.172320
7.125525	0.164344
7.129452	0.155933
7.133379	0.147373
7.137306	0.138898
7.141233	0.130678
7.145160	0.122834
7.149087	0.115438
7.153014	0.108529
7.156941	0.102117
7.160868	0.096196
7.164795	0.090746
7.168722	0.085740
7.172649	0.081147
7.176576	0.076935
7.180503	0.073073
7.184430	0.069528
7.188357	0.066272
7.192284	0.063278
7.196211	0.060521
7.200138	0.057978
7.204065	0.055628
7.207992	0.053455
7.211919	0.051440
7.215846	0.049569
7.219773	0.047828
7.223700	0.046207
7.227627	0.044693
7.231554	0.043278
7.235481	0.041952
7.239408	0.040709
7.243335	0.039541
7.247262	0.038442
7.251189	0.037406
7.255116	0.036428
7.259043	0.035504
7.262970	0.034630
7.266897	0.033801
7.270823	0.033015
7.274750	0.032268
7.278677	0.031557
7.282604	0.030881
7.286531	0.030236
7.290458	0.029621
7.294385	0.029033
7.298312	0.028471
7.302239	0.027934
7.306166	0.027419
7.310093	0.026925
7.314020	0.026452
7.317947	0.025997
7.321874	0.025560
7.325801	0.025140
7.329728	0.024737
7.333655	0.024348
7.337582	0.023974
7.341509	0.023613
7.345436	0.023266
7.349363	0.022931
7.353290	0.022608
7.357217	0.022296
7.361144	0.021996
7.365071	0.021706
7.368998	0.021426
7.372925	0.021157
7.376852	0.020897
7.380779	0.020647
7.384706	0.020405
7.388633	0.020174
7.392560	0.019951
7.396487	0.019736
7.400414	0.019531
7.404341	0.019334
7.408268	0.019146
7.412195	0.018966
7.416122	0.018794
7.420049	0.018630
7.423976	0.018473
7.427903	0.018323
7.431830	0.018178
7.435757	0.018038
7.439684	0.017900
7.443611	0.017764
7.447538	0.017627
7.451465	0.017488
7.455392	0.017344
7.459319	0.017195
7.463246	0.017039
7.467173	0.016876
7.471100	0.016706
7.475027	0.016531
7.478954	0.016351
7.482881	0.016168
7.486808	0.015984
7.490735	0.015800
7.494662	0.015619
7.498589	0.015441
7.502516	0.015266
7.506443	0.015096
7.510370	0.014931
7.514297	0.014771
7.518224	0.014616
7.522151	0.014466
7.526078	0.014320
7.530005	0.014180
7.533932	0.014043
7.537859	0.013911
7.541786	0.013782
7.545713	0.013658
7.549640	0.013536
7.553567	0.013418
7.557494	0.013303
7.561421	0.013191
7.565348	0.013082
7.569275	0.012976
7.573202	0.012872
7.577129	0.012770
7.581056	0.012671
7.584983	0.012574
7.588910	0.012480
7.592837	0.012387
7.596764	0.012296
7.600691	0.012207
7.604618	0.012119
7.608545	0.012033
7.612472	0.011947
7.616399	0.011863
7.620326	0.011780
7.624253	0.011698
7.628180	0.011617
7.632107	0.011536
7.636034	0.011456
7.639961	0.011377
7.643888	0.011298
7.647815	0.011221
7.651742	0.011143
7.655669	0.011067
7.659596	0.010992
7.663523	0.010917
7.667450	0.010843
7.671377	0.010771
7.675304	0.010700
7.679231	0.010629
7.683158	0.010560
7.687085	0.010492
7.691012	0.010424
7.694939	0.010358
7.698865	0.010293
7.702792	0.010229
7.706719	0.010165
7.710646	0.010103
7.714573	0.010041
7.718500	0.009981
7.722427	0.009921
7.726354	0.009862
7.730281	0.009804
7.734208	0.009746
7.738135	0.009689
7.742062	0.009633
7.745989	0.009578
7.749916	0.009523
7.753843	0.009469
7.757770	0.009416
7.761697	0.009363
7.765624	0.009311
7.769551	0.009259
7.773478	0.009208
7.777405	0.009158
7.781332	0.009108
7.785259	0.009059
7.789186	0.009010
7.793113	0.008962
7.797040	0.008914
7.800967	0.008867
7.804894	0.008821
7.808821	0.008775
7.812748	0.008729
7.816675	0.008684
7.820602	0.008639
7.824529	0.008595
7.828456	0.008551
7.832383	0.008508
7.836310	0.008465
7.840237	0.008422
7.844164	0.008380
7.848091	0.008339
7.852018	0.008297
7.855945	0.008256
7.859872	0.008216
7.863799	0.008176
7.867726	0.008136
7.871653	0.008097
7.875580	0.008058
7.879507	0.008019
7.883434	0.007981
7.887361	0.007943
7.891288	0.007906
7.895215	0.007869
7.899142	0.007832
7.903069	0.007796
7.906996	0.007759
7.910923	0.007724
7.914850	0.007688
7.918777	0.007653
7.922704	0.007618
7.926631	0.007583
7.930558	0.007549
7.934485	0.007515
7.938412	0.007482
7.942339	0.007448
7.946266	0.007415
7.950193	0.007382
7.954120	0.007350
7.958047	0.007318
7.961974	0.007286
7.965901	0.007254
7.969828	0.007222
7.973755	0.007191
7.977682	0.007160
7.981609	0.007130
7.985536	0.007099
7.989463	0.007069
7.993390	0.007039
7.997317	0.007009
8.001244	0.006980
8.005171	0.006951
8.009098	0.006922
8.013025	0.006893
8.016952	0.006865
8.020879	0.006836
8.024806	0.006808
8.028733	0.006780
8.032660	0.006753
8.036587	0.006725
8.040514	0.006698
8.044441	0.006671
8.048368	0.006644
8.052295	0.006618
8.056222	0.006591
8.060149	0.006565
8.064076	0.006539
8.068003	0.006514
8.071930	0.006488
8.075857	0.006463
8.079784	0.006437
8.083711	0.006412
8.087638	0.006388
8.091565	0.006363
8.095492	0.006338
8.099419	0.006314
8.103346	0.006290
8.107273	0.006266
8.111200	0.006242
8.115127	0.006219
8.119054	0.006195
8.122981	0.006172
8.126907	0.006149
8.130834	0.006126
8.134761	0.006103
8.138688	0.006081
8.142615	0.006058
8.146542	0.006036
8.150469	0.006014
8.154396	0.005992
8.158323	0.005970
8.162250	0.005948
8.166177	0.005927
8.170104	0.005906
8.174031	0.005884
8.177958	0.005863
8.181885	0.005842
8.185812	0.005822
8.189739	0.005801
8.193666	0.005781
8.197593	0.005760
8.201520	0.005740
8.205447	0.005720
8.209374	0.005700
8.213301	0.005680
8.217228	0.005661
8.221155	0.005641
8.225082	0.005622
8.229009	0.005603
8.232936	0.005584
8.236863	0.005565
8.240790	0.005546
8.244717	0.005527
8.248644	0.005508
8.252571	0.005490
8.256498	0.005472
8.260425	0.005454
8.264352	0.005436
8.268279	0.005418
8.272206	0.005400
8.276133	0.005382
8.280060	0.005365
8.283987	0.005347
8.287914	0.005330
8.291841	0.005313
8.295768	0.005296
8.299695	0.005279
8.303622	0.005263
8.307549	0.005246
8.311476	0.005230
8.315403	0.005214
8.319330	0.005198
8.323257	0.005182
8.327184	0.005166
8.331111	0.005151
8.335038	0.005136
8.338965	0.005121
8.342892	0.005106
8.346819	0.005091
8.350746	0.005077
8.354673	0.005063
8.358600	0.005049
8.362527	0.005035
8.366454	0.005022
8.370381	0.005009
8.374308	0.004996
8.378235	0.004983
8.382162	0.004970
8.386089	0.004957
8.390016	0.004945
8.393943	0.004932
8.397870	0.004918
8.401797	0.004905
8.405724	0.004891
8.409651	0.004876
8.413578	0.004861
8.417505	0.004846
8.421432	0.004830
8.425359	0.004814
8.429286	0.004798
8.433213	0.004782
8.437140	0.004765
8.441067	0.004749
8.444994	0.004733
8.448921	0.004718
8.452848	0.004702
8.456775	0.004687
8.460702	0.004672
8.464629	0.004657
8.468556	0.004642
8.472483	0.004628
8.476410	0.004614
8.480337	0.004600
8.484264	0.004586
8.488191	0.004572
8.492118	0.004559
8.496045	0.004545
8.499972	0.004532
8.503899	0.004519
8.507826	0.004507
8.511753	0.004494
8.515680	0.004482
8.519607	0.004470
8.523534	0.004458
8.527461	0.004446
8.531388	0.004434
8.535315	0.004423
8.539242	0.004412
8.543169	0.004401
8.547096	0.004390
8.551023	0.004380
8.554949	0.004370
8.558876	0.004360
8.562803	0.004350
8.566730	0.004341
8.570657	0.004332
8.574584	0.004324
8.578511	0.004315
8.582438	0.004307
8.586365	0.004299
8.590292	0.004292
8.594219	0.004284
8.598146	0.004277
8.602073	0.004269
8.606000	0.004261
8.609927	0.004252
8.613854	0.004243
8.617781	0.004234
8.621708	0.004223
8.625635	0.004212
8.629562	0.004200
8.633489	0.004188
8.637416	0.004175
8.641343	0.004161
8.645270	0.004148
8.649197	0.004134
8.653124	0.004121
8.657051	0.004108
8.660978	0.004095
8.664905	0.004082
8.668832	0.004069
8.672759	0.004057
8.676686	0.004045
8.680613	0.004034
8.684540	0.004023
8.688467	0.004012
8.692394	0.004001
8.696321	0.003991
8.700248	0.003981
8.704175	0.003971
8.708102	0.003962
8.712029	0.003952
8.715956	0.003944
8.719883	0.003935
8.723810	0.003927
8.727737	0.003919
8.731664	0.003911
8.735591	0.003904
8.739518	0.003897
8.743445	0.003891
8.747372	0.003885
8.751299	0.003879
8.755226	0.003875
8.759153	0.003870
8.763080	0.003867
8.767007	0.003864
8.770934	0.003861
8.774861	0.003859
8.778788	0.003858
8.782715	0.003857
8.786642	0.003856
8.790569	0.003856
8.794496	0.003855
8.798423	0.003854
8.802350	0.003852
8.806277	0.003848
8.810204	0.003843
8.814131	0.003837
8.818058	0.003828
8.821985	0.003817
8.825912	0.003805
8.829839	0.003791
8.833766	0.003776
8.837693	0.003760
8.841620	0.003744
8.845547	0.003728
8.849474	0.003711
8.853401	0.003696
8.857328	0.003680
8.861255	0.003665
8.865182	0.003651
8.869109	0.003638
8.873036	0.003625
8.876963	0.003613
8.880890	0.003601
8.884817	0.003590
8.888744	0.003580
8.892671	0.003570
8.896598	0.003561
8.900525	0.003553
8.904452	0.003545
8.908379	0.003537
8.912306	0.003530
8.916233	0.003523
8.920160	0.003517
8.924087	0.003512
8.928014	0.003507
8.931941	0.003502
8.935868	0.003499
8.939795	0.003495
8.943722	0.003492
8.947649	0.003490
8.951576	0.003488
8.955503	0.003487
8.959430	0.003487
8.963357	0.003487
8.967284	0.003487
8.971211	0.003489
8.975138	0.003490
8.979065	0.003492
8.982991	0.003494
8.986918	0.003496
8.990845	0.003498
8.994772	0.003499
8.998699	0.003498
9.002626	0.003496
9.006553	0.003492
9.010480	0.003486
9.014407	0.003477
9.018334	0.003465
9.022261	0.003452
9.026188	0.003437
9.030115	0.003420
9.034042	0.003403
9.037969	0.003385
9.041896	0.003367
9.045823	0.003350
9.049750	0.003333
9.053677	0.003316
9.057604	0.003300
9.061531	0.003285
9.065458	0.003271
9.069385	0.003257
9.073312	0.003244
9.077239	0.003232
9.081166	0.003220
9.085093	0.003209
9.089020	0.003199
9.092947	0.003189
9.096874	0.003179
9.100801	0.003171
9.104728	0.003162
9.108655	0.003154
9.112582	0.003146
9.116509	0.003139
9.120436	0.003132
9.124363	0.003125
9.128290	0.003119
9.132217	0.003113
9.136144	0.003107
9.140071	0.003101
9.143998	0.003096
9.147925	0.003090
9.151852	0.003084
9.155779	0.003079
9.159706	0.003073
9.163633	0.003067
9.167560	0.003062
9.171487	0.003056
9.175414	0.003051
9.179341	0.003046
9.183268	0.003041
9.187195	0.003036
9.191122	0.003032
9.195049	0.003029
9.198976	0.003025
9.202903	0.003023
9.206830	0.003020
9.210757	0.003018
9.214684	0.003017
9.218611	0.003015
9.222538	0.003014
9.226465	0.003014
9.230392	0.003013
9.234319	0.003012
9.238246	0.003012
9.242173	0.003011
9.246100	0.003009
9.250027	0.003007
9.253954	0.003003
9.257881	0.002998
9.261808	0.002992
9.265735	0.002984
9.269662	0.002975
9.273589	0.002965
9.277516	0.002954
9.281443	0.002942
9.285370	0.002930
9.289297	0.002917
9.293224	0.002905
9.297151	0.002893
9.301078	0.002881
9.305005	0.002870
9.308932	0.002859
9.312859	0.002848
9.316786	0.002839
9.320713	0.002829
9.324640	0.002820
9.328567	0.002811
9.332494	0.002803
9.336421	0.002795
9.340348	0.002788
9.344275	0.002780
9.348202	0.002773
9.352129	0.002767
9.356056	0.002760
9.359983	0.002754
9.363910	0.002748
9.367837	0.002743
9.371764	0.002737
9.375691	0.002732
9.379618	0.002727
9.383545	0.002722
9.387472	0.002717
9.391399	0.002713
9.395326	0.002708
9.399253	0.002703
9.403180	0.002699
9.407107	0.002695
9.411033	0.002690
9.414960	0.002686
9.418887	0.002681
9.422814	0.002677
9.426741	0.002672
9.430668	0.002667
9.434595	0.002663
9.438522	0.002658
9.442449	0.002653
9.446376	0.002649
9.450303	0.002644
9.454230	0.002640
9.458157	0.002636
9.462084	0.002632
9.466011	0.002628
9.469938	0.002624
9.473865	0.002621
9.477792	0.002618
9.481719	0.002615
9.485646	0.002613
9.489573	0.002610
9.493500	0.002608
9.497427	0.002606
9.501354	0.002604
9.505281	0.002602
9.509208	0.002599
9.513135	0.002597
9.517062	0.002594
9.520989	0.002591
9.524916	0.002588
9.528843	0.002584
9.532770	0.002580
9.536697	0.002576
9.540624	0.002572
9.544551	0.002568
9.548478	0.002564
9.552405	0.002560
9.556332	0.002557
9.560259	0.002553
9.564186	0.002549
9.568113	0.002545
9.572040	0.002541
9.575967	0.002537
9.579894	0.002533
9.583821	0.002528
9.587748	0.002524
9.591675	0.002519
9.595602	0.002514
9.599529	0.002509
9.603456	0.002504
9.607383	0.002499
9.611310	0.002494
9.615237	0.002489
9.619164	0.002484
9.623091	0.002479
9.627018	0.002475
9.630945	0.002470
9.634872	0.002466
9.638799	0.002462
9.642726	0.002459
9.646653	0.002456
9.650580	0.002453
9.654507	0.002451
9.658434	0.002449
9.662361	0.002448
9.666288	0.002447
9.670215	0.002447
9.674142	0.002447
9.678069	0.002448
9.681996	0.002448
9.685923	0.002449
9.689850	0.002449
9.693777	0.002449
9.697704	0.002448
9.701631	0.002446
9.705558	0.002443
9.709485	0.002439
9.713412	0.002434
9.717339	0.002427
9.721266	0.002420
9.725193	0.002411
9.729120	0.002403
9.733047	0.002393
9.736974	0.002384
9.740901	0.002375
9.744828	0.002367
9.748755	0.002358
9.752682	0.002350
9.756609	0.002342
9.760536	0.002335
9.764463	0.002328
9.768390	0.002322
9.772317	0.002316
9.776244	0.002310
9.780171	0.002305
9.784098	0.002300
9.788025	0.002296
9.791952	0.002292
9.795879	0.002288
9.799806	0.002285
9.803733	0.002281
9.807660	0.002279
9.811587	0.002276
9.815514	0.002274
9.819441	0.002272
