-9.819441	0.001360
-9.815514	0.001361
-9.811587	0.001362
-9.807660	0.001364
-9.803733	0.001365
-9.799806	0.001366
-9.795879	0.001367
-9.791952	0.001368
-9.788025	0.001369
-9.784098	0.001369
-9.780171	0.001370
-9.776244	0.001370
-9.772317	0.001370
-9.768390	0.001369
-9.764463	0.001369
-9.760536	0.001368
-9.756609	0.001367
-9.752682	0.001366
-9.748755	0.001365
-9.744828	0.001364
-9.740901	0.001364
-9.736974	0.001363
-9.733047	0.001363
-9.729120	0.001363
-9.725193	0.001363
-9.721266	0.001364
-9.717339	0.001365
-9.713412	0.001366
-9.709485	0.001368
-9.705558	0.001369
-9.701631	0.001372
-9.697704	0.001374
-9.693777	0.001377
-9.689850	0.001380
-9.685923	0.001384
-9.681996	0.001388
-9.678069	0.001393
-9.674142	0.001398
-9.670215	0.001403
-9.666288	0.001409
-9.662361	0.001416
-9.658434	0.001423
-9.654507	0.001431
-9.650580	0.001439
-9.646653	0.001447
-9.642726	0.001456
-9.638799	0.001465
-9.634872	0.001473
-9.630945	0.001482
-9.627018	0.001490
-9.623091	0.001497
-9.619164	0.001504
-9.615237	0.001510
-9.611310	0.001515
-9.607383	0.001520
-9.603456	0.001523
-9.599529	0.001526
-9.595602	0.001528
-9.591675	0.001530
-9.587748	0.001531
-9.583821	0.001532
-9.579894	0.001533
-9.575967	0.001534
-9.572040	0.001534
-9.568113	0.001534
-9.564186	0.001535
-9.560259	0.001535
-9.556332	0.001534
-9.552405	0.001534
-9.548478	0.001533
-9.544551	0.001531
-9.540624	0.001529
-9.536697	0.001527
-9.532770	0.001524
-9.528843	0.001522
-9.524916	0.001519
-9.520989	0.001516
-9.517062	0.001513
-9.513135	0.001511
-9.509208	0.001509
-9.505281	0.001507
-9.501354	0.001506
-9.497427	0.001505
-9.493500	0.001505
-9.489573	0.001506
-9.485646	0.001507
-9.481719	0.001508
-9.477792	0.001510
-9.473865	0.001513
-9.469938	0.001516
-9.466011	0.001521
-9.462084	0.001525
-9.458157	0.001531
-9.454230	0.001537
-9.450303	0.001544
-9.446376	0.001552
-9.442449	0.001560
-9.438522	0.001570
-9.434595	0.001580
-9.430668	0.001590
-9.426741	0.001601
-9.422814	0.001613
-9.418887	0.001624
-9.414960	0.001635
-9.411033	0.001646
-9.407107	0.001657
-9.403180	0.001666
-9.399253	0.001675
-9.395326	0.001683
-9.391399	0.001690
-9.387472	0.001696
-9.383545	0.001701
-9.379618	0.001705
-9.375691	0.001708
-9.371764	0.001712
-9.367837	0.001714
-9.363910	0.001717
-9.359983	0.001720
-9.356056	0.001722
-9.352129	0.001724
-9.348202	0.001726
-9.344275	0.001728
-9.340348	0.001729
-9.336421	0.001729
-9.332494	0.001728
-9.328567	0.001726
-9.324640	0.001722
-9.320713	0.001717
-9.316786	0.001712
-9.312859	0.001706
-9.308932	0.001700
-9.305005	0.001694
-9.301078	0.001688
-9.297151	0.001682
-9.293224	0.001678
-9.289297	0.001674
-9.285370	0.001671
-9.281443	0.001669
-9.277516	0.001667
-9.273589	0.001666
-9.269662	0.001667
-9.265735	0.001668
-9.261808	0.001669
-9.257881	0.001672
-9.253954	0.001676
-9.250027	0.001680
-9.246100	0.001686
-9.242173	0.001693
-9.238246	0.001700
-9.234319	0.001709
-9.230392	0.001719
-9.226465	0.001730
-9.222538	0.001742
-9.218611	0.001755
-9.214684	0.001768
-9.210757	0.001782
-9.206830	0.001796
-9.202903	0.001809
-9.198976	0.001823
-9.195049	0.001835
-9.191122	0.001846
-9.187195	0.001857
-9.183268	0.001866
-9.179341	0.001874
-9.175414	0.001882
-9.171487	0.001889
-9.167560	0.001895
-9.163633	0.001901
-9.159706	0.001906
-9.155779	0.001911
-9.151852	0.001915
-9.147925	0.001919
-9.143998	0.001922
-9.140071	0.001925
-9.136144	0.001926
-9.132217	0.001926
-9.128290	0.001924
-9.124363	0.001921
-9.120436	0.001916
-9.116509	0.001910
-9.112582	0.001902
-9.108655	0.001894
-9.104728	0.001885
-9.100801	0.001875
-9.096874	0.001866
-9.092947	0.001857
-9.089020	0.001849
-9.085093	0.001842
-9.081166	0.001836
-9.077239	0.001831
-9.073312	0.001827
-9.069385	0.001825
-9.065458	0.001823
-9.061531	0.001823
-9.057604	0.001824
-9.053677	0.001825
-9.049750	0.001828
-9.045823	0.001832
-9.041896	0.001836
-9.037969	0.001841
-9.034042	0.001848
-9.030115	0.001855
-9.026188	0.001864
-9.022261	0.001874
-9.018334	0.001885
-9.014407	0.001898
-9.010480	0.001912
-9.006553	0.001928
-9.002626	0.001946
-8.998699	0.001966
-8.994772	0.001987
-8.990845	0.002009
-8.986918	0.002033
-8.982991	0.002057
-8.979065	0.002082
-8.975138	0.002107
-8.971211	0.002131
-8.967284	0.002153
-8.963357	0.002174
-8.959430	0.002192
-8.955503	0.002208
-8.951576	0.002220
-8.947649	0.002230
-8.943722	0.002236
-8.939795	0.002240
-8.935868	0.002240
-8.931941	0.002238
-8.928014	0.002233
-8.924087	0.002225
-8.920160	0.002215
-8.916233	0.002204
-8.912306	0.002190
-8.908379	0.002175
-8.904452	0.002159
-8.900525	0.002143
-8.896598	0.002126
-8.892671	0.002110
-8.888744	0.002095
-8.884817	0.002081
-8.880890	0.002069
-8.876963	0.002058
-8.873036	0.002049
-8.869109	0.002041
-8.865182	0.002035
-8.861255	0.002030
-8.857328	0.002027
-8.853401	0.002025
-8.849474	0.002024
-8.845547	0.002023
-8.841620	0.002024
-8.837693	0.002025
-8.833766	0.002028
-8.829839	0.002031
-8.825912	0.002036
-8.821985	0.002042
-8.818058	0.002050
-8.814131	0.002059
-8.810204	0.002070
-8.806277	0.002083
-8.802350	0.002098
-8.798423	0.002114
-8.794496	0.002133
-8.790569	0.002154
-8.786642	0.002176
-8.782715	0.002200
-8.778788	0.002224
-8.774861	0.002250
-8.770934	0.002276
-8.767007	0.002302
-8.763080	0.002327
-8.759153	0.002350
-8.755226	0.002372
-8.751299	0.002392
-8.747372	0.002409
-8.743445	0.002426
-8.739518	0.002440
-8.735591	0.002454
-8.731664	0.002467
-8.727737	0.002479
-8.723810	0.002490
-8.719883	0.002501
-8.715956	0.002511
-8.712029	0.002520
-8.708102	0.002527
-8.704175	0.002533
-8.700248	0.002536
-8.696321	0.002535
-8.692394	0.002532
-8.688467	0.002525
-8.684540	0.002514
-8.680613	0.002500
-8.676686	0.002484
-8.672759	0.002466
-8.668832	0.002447
-8.664905	0.002427
-8.660978	0.002408
-8.657051	0.002390
-8.653124	0.002373
-8.649197	0.002358
-8.645270	0.002343
-8.641343	0.002331
-8.637416	0.002320
-8.633489	0.002310
-8.629562	0.002302
-8.625635	0.002296
-8.621708	0.002292
-8.617781	0.002290
-8.613854	0.002290
-8.609927	0.002292
-8.606000	0.002297
-8.602073	0.002304
-8.598146	0.002313
-8.594219	0.002325
-8.590292	0.002340
-8.586365	0.002356
-8.582438	0.002375
-8.578511	0.002396
-8.574584	0.002419
-8.570657	0.002443
-8.566730	0.002468
-8.562803	0.002493
-8.558876	0.002518
-8.554949	0.002543
-8.551023	0.002566
-8.547096	0.002588
-8.543169	0.002608
-8.539242	0.002627
-8.535315	0.002645
-8.531388	0.002662
-8.527461	0.002679
-8.523534	0.002695
-8.519607	0.002712
-8.515680	0.002728
-8.511753	0.002744
-8.507826	0.002758
-8.503899	0.002771
-8.499972	0.002780
-8.496045	0.002786
-8.492118	0.002787
-8.488191	0.002784
-8.484264	0.002777
-8.480337	0.002765
-8.476410	0.002750
-8.472483	0.002733
-8.468556	0.002713
-8.464629	0.002693
-8.460702	0.002673
-8.456775	0.002653
-8.452848	0.002634
-8.448921	0.002617
-8.444994	0.002601
-8.441067	0.002586
-8.437140	0.002573
-8.433213	0.002561
-8.429286	0.002550
-8.425359	0.002541
-8.421432	0.002533
-8.417505	0.002526
-8.413578	0.002522
-8.409651	0.002519
-8.405724	0.002519
-8.401797	0.002521
-8.397870	0.002526
-8.393943	0.002533
-8.390016	0.002543
-8.386089	0.002556
-8.382162	0.002572
-8.378235	0.002591
-8.374308	0.002613
-8.370381	0.002639
-8.366454	0.002668
-8.362527	0.002701
-8.358600	0.002737
-8.354673	0.002777
-8.350746	0.002821
-8.346819	0.002868
-8.342892	0.002918
-8.338965	0.002970
-8.335038	0.003023
-8.331111	0.003077
-8.327184	0.003130
-8.323257	0.003181
-8.319330	0.003228
-8.315403	0.003272
-8.311476	0.003310
-8.307549	0.003343
-8.303622	0.003371
-8.299695	0.003395
-8.295768	0.003414
-8.291841	0.003429
-8.287914	0.003441
-8.283987	0.003449
-8.280060	0.003453
-8.276133	0.003453
-8.272206	0.003448
-8.268279	0.003440
-8.264352	0.003428
-8.260425	0.003413
-8.256498	0.003395
-8.252571	0.003374
-8.248644	0.003352
-8.244717	0.003328
-8.240790	0.003303
-8.236863	0.003277
-8.232936	0.003252
-8.229009	0.003226
-8.225082	0.003202
-8.221155	0.003180
-8.217228	0.003159
-8.213301	0.003141
-8.209374	0.003127
-8.205447	0.003117
-8.201520	0.003111
-8.197593	0.003109
-8.193666	0.003113
-8.189739	0.003122
-8.185812	0.003136
-8.181885	0.003156
-8.177958	0.003182
-8.174031	0.003214
-8.170104	0.003252
-8.166177	0.003295
-8.162250	0.003344
-8.158323	0.003397
-8.154396	0.003455
-8.150469	0.003516
-8.146542	0.003578
-8.142615	0.003641
-8.138688	0.003701
-8.134761	0.003756
-8.130834	0.003806
-8.126907	0.003847
-8.122981	0.003879
-8.119054	0.003901
-8.115127	0.003914
-8.111200	0.003919
-8.107273	0.003918
-8.103346	0.003913
-8.099419	0.003906
-8.095492	0.003899
-8.091565	0.003894
-8.087638	0.003892
-8.083711	0.003893
-8.079784	0.003898
-8.075857	0.003905
-8.071930	0.003914
-8.068003	0.003925
-8.064076	0.003934
-8.060149	0.003941
-8.056222	0.003944
-8.052295	0.003941
-8.048368	0.003932
-8.044441	0.003916
-8.040514	0.003893
-8.036587	0.003862
-8.032660	0.003826
-8.028733	0.003785
-8.024806	0.003743
-8.020879	0.003699
-8.016952	0.003657
-8.013025	0.003618
-8.009098	0.003583
-8.005171	0.003553
-8.001244	0.003528
-7.997317	0.003509
-7.993390	0.003497
-7.989463	0.003491
-7.985536	0.003491
-7.981609	0.003499
-7.977682	0.003512
-7.973755	0.003533
-7.969828	0.003560
-7.965901	0.003593
-7.961974	0.003633
-7.958047	0.003678
-7.954120	0.003729
-7.950193	0.003784
-7.946266	0.003842
-7.942339	0.003902
-7.938412	0.003963
-7.934485	0.004024
-7.930558	0.004082
-7.926631	0.004138
-7.922704	0.004191
-7.918777	0.004242
-7.914850	0.004290
-7.910923	0.004337
-7.906996	0.004384
-7.903069	0.004433
-7.899142	0.004484
-7.895215	0.004536
-7.891288	0.004589
-7.887361	0.004640
-7.883434	0.004688
-7.879507	0.004729
-7.875580	0.004759
-7.871653	0.004777
-7.867726	0.004780
-7.863799	0.004767
-7.859872	0.004739
-7.855945	0.004697
-7.852018	0.004644
-7.848091	0.004582
-7.844164	0.004516
-7.840237	0.004448
-7.836310	0.004380
-7.832383	0.004315
-7.828456	0.004252
-7.824529	0.004193
-7.820602	0.004138
-7.816675	0.004088
-7.812748	0.004042
-7.808821	0.004001
-7.804894	0.003965
-7.800967	0.003934
-7.797040	0.003910
-7.793113	0.003891
-7.789186	0.003879
-7.785259	0.003874
-7.781332	0.003875
-7.777405	0.003884
-7.773478	0.003900
-7.769551	0.003922
-7.765624	0.003952
-7.761697	0.003989
-7.757770	0.004032
-7.753843	0.004081
-7.749916	0.004136
-7.745989	0.004195
-7.742062	0.004257
-7.738135	0.004321
-7.734208	0.004386
-7.730281	0.004451
-7.726354	0.004515
-7.722427	0.004578
-7.718500	0.004638
-7.714573	0.004698
-7.710646	0.004756
-7.706719	0.004816
-7.702792	0.004876
-7.698865	0.004938
-7.694939	0.005002
-7.691012	0.005067
-7.687085	0.005131
-7.683158	0.005194
-7.679231	0.005251
-7.675304	0.005300
-7.671377	0.005337
-7.667450	0.005361
-7.663523	0.005368
-7.659596	0.005358
-7.655669	0.005332
-7.651742	0.005292
-7.647815	0.005239
-7.643888	0.005176
-7.639961	0.005106
-7.636034	0.005032
-7.632107	0.004956
-7.628180	0.004880
-7.624253	0.004805
-7.620326	0.004733
-7.616399	0.004664
-7.612472	0.004600
-7.608545	0.004540
-7.604618	0.004487
-7.600691	0.004440
-7.596764	0.004400
-7.592837	0.004368
-7.588910	0.004344
-7.584983	0.004329
-7.581056	0.004321
-7.577129	0.004323
-7.573202	0.004332
-7.569275	0.004350
-7.565348	0.004376
-7.561421	0.004409
-7.557494	0.004450
-7.553567	0.004498
-7.549640	0.004552
-7.545713	0.004611
-7.541786	0.004675
-7.537859	0.004742
-7.533932	0.004811
-7.530005	0.004882
-7.526078	0.004954
-7.522151	0.005026
-7.518224	0.005098
-7.514297	0.005168
-7.510370	0.005237
-7.506443	0.005303
-7.502516	0.005365
-7.498589	0.005421
-7.494662	0.005472
-7.490735	0.005515
-7.486808	0.005549
-7.482881	0.005573
-7.478954	0.005585
-7.475027	0.005585
-7.471100	0.005572
-7.467173	0.005546
-7.463246	0.005509
-7.459319	0.005463
-7.455392	0.005409
-7.451465	0.005350
-7.447538	0.005288
-7.443611	0.005226
-7.439684	0.005166
-7.435757	0.005108
-7.431830	0.005054
-7.427903	0.005003
-7.423976	0.004955
-7.420049	0.004911
-7.416122	0.004869
-7.412195	0.004830
-7.408268	0.004794
-7.404341	0.004762
-7.400414	0.004734
-7.396487	0.004711
-7.392560	0.004694
-7.388633	0.004683
-7.384706	0.004679
-7.380779	0.004683
-7.376852	0.004695
-7.372925	0.004715
-7.368998	0.004744
-7.365071	0.004783
-7.361144	0.004831
-7.357217	0.004888
-7.353290	0.004956
-7.349363	0.005034
-7.345436	0.005123
-7.341509	0.005222
-7.337582	0.005332
-7.333655	0.005452
-7.329728	0.005581
-7.325801	0.005719
-7.321874	0.005863
-7.317947	0.006011
-7.314020	0.006161
-7.310093	0.006310
-7.306166	0.006456
-7.302239	0.006594
-7.298312	0.006720
-7.294385	0.006832
-7.290458	0.006926
-7.286531	0.006999
-7.282604	0.007049
-7.278677	0.007073
-7.274750	0.007073
-7.270823	0.007049
-7.266897	0.007004
-7.262970	0.006940
-7.259043	0.006862
-7.255116	0.006773
-7.251189	0.006676
-7.247262	0.006574
-7.243335	0.006469
-7.239408	0.006363
-7.235481	0.006257
-7.231554	0.006154
-7.227627	0.006054
-7.223700	0.005959
-7.219773	0.005872
-7.215846	0.005792
-7.211919	0.005722
-7.207992	0.005662
-7.204065	0.005612
-7.200138	0.005575
-7.196211	0.005549
-7.192284	0.005535
-7.188357	0.005533
-7.184430	0.005543
-7.180503	0.005564
-7.176576	0.005597
-7.172649	0.005642
-7.168722	0.005697
-7.164795	0.005763
-7.160868	0.005837
-7.156941	0.005920
-7.153014	0.006010
-7.149087	0.006104
-7.145160	0.006202
-7.141233	0.006301
-7.137306	0.006401
-7.133379	0.006499
-7.129452	0.006595
-7.125525	0.006688
-7.121598	0.006778
-7.117671	0.006865
-7.113744	0.006947
-7.109817	0.007026
-7.105890	0.007101
-7.101963	0.007172
-7.098036	0.007239
-7.094109	0.007302
-7.090182	0.007362
-7.086255	0.007418
-7.082328	0.007469
-7.078401	0.007515
-7.074474	0.007555
-7.070547	0.007587
-7.066620	0.007610
-7.062693	0.007624
-7.058766	0.007626
-7.054839	0.007617
-7.050912	0.007596
-7.046985	0.007564
-7.043058	0.007520
-7.039131	0.007467
-7.035204	0.007404
-7.031277	0.007334
-7.027350	0.007259
-7.023423	0.007180
-7.019496	0.007101
-7.015569	0.007024
-7.011642	0.006953
-7.007715	0.006890
-7.003788	0.006838
-6.999861	0.006798
-6.995934	0.006771
-6.992007	0.006760
-6.988080	0.006764
-6.984153	0.006784
-6.980226	0.006821
-6.976299	0.006874
-6.972372	0.006944
-6.968445	0.007030
-6.964518	0.007131
-6.960591	0.007247
-6.956664	0.007375
-6.952737	0.007513
-6.948810	0.007660
-6.944883	0.007810
-6.940956	0.007962
-6.937029	0.008112
-6.933102	0.008256
-6.929175	0.008393
-6.925248	0.008522
-6.921321	0.008643
-6.917394	0.008758
-6.913467	0.008868
-6.909540	0.008976
-6.905613	0.009083
-6.901686	0.009189
-6.897759	0.009293
-6.893832	0.009395
-6.889905	0.009491
-6.885978	0.009578
-6.882051	0.009655
-6.878124	0.009717
-6.874197	0.009766
-6.870270	0.009801
-6.866343	0.009823
-6.862416	0.009835
-6.858489	0.009839
-6.854562	0.009840
-6.850635	0.009839
-6.846708	0.009840
-6.842781	0.009842
-6.838855	0.009846
-6.834928	0.009850
-6.831001	0.009851
-6.827074	0.009845
-6.823147	0.009829
-6.819220	0.009800
-6.815293	0.009758
-6.811366	0.009703
-6.807439	0.009639
-6.803512	0.009570
-6.799585	0.009501
-6.795658	0.009438
-6.791731	0.009387
-6.787804	0.009351
-6.783877	0.009334
-6.779950	0.009339
-6.776023	0.009367
-6.772096	0.009418
-6.768169	0.009493
-6.764242	0.009590
-6.760315	0.009708
-6.756388	0.009845
-6.752461	0.009999
-6.748534	0.010166
-6.744607	0.010347
-6.740680	0.010538
-6.736753	0.010738
-6.732826	0.010947
-6.728899	0.011162
-6.724972	0.011383
-6.721045	0.011607
-6.717118	0.011830
-6.713191	0.012048
-6.709264	0.012253
-6.705337	0.012438
-6.701410	0.012592
-6.697483	0.012708
-6.693556	0.012776
-6.689629	0.012790
-6.685702	0.012745
-6.681775	0.012644
-6.677848	0.012489
-6.673921	0.012289
-6.669994	0.012054
-6.666067	0.011795
-6.662140	0.011525
-6.658213	0.011253
-6.654286	0.010989
-6.650359	0.010740
-6.646432	0.010511
-6.642505	0.010307
-6.638578	0.010130
-6.634651	0.009980
-6.630724	0.009859
-6.626797	0.009768
-6.622870	0.009705
-6.618943	0.009670
-6.615016	0.009665
-6.611089	0.009687
-6.607162	0.009739
-6.603235	0.009819
-6.599308	0.009929
-6.595381	0.010069
-6.591454	0.010240
-6.587527	0.010443
-6.583600	0.010679
-6.579673	0.010949
-6.575746	0.011254
-6.571819	0.011594
-6.567892	0.011968
-6.563965	0.012376
-6.560038	0.012816
-6.556111	0.013285
-6.552184	0.013777
-6.548257	0.014287
-6.544330	0.014806
-6.540403	0.015326
-6.536476	0.015835
-6.532549	0.016320
-6.528622	0.016766
-6.524695	0.017159
-6.520768	0.017483
-6.516841	0.017724
-6.512914	0.017871
-6.508987	0.017916
-6.505060	0.017860
-6.501133	0.017704
-6.497206	0.017458
-6.493279	0.017134
-6.489352	0.016747
-6.485425	0.016312
-6.481498	0.015844
-6.477571	0.015359
-6.473644	0.014869
-6.469717	0.014385
-6.465790	0.013918
-6.461863	0.013475
-6.457936	0.013062
-6.454009	0.012683
-6.450082	0.012340
-6.446155	0.012034
-6.442228	0.011766
-6.438301	0.011534
-6.434374	0.011338
-6.430447	0.011178
-6.426520	0.011051
-6.422593	0.010957
-6.418666	0.010895
-6.414739	0.010864
-6.410813	0.010863
-6.406886	0.010893
-6.402959	0.010952
-6.399032	0.011041
-6.395105	0.011160
-6.391178	0.011307
-6.387251	0.011483
-6.383324	0.011688
-6.379397	0.011919
-6.375470	0.012176
-6.371543	0.012458
-6.367616	0.012761
-6.363689	0.013084
-6.359762	0.013423
-6.355835	0.013776
-6.351908	0.014138
-6.347981	0.014503
-6.344054	0.014866
-6.340127	0.015219
-6.336200	0.015554
-6.332273	0.015863
-6.328346	0.016136
-6.324419	0.016366
-6.320492	0.016547
-6.316565	0.016674
-6.312638	0.016742
-6.308711	0.016748
-6.304784	0.016691
-6.300857	0.016572
-6.296930	0.016394
-6.293003	0.016165
-6.289076	0.015894
-6.285149	0.015595
-6.281222	0.015281
-6.277295	0.014965
-6.273368	0.014659
-6.269441	0.014372
-6.265514	0.014112
-6.261587	0.013886
-6.257660	0.013696
-6.253733	0.013547
-6.249806	0.013439
-6.245879	0.013373
-6.241952	0.013351
-6.238025	0.013373
-6.234098	0.013438
-6.230171	0.013549
-6.226244	0.013705
-6.222317	0.013907
-6.218390	0.014157
-6.214463	0.014455
-6.210536	0.014802
-6.206609	0.015197
-6.202682	0.015640
-6.198755	0.016129
-6.194828	0.016659
-6.190901	0.017225
-6.186974	0.017818
-6.183047	0.018426
-6.179120	0.019035
-6.175193	0.019630
-6.171266	0.020194
-6.167339	0.020711
-6.163412	0.021163
-6.159485	0.021538
-6.155558	0.021825
-6.151631	0.022013
-6.147704	0.022096
-6.143777	0.022073
-6.139850	0.021944
-6.135923	0.021715
-6.131996	0.021397
-6.128069	0.021006
-6.124142	0.020559
-6.120215	0.020074
-6.116288	0.019567
-6.112361	0.019055
-6.108434	0.018548
-6.104507	0.018056
-6.100580	0.017587
-6.096653	0.017145
-6.092726	0.016735
-6.088799	0.016359
-6.084872	0.016021
-6.080945	0.015723
-6.077018	0.015467
-6.073091	0.015254
-6.069164	0.015086
-6.065237	0.014962
-6.061310	0.014883
-6.057383	0.014850
-6.053456	0.014863
-6.049529	0.014922
-6.045602	0.015027
-6.041675	0.015178
-6.037748	0.015376
-6.033821	0.015619
-6.029894	0.015907
-6.025967	0.016239
-6.022040	0.016610
-6.018113	0.017015
-6.014186	0.017448
-6.010259	0.017898
-6.006332	0.018354
-6.002405	0.018801
-5.998478	0.019222
-5.994551	0.019601
-5.990624	0.019922
-5.986698	0.020172
-5.982771	0.020340
-5.978844	0.020422
-5.974917	0.020418
-5.970990	0.020334
-5.967063	0.020181
-5.963136	0.019970
-5.959209	0.019718
-5.955282	0.019439
-5.951355	0.019147
-5.947428	0.018853
-5.943501	0.018565
-5.939574	0.018290
-5.935647	0.018028
-5.931720	0.017780
-5.927793	0.017544
-5.923866	0.017317
-5.919939	0.017096
-5.916012	0.016881
-5.912085	0.016672
-5.908158	0.016472
-5.904231	0.016285
-5.900304	0.016113
-5.896377	0.015963
-5.892450	0.015836
-5.888523	0.015738
-5.884596	0.015670
-5.880669	0.015635
-5.876742	0.015634
-5.872815	0.015668
-5.868888	0.015740
-5.864961	0.015849
-5.861034	0.015996
-5.857107	0.016182
-5.853180	0.016409
-5.849253	0.016677
-5.845326	0.016986
-5.841399	0.017337
-5.837472	0.017729
-5.833545	0.018161
-5.829618	0.018630
-5.825691	0.019132
-5.821764	0.019660
-5.817837	0.020207
-5.813910	0.020761
-5.809983	0.021311
-5.806056	0.021843
-5.802129	0.022344
-5.798202	0.022802
-5.794275	0.023205
-5.790348	0.023548
-5.786421	0.023828
-5.782494	0.024046
-5.778567	0.024209
-5.774640	0.024325
-5.770713	0.024407
-5.766786	0.024468
-5.762859	0.024521
-5.758932	0.024576
-5.755005	0.024639
-5.751078	0.024714
-5.747151	0.024800
-5.743224	0.024893
-5.739297	0.024987
-5.735370	0.025076
-5.731443	0.025154
-5.727516	0.025219
-5.723589	0.025272
-5.719662	0.025316
-5.715735	0.025358
-5.711808	0.025409
-5.707881	0.025479
-5.703954	0.025582
-5.700027	0.025728
-5.696100	0.025931
-5.692173	0.026199
-5.688246	0.026542
-5.684319	0.026966
-5.680392	0.027479
-5.676465	0.028086
-5.672538	0.028792
-5.668611	0.029600
-5.664684	0.030516
-5.660757	0.031541
-5.656830	0.032679
-5.652903	0.033932
-5.648976	0.035303
-5.645049	0.036793
-5.641122	0.038401
-5.637195	0.040127
-5.633268	0.041962
-5.629341	0.043894
-5.625414	0.045904
-5.621487	0.047964
-5.617560	0.050037
-5.613633	0.052079
-5.609706	0.054045
-5.605779	0.055886
-5.601852	0.057562
-5.597925	0.059038
-5.593998	0.060286
-5.590071	0.061287
-5.586144	0.062026
-5.582217	0.062488
-5.578290	0.062666
-5.574363	0.062553
-5.570436	0.062154
-5.566509	0.061488
-5.562582	0.060589
-5.558656	0.059502
-5.554729	0.058283
-5.550802	0.056986
-5.546875	0.055663
-5.542948	0.054351
-5.539021	0.053077
-5.535094	0.051852
-5.531167	0.050674
-5.527240	0.049536
-5.523313	0.048424
-5.519386	0.047329
-5.515459	0.046245
-5.511532	0.045174
-5.507605	0.044125
-5.503678	0.043115
-5.499751	0.042162
-5.495824	0.041286
-5.491897	0.040503
-5.487970	0.039829
-5.484043	0.039274
-5.480116	0.038845
-5.476189	0.038545
-5.472262	0.038373
-5.468335	0.038324
-5.464408	0.038393
-5.460481	0.038568
-5.456554	0.038836
-5.452627	0.039180
-5.448700	0.039580
-5.444773	0.040015
-5.440846	0.040457
-5.436919	0.040881
-5.432992	0.041259
-5.429065	0.041568
-5.425138	0.041791
-5.421211	0.041917
-5.417284	0.041947
-5.413357	0.041887
-5.409430	0.041752
-5.405503	0.041560
-5.401576	0.041329
-5.397649	0.041075
-5.393722	0.040810
-5.389795	0.040543
-5.385868	0.040282
-5.381941	0.040031
-5.378014	0.039798
-5.374087	0.039591
-5.370160	0.039421
-5.366233	0.039302
-5.362306	0.039246
-5.358379	0.039266
-5.354452	0.039376
-5.350525	0.039586
-5.346598	0.039906
-5.342671	0.040344
-5.338744	0.040909
-5.334817	0.041606
-5.330890	0.042442
-5.326963	0.043424
-5.323036	0.044557
-5.319109	0.045846
-5.315182	0.047295
-5.311255	0.048905
-5.307328	0.050675
-5.303401	0.052600
-5.299474	0.054669
-5.295547	0.056864
-5.291620	0.059159
-5.287693	0.061522
-5.283766	0.063914
-5.279839	0.066294
-5.275912	0.068620
-5.271985	0.070861
-5.268058	0.072997
-5.264131	0.075022
-5.260204	0.076949
-5.256277	0.078799
-5.252350	0.080603
-5.248423	0.082389
-5.244496	0.084180
-5.240569	0.085986
-5.236642	0.087807
-5.232715	0.089630
-5.228788	0.091434
-5.224861	0.093197
-5.220934	0.094893
-5.217007	0.096505
-5.213080	0.098019
-5.209153	0.099435
-5.205226	0.100766
-5.201299	0.102038
-5.197372	0.103292
-5.193445	0.104576
-5.189518	0.105936
-5.185591	0.107411
-5.181664	0.109020
-5.177737	0.110758
-5.173810	0.112591
-5.169883	0.114458
-5.165956	0.116278
-5.162029	0.117960
-5.158102	0.119418
-5.154175	0.120580
-5.150248	0.121403
-5.146321	0.121872
-5.142394	0.121995
-5.138467	0.121796
-5.134540	0.121300
-5.130614	0.120524
-5.126687	0.119466
-5.122760	0.118115
-5.118833	0.116451
-5.114906	0.114457
-5.110979	0.112129
-5.107052	0.109484
-5.103125	0.106559
-5.099198	0.103414
-5.095271	0.100121
-5.091344	0.096763
-5.087417	0.093419
-5.083490	0.090166
-5.079563	0.087067
-5.075636	0.084174
-5.071709	0.081526
-5.067782	0.079147
-5.063855	0.077054
-5.059928	0.075253
-5.056001	0.073747
-5.052074	0.072532
-5.048147	0.071605
-5.044220	0.070961
-5.040293	0.070592
-5.036366	0.070493
-5.032439	0.070658
-5.028512	0.071082
-5.024585	0.071755
-5.020658	0.072671
-5.016731	0.073816
-5.012804	0.075177
-5.008877	0.076731
-5.004950	0.078455
-5.001023	0.080316
-4.997096	0.082278
-4.993169	0.084303
-4.989242	0.086350
-4.985315	0.088381
-4.981388	0.090360
-4.977461	0.092260
-4.973534	0.094060
-4.969607	0.095754
-4.965680	0.097344
-4.961753	0.098850
-4.957826	0.100299
-4.953899	0.101728
-4.949972	0.103174
-4.946045	0.104670
-4.942118	0.106242
-4.938191	0.107904
-4.934264	0.109658
-4.930337	0.111498
-4.926410	0.113409
-4.922483	0.115372
-4.918556	0.117363
-4.914629	0.119357
-4.910702	0.121325
-4.906775	0.123239
-4.902848	0.125068
-4.898921	0.126790
-4.894994	0.128394
-4.891067	0.129884
-4.887140	0.131285
-4.883213	0.132642
-4.879286	0.134017
-4.875359	0.135481
-4.871432	0.137110
-4.867505	0.138971
-4.863578	0.141117
-4.859651	0.143577
-4.855724	0.146356
-4.851797	0.149427
-4.847870	0.152736
-4.843943	0.156208
-4.840016	0.159756
-4.836089	0.163292
-4.832162	0.166744
-4.828235	0.170067
-4.824308	0.173249
-4.820381	0.176309
-4.816454	0.179290
-4.812527	0.182238
-4.808600	0.185189
-4.804673	0.188150
-4.800746	0.191095
-4.796819	0.193957
-4.792892	0.196645
-4.788965	0.199054
-4.785038	0.201083
-4.781111	0.202651
-4.777184	0.203709
-4.773257	0.204243
-4.769330	0.204279
-4.765403	0.203876
-4.761476	0.203127
-4.757549	0.202155
-4.753622	0.201106
-4.749695	0.200142
-4.745768	0.199432
-4.741841	0.199143
-4.737914	0.199429
-4.733987	0.200433
-4.730060	0.202275
-4.726133	0.205060
-4.722206	0.208875
-4.718279	0.213793
-4.714352	0.219870
-4.710425	0.227151
-4.706498	0.235662
-4.702572	0.245409
-4.698645	0.256371
-4.694718	0.268490
-4.690791	0.281661
-4.686864	0.295724
-4.682937	0.310450
-4.679010	0.325534
-4.675083	0.340586
-4.671156	0.355132
-4.667229	0.368626
-4.663302	0.380474
-4.659375	0.390081
-4.655448	0.396917
-4.651521	0.400586
-4.647594	0.400889
-4.643667	0.397856
-4.639740	0.391739
-4.635813	0.382970
-4.631886	0.372099
-4.627959	0.359726
-4.624032	0.346446
-4.620105	0.332809
-4.616178	0.319293
-4.612251	0.306290
-4.608324	0.294105
-4.604397	0.282959
-4.600470	0.272997
-4.596543	0.264297
-4.592616	0.256885
-4.588689	0.250741
-4.584762	0.245807
-4.580835	0.241996
-4.576908	0.239198
-4.572981	0.237285
-4.569054	0.236121
-4.565127	0.235571
-4.561200	0.235511
-4.557273	0.235829
-4.553346	0.236437
-4.549419	0.237259
-4.545492	0.238234
-4.541565	0.239303
-4.537638	0.240410
-4.533711	0.241490
-4.529784	0.242473
-4.525857	0.243278
-4.521930	0.243820
-4.518003	0.244013
-4.514076	0.243776
-4.510149	0.243049
-4.506222	0.241800
-4.502295	0.240033
-4.498368	0.237793
-4.494441	0.235164
-4.490514	0.232259
-4.486587	0.229209
-4.482660	0.226149
-4.478733	0.223202
-4.474806	0.220473
-4.470879	0.218050
-4.466952	0.216004
-4.463025	0.214399
-4.459098	0.213298
-4.455171	0.212767
-4.451244	0.212880
-4.447317	0.213711
-4.443390	0.215334
-4.439463	0.217813
-4.435536	0.221200
-4.431609	0.225526
-4.427682	0.230797
-4.423755	0.236990
-4.419828	0.244050
-4.415901	0.251881
-4.411974	0.260351
-4.408047	0.269290
-4.404120	0.278496
-4.400193	0.287740
-4.396266	0.296784
-4.392339	0.305390
-4.388412	0.313334
-4.384485	0.320419
-4.380558	0.326481
-4.376631	0.331395
-4.372704	0.335070
-4.368777	0.337443
-4.364850	0.338478
-4.360923	0.338152
-4.356996	0.336467
-4.353069	0.333448
-4.349142	0.329158
-4.345215	0.323704
-4.341288	0.317249
-4.337361	0.310012
-4.333434	0.302263
-4.329507	0.294299
-4.325580	0.286427
-4.321653	0.278937
-4.317726	0.272086
-4.313799	0.266080
-4.309872	0.261078
-4.305945	0.257182
-4.302018	0.254450
-4.298091	0.252891
-4.294164	0.252473
-4.290237	0.253118
-4.286310	0.254707
-4.282383	0.257078
-4.278456	0.260023
-4.274530	0.263298
-4.270603	0.266632
-4.266676	0.269742
-4.262749	0.272350
-4.258822	0.274204
-4.254895	0.275092
-4.250968	0.274856
-4.247041	0.273400
-4.243114	0.270701
-4.239187	0.266803
-4.235260	0.261818
-4.231333	0.255911
-4.227406	0.249288
-4.223479	0.242177
-4.219552	0.234810
-4.215625	0.227405
-4.211698	0.220160
-4.207771	0.213246
-4.203844	0.206801
-4.199917	0.200934
-4.195990	0.195725
-4.192063	0.191227
-4.188136	0.187472
-4.184209	0.184473
-4.180282	0.182225
-4.176355	0.180711
-4.172428	0.179898
-4.168501	0.179745
-4.164574	0.180200
-4.160647	0.181206
-4.156720	0.182703
-4.152793	0.184634
-4.148866	0.186957
-4.144939	0.189642
-4.141012	0.192687
-4.137085	0.196105
-4.133158	0.199929
-4.129231	0.204195
-4.125304	0.208930
-4.121377	0.214141
-4.117450	0.219799
-4.113523	0.225833
-4.109596	0.232128
-4.105669	0.238524
-4.101742	0.244830
-4.097815	0.250842
-4.093888	0.256363
-4.089961	0.261226
-4.086034	0.265313
-4.082107	0.268564
-4.078180	0.270975
-4.074253	0.272591
-4.070326	0.273492
-4.066399	0.273779
-4.062472	0.273572
-4.058545	0.273003
-4.054618	0.272219
-4.050691	0.271377
-4.046764	0.270642
-4.042837	0.270178
-4.038910	0.270135
-4.034983	0.270638
-4.031056	0.271774
-4.027129	0.273587
-4.023202	0.276073
-4.019275	0.279181
-4.015348	0.282820
-4.011421	0.286858
-4.007494	0.291138
-4.003567	0.295473
-3.999640	0.299667
-3.995713	0.303517
-3.991786	0.306837
-3.987859	0.309476
-3.983932	0.311339
-3.980005	0.312395
-3.976078	0.312676
-3.972151	0.312262
-3.968224	0.311245
-3.964297	0.309712
-3.960370	0.307714
-3.956443	0.305270
-3.952516	0.302366
-3.948589	0.298977
-3.944662	0.295083
-3.940735	0.290684
-3.936808	0.285819
-3.932881	0.280574
-3.928954	0.275085
-3.925027	0.269531
-3.921100	0.264116
-3.917173	0.259051
-3.913246	0.254532
-3.909319	0.250731
-3.905392	0.247783
-3.901465	0.245785
-3.897538	0.244801
-3.893611	0.244857
-3.889684	0.245949
-3.885757	0.248044
-3.881830	0.251080
-3.877903	0.254967
-3.873976	0.259596
-3.870049	0.264841
-3.866122	0.270570
-3.862195	0.276654
-3.858268	0.282972
-3.854341	0.289411
-3.850414	0.295858
-3.846488	0.302178
-3.842561	0.308201
-3.838634	0.313709
-3.834707	0.318440
-3.830780	0.322120
-3.826853	0.324493
-3.822926	0.325368
-3.818999	0.324649
-3.815072	0.322342
-3.811145	0.318557
-3.807218	0.313487
-3.803291	0.307391
-3.799364	0.300570
-3.795437	0.293345
-3.791510	0.286036
-3.787583	0.278942
-3.783656	0.272323
-3.779729	0.266397
-3.775802	0.261328
-3.771875	0.257230
-3.767948	0.254168
-3.764021	0.252168
-3.760094	0.251215
-3.756167	0.251262
-3.752240	0.252236
-3.748313	0.254038
-3.744386	0.256552
-3.740459	0.259645
-3.736532	0.263173
-3.732605	0.266979
-3.728678	0.270901
-3.724751	0.274766
-3.720824	0.278397
-3.716897	0.281616
-3.712970	0.284252
-3.709043	0.286151
-3.705116	0.287190
-3.701189	0.287287
-3.697262	0.286412
-3.693335	0.284592
-3.689408	0.281906
-3.685481	0.278486
-3.681554	0.274495
-3.677627	0.270127
-3.673700	0.265587
-3.669773	0.261082
-3.665846	0.256812
-3.661919	0.252959
-3.657992	0.249674
-3.654065	0.247079
-3.650138	0.245251
-3.646211	0.244225
-3.642284	0.243991
-3.638357	0.244492
-3.634430	0.245626
-3.630503	0.247253
-3.626576	0.249196
-3.622649	0.251257
-3.618722	0.253229
-3.614795	0.254907
-3.610868	0.256107
-3.606941	0.256677
-3.603014	0.256506
-3.599087	0.255531
-3.595160	0.253745
-3.591233	0.251196
-3.587306	0.247982
-3.583379	0.244249
-3.579452	0.240169
-3.575525	0.235930
-3.571598	0.231718
-3.567671	0.227702
-3.563744	0.224022
-3.559817	0.220788
-3.555890	0.218073
-3.551963	0.215924
-3.548036	0.214359
-3.544109	0.213381
-3.540182	0.212984
-3.536255	0.213160
-3.532328	0.213902
-3.528401	0.215210
-3.524474	0.217094
-3.520547	0.219570
-3.516620	0.222666
-3.512693	0.226415
-3.508766	0.230861
-3.504839	0.236049
-3.500912	0.242024
-3.496985	0.248825
-3.493058	0.256480
-3.489131	0.265000
-3.485204	0.274381
-3.481277	0.284601
-3.477350	0.295623
-3.473423	0.307401
-3.469496	0.319890
-3.465569	0.333047
-3.461642	0.346840
-3.457715	0.361246
-3.453788	0.376248
-3.449861	0.391826
-3.445934	0.407942
-3.442007	0.424521
-3.438080	0.441438
-3.434153	0.458498
-3.430226	0.475434
-3.426299	0.491908
-3.422372	0.507536
-3.418446	0.521905
-3.414519	0.534611
-3.410592	0.545274
-3.406665	0.553579
-3.402738	0.559299
-3.398811	0.562327
-3.394884	0.562698
-3.390957	0.560584
-3.387030	0.556272
-3.383103	0.550119
-3.379176	0.542498
-3.375249	0.533751
-3.371322	0.524151
-3.367395	0.513893
-3.363468	0.503110
-3.359541	0.491903
-3.355614	0.480377
-3.351687	0.468663
-3.347760	0.456912
-3.343833	0.445272
-3.339906	0.433859
-3.335979	0.422730
-3.332052	0.411875
-3.328125	0.401223
-3.324198	0.390657
-3.320271	0.380044
-3.316344	0.369261
-3.312417	0.358232
-3.308490	0.346948
-3.304563	0.335476
-3.300636	0.323950
-3.296709	0.312547
-3.292782	0.301458
-3.288855	0.290861
-3.284928	0.280900
-3.281001	0.271677
-3.277074	0.263250
-3.273147	0.255638
-3.269220	0.248832
-3.265293	0.242802
-3.261366	0.237511
-3.257439	0.232919
-3.253512	0.228994
-3.249585	0.225714
-3.245658	0.223069
-3.241731	0.221061
-3.237804	0.219698
-3.233877	0.218996
-3.229950	0.218968
-3.226023	0.219630
-3.222096	0.220988
-3.218169	0.223049
-3.214242	0.225811
-3.210315	0.229268
-3.206388	0.233406
-3.202461	0.238208
-3.198534	0.243649
-3.194607	0.249702
-3.190680	0.256332
-3.186753	0.263499
-3.182826	0.271151
-3.178899	0.279220
-3.174972	0.287617
-3.171045	0.296226
-3.167118	0.304902
-3.163191	0.313477
-3.159264	0.321770
-3.155337	0.329597
-3.151410	0.336794
-3.147483	0.343230
-3.143556	0.348823
-3.139629	0.353554
-3.135702	0.357469
-3.131775	0.360673
-3.127848	0.363316
-3.123921	0.365570
-3.119994	0.367600
-3.116067	0.369548
-3.112140	0.371517
-3.108213	0.373571
-3.104286	0.375745
-3.100359	0.378059
-3.096432	0.380530
-3.092505	0.383185
-3.088578	0.386073
-3.084651	0.389269
-3.080724	0.392880
-3.076797	0.397044
-3.072870	0.401928
-3.068943	0.407723
-3.065016	0.414629
-3.061089	0.422842
-3.057162	0.432535
-3.053235	0.443844
-3.049308	0.456859
-3.045381	0.471613
-3.041454	0.488088
-3.037527	0.506210
-3.033600	0.525845
-3.029673	0.546782
-3.025746	0.568713
-3.021819	0.591216
-3.017892	0.613764
-3.013965	0.635757
-3.010038	0.656604
-3.006111	0.675803
-3.002184	0.693013
-2.998257	0.708072
-2.994330	0.720954
-2.990404	0.731699
-2.986477	0.740330
-2.982550	0.746800
-2.978623	0.750998
-2.974696	0.752797
-2.970769	0.752137
-2.966842	0.749082
-2.962915	0.743843
-2.958988	0.736740
-2.955061	0.728152
-2.951134	0.718451
-2.947207	0.707972
-2.943280	0.696993
-2.939353	0.685733
-2.935426	0.674368
-2.931499	0.663040
-2.927572	0.651876
-2.923645	0.640991
-2.919718	0.630499
-2.915791	0.620509
-2.911864	0.611131
-2.907937	0.602472
-2.904010	0.594637
-2.900083	0.587725
-2.896156	0.581821
-2.892229	0.576981
-2.888302	0.573213
-2.884375	0.570461
-2.880448	0.568595
-2.876521	0.567413
-2.872594	0.566657
-2.868667	0.566043
-2.864740	0.565295
-2.860813	0.564186
-2.856886	0.562561
-2.852959	0.560363
-2.849032	0.557642
-2.845105	0.554563
-2.841178	0.551403
-2.837251	0.548537
-2.833324	0.546399
-2.829397	0.545418
-2.825470	0.545945
-2.821543	0.548191
-2.817616	0.552201
-2.813689	0.557883
-2.809762	0.565070
-2.805835	0.573598
-2.801908	0.583355
-2.797981	0.594284
-2.794054	0.606315
-2.790127	0.619269
-2.786200	0.632769
-2.782273	0.646198
-2.778346	0.658761
-2.774419	0.669604
-2.770492	0.677982
-2.766565	0.683388
-2.762638	0.685628
-2.758711	0.684806
-2.754784	0.681244
-2.750857	0.675357
-2.746930	0.667510
-2.743003	0.657907
-2.739076	0.646553
-2.735149	0.633304
-2.731222	0.618008
-2.727295	0.600662
-2.723368	0.581500
-2.719441	0.560981
-2.715514	0.539706
-2.711587	0.518307
-2.707660	0.497361
-2.703733	0.477338
-2.699806	0.458586
-2.695879	0.441334
-2.691952	0.425709
-2.688025	0.411754
-2.684098	0.399446
-2.680171	0.388717
-2.676244	0.379458
-2.672317	0.371537
-2.668390	0.364801
-2.664463	0.359083
-2.660536	0.354210
-2.656609	0.350014
-2.652682	0.346339
-2.648755	0.343058
-2.644828	0.340084
-2.640901	0.337378
-2.636974	0.334948
-2.633047	0.332842
-2.629120	0.331136
-2.625193	0.329919
-2.621266	0.329277
-2.617339	0.329295
-2.613412	0.330044
-2.609485	0.331587
-2.605558	0.333983
-2.601631	0.337283
-2.597704	0.341539
-2.593777	0.346799
-2.589850	0.353107
-2.585923	0.360505
-2.581996	0.369029
-2.578069	0.378706
-2.574142	0.389554
-2.570215	0.401568
-2.566288	0.414722
-2.562362	0.428957
-2.558435	0.444173
-2.554508	0.460233
-2.550581	0.476958
-2.546654	0.494146
-2.542727	0.511591
-2.538800	0.529114
-2.534873	0.546602
-2.530946	0.564038
-2.527019	0.581523
-2.523092	0.599284
-2.519165	0.617659
-2.515238	0.637078
-2.511311	0.658028
-2.507384	0.681026
-2.503457	0.706591
-2.499530	0.735219
-2.495603	0.767374
-2.491676	0.803468
-2.487749	0.843846
-2.483822	0.888767
-2.479895	0.938374
-2.475968	0.992658
-2.472041	1.051401
-2.468114	1.114121
-2.464187	1.180001
-2.460260	1.247835
-2.456333	1.315993
-2.452406	1.382436
-2.448479	1.444806
-2.444552	1.500592
-2.440625	1.547386
-2.436698	1.583164
-2.432771	1.606560
-2.428844	1.617045
-2.424917	1.614969
-2.420990	1.601466
-2.417063	1.578237
-2.413136	1.547294
-2.409209	1.510709
-2.405282	1.470416
-2.401355	1.428092
-2.397428	1.385098
-2.393501	1.342477
-2.389574	1.300978
-2.385647	1.261104
-2.381720	1.223155
-2.377793	1.187281
-2.373866	1.153515
-2.369939	1.121810
-2.366012	1.092066
-2.362085	1.064155
-2.358158	1.037940
-2.354231	1.013295
-2.350304	0.990119
-2.346377	0.968344
-2.342450	0.947940
-2.338523	0.928909
-2.334596	0.911268
-2.330669	0.895031
-2.326742	0.880191
-2.322815	0.866708
-2.318888	0.854505
-2.314961	0.843475
-2.311034	0.833493
-2.307107	0.824430
-2.303180	0.816160
-2.299253	0.808563
-2.295326	0.801525
-2.291399	0.794925
-2.287472	0.788628
-2.283545	0.782474
-2.279618	0.776274
-2.275691	0.769814
-2.271764	0.762856
-2.267837	0.755167
-2.263910	0.746530
-2.259983	0.736765
-2.256056	0.725750
-2.252129	0.713421
-2.248202	0.699785
-2.244275	0.684920
-2.240348	0.668974
-2.236421	0.652167
-2.232494	0.634780
-2.228567	0.617146
-2.224640	0.599626
-2.220713	0.582585
-2.216786	0.566372
-2.212859	0.551293
-2.208932	0.537607
-2.205005	0.525515
-2.201078	0.515167
-2.197151	0.506668
-2.193224	0.500091
-2.189297	0.495482
-2.185370	0.492878
-2.181443	0.492306
-2.177516	0.493795
-2.173589	0.497377
-2.169662	0.503090
-2.165735	0.510977
-2.161808	0.521082
-2.157881	0.533443
-2.153954	0.548084
-2.150027	0.565002
-2.146100	0.584144
-2.142173	0.605387
-2.138246	0.628506
-2.134320	0.653142
-2.130393	0.678774
-2.126466	0.704697
-2.122539	0.730014
-2.118612	0.753671
-2.114685	0.774519
-2.110758	0.791425
-2.106831	0.803407
-2.102904	0.809783
-2.098977	0.810273
-2.095050	0.805058
-2.091123	0.794744
-2.087196	0.780268
-2.083269	0.762763
-2.079342	0.743411
-2.075415	0.723330
-2.071488	0.703490
-2.067561	0.684681
-2.063634	0.667506
-2.059707	0.652398
-2.055780	0.639655
-2.051853	0.629465
-2.047926	0.621943
-2.043999	0.617155
-2.040072	0.615135
-2.036145	0.615907
-2.032218	0.619490
-2.028291	0.625908
-2.024364	0.635195
-2.020437	0.647390
-2.016510	0.662537
-2.012583	0.680682
-2.008656	0.701858
-2.004729	0.726072
-2.000802	0.753295
-1.996875	0.783435
-1.992948	0.816318
-1.989021	0.851675
-1.985094	0.889123
-1.981167	0.928162
-1.977240	0.968191
-1.973313	1.008521
-1.969386	1.048416
-1.965459	1.087118
-1.961532	1.123880
-1.957605	1.157989
-1.953678	1.188782
-1.949751	1.215675
-1.945824	1.238197
-1.941897	1.256040
-1.937970	1.269114
-1.934043	1.277592
-1.930116	1.281926
-1.926189	1.282842
-1.922262	1.281297
-1.918335	1.278426
-1.914408	1.275465
-1.910481	1.273675
-1.906554	1.274275
-1.902627	1.278381
-1.898700	1.286958
-1.894773	1.300787
-1.890846	1.320446
-1.886919	1.346294
-1.882992	1.378455
-1.879065	1.416802
-1.875138	1.460938
-1.871211	1.510178
-1.867284	1.563551
-1.863357	1.619813
-1.859430	1.677497
-1.855503	1.735002
-1.851576	1.790693
-1.847649	1.843021
-1.843722	1.890615
-1.839795	1.932343
-1.835868	1.967318
-1.831941	1.994877
-1.828014	2.014521
-1.824087	2.025866
-1.820160	2.028604
-1.816233	2.022504
-1.812306	2.007444
-1.808379	1.983477
-1.804452	1.950915
-1.800525	1.910405
-1.796598	1.862971
-1.792671	1.810007
-1.788744	1.753203
-1.784817	1.694424
-1.780890	1.635567
-1.776963	1.578420
-1.773036	1.524559
-1.769109	1.475280
-1.765182	1.431591
-1.761255	1.394222
-1.757328	1.363662
-1.753401	1.340202
-1.749474	1.323977
-1.745547	1.314988
-1.741620	1.313125
-1.737693	1.318164
-1.733766	1.329757
-1.729839	1.347409
-1.725912	1.370453
-1.721985	1.398024
-1.718058	1.429051
-1.714131	1.462269
-1.710205	1.496267
-1.706278	1.529561
-1.702351	1.560703
-1.698424	1.588381
-1.694497	1.611519
-1.690570	1.629332
-1.686643	1.641345
-1.682716	1.647375
-1.678789	1.647487
-1.674862	1.641958
-1.670935	1.631235
-1.667008	1.615913
-1.663081	1.596738
-1.659154	1.574600
-1.655227	1.550532
-1.651300	1.525696
-1.647373	1.501334
-1.643446	1.478718
-1.639519	1.459071
-1.635592	1.443500
-1.631665	1.432932
-1.627738	1.428065
-1.623811	1.429325
-1.619884	1.436842
-1.615957	1.450412
-1.612030	1.469467
-1.608103	1.493036
-1.604176	1.519724
-1.600249	1.547709
-1.596322	1.574800
-1.592395	1.598557
-1.588468	1.616498
-1.584541	1.626361
-1.580614	1.626404
-1.576687	1.615652
-1.572760	1.594041
-1.568833	1.562415
-1.564906	1.522375
-1.560979	1.476023
-1.557052	1.425679
-1.553125	1.373611
-1.549198	1.321848
-1.545271	1.272067
-1.541344	1.225550
-1.537417	1.183202
-1.533490	1.145587
-1.529563	1.112985
-1.525636	1.085439
-1.521709	1.062803
-1.517782	1.044773
-1.513855	1.030920
-1.509928	1.020722
-1.506001	1.013593
-1.502074	1.008917
-1.498147	1.006095
-1.494220	1.004575
-1.490293	1.003885
-1.486366	1.003648
-1.482439	1.003592
-1.478512	1.003537
-1.474585	1.003382
-1.470658	1.003084
-1.466731	1.002639
-1.462804	1.002071
-1.458877	1.001413
-1.454950	1.000703
-1.451023	0.999976
-1.447096	0.999267
-1.443169	0.998603
-1.439242	0.998006
-1.435315	0.997494
-1.431388	0.997080
-1.427461	0.996774
-1.423534	0.996583
-1.419607	0.996512
-1.415680	0.996564
-1.411753	0.996742
-1.407826	0.997047
-1.403899	0.997479
-1.399972	0.998038
-1.396045	0.998726
-1.392118	0.999541
-1.388191	1.000483
-1.384264	1.001551
-1.380337	1.002746
-1.376410	1.004065
-1.372483	1.005507
-1.368556	1.007069
-1.364629	1.008748
-1.360702	1.010539
-1.356775	1.012435
-1.352848	1.014426
-1.348921	1.016500
-1.344994	1.018641
-1.341067	1.020827
-1.337140	1.023028
-1.333213	1.025209
-1.329286	1.027322
-1.325359	1.029308
-1.321432	1.031091
-1.317505	1.032578
-1.313578	1.033654
-1.309651	1.034181
-1.305724	1.033995
-1.301797	1.032904
-1.297870	1.030696
-1.293943	1.027142
-1.290016	1.022010
-1.286089	1.015089
-1.282163	1.006216
-1.278236	0.995306
-1.274309	0.982397
-1.270382	0.967669
-1.266455	0.951468
-1.262528	0.934293
-1.258601	0.916772
-1.254674	0.899616
-1.250747	0.883558
-1.246820	0.869308
-1.242893	0.857509
-1.238966	0.848713
-1.235039	0.843375
-1.231112	0.841855
-1.227185	0.844426
-1.223258	0.851285
-1.219331	0.862558
-1.215404	0.878299
-1.211477	0.898476
-1.207550	0.922959
-1.203623	0.951485
-1.199696	0.983632
-1.195769	1.018779
-1.191842	1.056083
-1.187915	1.094464
-1.183988	1.132623
-1.180061	1.169078
-1.176134	1.202244
-1.172207	1.230527
-1.168280	1.252434
-1.164353	1.266688
-1.160426	1.272327
-1.156499	1.268796
-1.152572	1.256003
-1.148645	1.234350
-1.144718	1.204712
-1.140791	1.168362
-1.136864	1.126851
-1.132937	1.081857
-1.129010	1.035036
-1.125083	0.987895
-1.121156	0.941711
-1.117229	0.897497
-1.113302	0.855993
-1.109375	0.817706
-1.105448	0.782942
-1.101521	0.751853
-1.097594	0.724482
-1.093667	0.700794
-1.089740	0.680705
-1.085813	0.664102
-1.081886	0.650854
-1.077959	0.640821
-1.074032	0.633850
-1.070105	0.629778
-1.066178	0.628421
-1.062251	0.629564
-1.058324	0.632959
-1.054397	0.638313
-1.050470	0.645288
-1.046543	0.653510
-1.042616	0.662584
-1.038689	0.672114
-1.034762	0.681731
-1.030835	0.691120
-1.026908	0.700037
-1.022981	0.708313
-1.019054	0.715860
-1.015127	0.722651
-1.011200	0.728710
-1.007273	0.734094
-1.003346	0.738879
-0.999419	0.743147
-0.995492	0.746982
-0.991565	0.750459
-0.987638	0.753647
-0.983711	0.756605
-0.979784	0.759383
-0.975857	0.762024
-0.971930	0.764562
-0.968003	0.767026
-0.964076	0.769438
-0.960149	0.771817
-0.956222	0.774179
-0.952295	0.776537
-0.948368	0.778899
-0.944441	0.781276
-0.940514	0.783673
-0.936587	0.786096
-0.932660	0.788551
-0.928733	0.791042
-0.924806	0.793572
-0.920879	0.796145
-0.916952	0.798764
-0.913025	0.801432
-0.909098	0.804151
-0.905171	0.806925
-0.901244	0.809755
-0.897317	0.812644
-0.893390	0.815595
-0.889463	0.818611
-0.885536	0.821694
-0.881609	0.824846
-0.877682	0.828070
-0.873755	0.831370
-0.869828	0.834749
-0.865901	0.838209
-0.861974	0.841753
-0.858047	0.845385
-0.854121	0.849109
-0.850194	0.852929
-0.846267	0.856847
-0.842340	0.860868
-0.838413	0.864997
-0.834486	0.869237
-0.830559	0.873593
-0.826632	0.878071
-0.822705	0.882674
-0.818778	0.887409
-0.814851	0.892281
-0.810924	0.897296
-0.806997	0.902459
-0.803070	0.907777
-0.799143	0.913257
-0.795216	0.918906
-0.791289	0.924731
-0.787362	0.930739
-0.783435	0.936938
-0.779508	0.943337
-0.775581	0.949944
-0.771654	0.956767
-0.767727	0.963817
-0.763800	0.971101
-0.759873	0.978630
-0.755946	0.986414
-0.752019	0.994461
-0.748092	1.002783
-0.744165	1.011388
-0.740238	1.020285
-0.736311	1.029484
-0.732384	1.038992
-0.728457	1.048816
-0.724530	1.058960
-0.720603	1.069427
-0.716676	1.080217
-0.712749	1.091325
-0.708822	1.102740
-0.704895	1.114447
-0.700968	1.126419
-0.697041	1.138619
-0.693114	1.150996
-0.689187	1.163481
-0.685260	1.175983
-0.681333	1.188381
-0.677406	1.200522
-0.673479	1.212210
-0.669552	1.223200
-0.665625	1.233188
-0.661698	1.241806
-0.657771	1.248609
-0.653844	1.253082
-0.649917	1.254636
-0.645990	1.252629
-0.642063	1.246392
-0.638136	1.235276
-0.634209	1.218716
-0.630282	1.196306
-0.626355	1.167877
-0.622428	1.133558
-0.618501	1.093812
-0.614574	1.049413
-0.610647	1.001388
-0.606720	0.950914
-0.602793	0.899203
-0.598866	0.847392
-0.594939	0.796466
-0.591012	0.747211
-0.587085	0.700202
-0.583158	0.655816
-0.579231	0.614260
-0.575304	0.575607
-0.571377	0.539827
-0.567450	0.506824
-0.563523	0.476452
-0.559596	0.448542
-0.555669	0.422912
-0.551742	0.399380
-0.547815	0.377766
-0.543888	0.357901
-0.539961	0.339626
-0.536034	0.322795
-0.532107	0.307273
-0.528180	0.292939
-0.524253	0.279682
-0.520326	0.267404
-0.516399	0.256014
-0.512472	0.245431
-0.508545	0.235585
-0.504618	0.226409
-0.500691	0.217845
-0.496764	0.209841
-0.492837	0.202349
-0.488910	0.195327
-0.484983	0.188737
-0.481056	0.182543
-0.477129	0.176715
-0.473202	0.171224
-0.469275	0.166044
-0.465348	0.161152
-0.461421	0.156527
-0.457494	0.152150
-0.453567	0.148003
-0.449640	0.144069
-0.445713	0.140335
-0.441786	0.136787
-0.437859	0.133412
-0.433932	0.130199
-0.430005	0.127138
-0.426079	0.124219
-0.422152	0.121434
-0.418225	0.118774
-0.414298	0.116231
-0.410371	0.113799
-0.406444	0.111472
-0.402517	0.109243
-0.398590	0.107107
-0.394663	0.105059
-0.390736	0.103093
-0.386809	0.101207
-0.382882	0.099394
-0.378955	0.097652
-0.375028	0.095977
-0.371101	0.094365
-0.367174	0.092814
-0.363247	0.091320
-0.359320	0.089880
-0.355393	0.088493
-0.351466	0.087155
-0.347539	0.085865
-0.343612	0.084619
-0.339685	0.083417
-0.335758	0.082256
-0.331831	0.081134
-0.327904	0.080050
-0.323977	0.079003
-0.320050	0.077989
-0.316123	0.077009
-0.312196	0.076061
-0.308269	0.075143
-0.304342	0.074255
-0.300415	0.073395
-0.296488	0.072561
-0.292561	0.071754
-0.288634	0.070973
-0.284707	0.070215
-0.280780	0.069480
-0.276853	0.068768
-0.272926	0.068078
-0.268999	0.067409
-0.265072	0.066759
-0.261145	0.066130
-0.257218	0.065519
-0.253291	0.064926
-0.249364	0.064351
-0.245437	0.063793
-0.241510	0.063252
-0.237583	0.062726
-0.233656	0.062217
-0.229729	0.061722
-0.225802	0.061242
-0.221875	0.060776
-0.217948	0.060324
-0.214021	0.059885
-0.210094	0.059459
-0.206167	0.059046
-0.202240	0.058645
-0.198313	0.058257
-0.194386	0.057880
-0.190459	0.057514
-0.186532	0.057159
-0.182605	0.056815
-0.178678	0.056482
-0.174751	0.056159
-0.170824	0.055847
-0.166897	0.055544
-0.162970	0.055250
-0.159043	0.054966
-0.155116	0.054691
-0.151189	0.054426
-0.147262	0.054169
-0.143335	0.053921
-0.139408	0.053681
-0.135481	0.053449
-0.131554	0.053226
-0.127627	0.053011
-0.123700	0.052803
-0.119773	0.052604
-0.115846	0.052411
-0.111919	0.052227
-0.107992	0.052050
-0.104065	0.051880
-0.100138	0.051717
-0.096211	0.051561
-0.092284	0.051412
-0.088357	0.051270
-0.084430	0.051135
-0.080503	0.051007
-0.076576	0.050885
-0.072649	0.050769
-0.068722	0.050660
-0.064795	0.050558
-0.060868	0.050462
-0.056941	0.050372
-0.053014	0.050288
-0.049087	0.050211
-0.045160	0.050139
-0.041233	0.050074
-0.037306	0.050015
-0.033379	0.049962
-0.029452	0.049915
-0.025525	0.049874
-0.021598	0.049838
-0.017671	0.049809
-0.013744	0.049786
-0.009817	0.049768
-0.005890	0.049757
-0.001963	0.049751
0.001963	0.049751
0.005890	0.049757
0.009817	0.049769
0.013744	0.049787
0.017671	0.049811
0.021598	0.049840
0.025525	0.049876
0.029452	0.049917
0.033379	0.049965
0.037306	0.050018
0.041233	0.050077
0.045160	0.050143
0.049087	0.050215
0.053014	0.050292
0.056941	0.050376
0.060868	0.050466
0.064795	0.050563
0.068722	0.050666
0.072649	0.050775
0.076576	0.050891
0.080503	0.051013
0.084430	0.051142
0.088357	0.051277
0.092284	0.051420
0.096211	0.051569
0.100138	0.051725
0.104065	0.051888
0.107992	0.052059
0.111919	0.052236
0.115846	0.052421
0.119773	0.052614
0.123700	0.052814
0.127627	0.053022
0.131554	0.053237
0.135481	0.053461
0.139408	0.053693
0.143335	0.053933
0.147262	0.054182
0.151189	0.054439
0.155116	0.054706
0.159043	0.054981
0.162970	0.055265
0.166897	0.055559
0.170824	0.055863
0.174751	0.056176
0.178678	0.056500
0.182605	0.056834
0.186532	0.057178
0.190459	0.057533
0.194386	0.057900
0.198313	0.058277
0.202240	0.058667
0.206167	0.059068
0.210094	0.059482
0.214021	0.059909
0.217948	0.060348
0.221875	0.060801
0.225802	0.061268
0.229729	0.061749
0.233656	0.062245
0.237583	0.062755
0.241510	0.063282
0.245437	0.063824
0.249364	0.064383
0.253291	0.064959
0.257218	0.065553
0.261145	0.066165
0.265072	0.066796
0.268999	0.067447
0.272926	0.068117
0.276853	0.068809
0.280780	0.069522
0.284707	0.070258
0.288634	0.071018
0.292561	0.071801
0.296488	0.072610
0.300415	0.073445
0.304342	0.074307
0.308269	0.075197
0.312196	0.076117
0.316123	0.077068
0.320050	0.078050
0.323977	0.079066
0.327904	0.080116
0.331831	0.081202
0.335758	0.082327
0.339685	0.083491
0.343612	0.084696
0.347539	0.085944
0.351466	0.087238
0.355393	0.088579
0.359320	0.089970
0.363247	0.091414
0.367174	0.092912
0.371101	0.094467
0.375028	0.096084
0.378955	0.097764
0.382882	0.099511
0.386809	0.101329
0.390736	0.103221
0.394663	0.105193
0.398590	0.107247
0.402517	0.109390
0.406444	0.111627
0.410371	0.113962
0.414298	0.116402
0.418225	0.118953
0.422152	0.121622
0.426079	0.124418
0.430005	0.127347
0.433932	0.130420
0.437859	0.133645
0.441786	0.137033
0.445713	0.140596
0.449640	0.144345
0.453567	0.148295
0.457494	0.152460
0.461421	0.156856
0.465348	0.161502
0.469275	0.166416
0.473202	0.171620
0.477129	0.177138
0.481056	0.182994
0.484983	0.189219
0.488910	0.195844
0.492837	0.202903
0.496764	0.210435
0.500691	0.218484
0.504618	0.227097
0.508545	0.236326
0.512472	0.246232
0.516399	0.256879
0.520326	0.268340
0.524253	0.280697
0.528180	0.294041
0.532107	0.308471
0.536034	0.324099
0.539961	0.341048
0.543888	0.359452
0.547815	0.379460
0.551742	0.401231
0.555669	0.424935
0.559596	0.450752
0.563523	0.478866
0.567450	0.509456
0.571377	0.542691
0.575304	0.578710
0.579231	0.617608
0.583158	0.659403
0.587085	0.704014
0.591012	0.751217
0.594939	0.800619
0.598866	0.851625
0.602793	0.903430
0.606720	0.955034
0.610647	1.005287
0.614574	1.052979
0.618501	1.096942
0.622428	1.136171
0.626355	1.169918
0.630282	1.197755
0.634209	1.219580
0.638136	1.235590
0.642063	1.246207
0.645990	1.252009
0.649917	1.253647
0.653844	1.251790
0.657771	1.247075
0.661698	1.240082
0.665625	1.231323
0.669552	1.221231
0.673479	1.210170
0.677406	1.198437
0.681333	1.186272
0.685260	1.173867
0.689187	1.161371
0.693114	1.148901
0.697041	1.136546
0.700968	1.124374
0.704895	1.112433
0.708822	1.100761
0.712749	1.089382
0.716676	1.078311
0.720603	1.067559
0.724530	1.057129
0.728457	1.047022
0.732384	1.037235
0.736311	1.027763
0.740238	1.018599
0.744165	1.009735
0.748092	1.001163
0.752019	0.992873
0.755946	0.984856
0.759873	0.977102
0.763800	0.969601
0.767727	0.962344
0.771654	0.955321
0.775581	0.948523
0.779508	0.941940
0.783435	0.935565
0.787362	0.929388
0.791289	0.923401
0.795216	0.917597
0.799143	0.911968
0.803070	0.906507
0.806997	0.901208
0.810924	0.896062
0.814851	0.891065
0.818778	0.886209
0.822705	0.881490
0.826632	0.876902
0.830559	0.872440
0.834486	0.868098
0.838413	0.863871
0.842340	0.859756
0.846267	0.855748
0.850194	0.851843
0.854121	0.848036
0.858047	0.844324
0.861974	0.840704
0.865901	0.837171
0.869828	0.833722
0.873755	0.830355
0.877682	0.827066
0.881609	0.823852
0.885536	0.820711
0.889463	0.817639
0.893390	0.814634
0.897317	0.811693
0.901244	0.808814
0.905171	0.805995
0.909098	0.803232
0.913025	0.800523
0.916952	0.797867
0.920879	0.795259
0.924806	0.792698
0.928733	0.790180
0.932660	0.787702
0.936587	0.785261
0.940514	0.782852
0.944441	0.780472
0.948368	0.778113
0.952295	0.775770
0.956222	0.773435
0.960149	0.771098
0.964076	0.768747
0.968003	0.766368
0.971930	0.763944
0.975857	0.761452
0.979784	0.758866
0.983711	0.756152
0.987638	0.753272
0.991565	0.750177
0.995492	0.746810
0.999419	0.743106
1.003346	0.738991
1.007273	0.734383
1.011200	0.729199
1.015127	0.723362
1.019054	0.716808
1.022981	0.709506
1.026908	0.701465
1.030835	0.692760
1.034762	0.683537
1.038689	0.674022
1.042616	0.664513
1.046543	0.655368
1.050470	0.646976
1.054397	0.639735
1.058324	0.634028
1.062251	0.630201
1.066178	0.628558
1.070105	0.629361
1.074032	0.632830
1.077959	0.639159
1.081886	0.648517
1.085813	0.661060
1.089740	0.676933
1.093667	0.696273
1.097594	0.719201
1.101521	0.745814
1.105448	0.776165
1.109375	0.810239
1.113302	0.847921
1.117229	0.888951
1.121156	0.932880
1.125083	0.979026
1.129010	1.026438
1.132937	1.073883
1.136864	1.119868
1.140791	1.162714
1.144718	1.200669
1.148645	1.232063
1.152572	1.255472
1.156499	1.269865
1.160426	1.274709
1.164353	1.270007
1.168280	1.256290
1.172207	1.234548
1.176134	1.206131
1.180061	1.172626
1.183988	1.135726
1.187915	1.097100
1.191842	1.058289
1.195769	1.020632
1.199696	0.985224
1.203623	0.952909
1.207550	0.924302
1.211477	0.899812
1.215404	0.879689
1.219331	0.864052
1.223258	0.852919
1.227185	0.846227
1.231112	0.843842
1.235039	0.845556
1.238966	0.851089
1.242893	0.860070
1.246820	0.872036
1.250747	0.886424
1.254674	0.902582
1.258601	0.919795
1.262528	0.937322
1.266455	0.954455
1.270382	0.970569
1.274309	0.985170
1.278236	0.997923
1.282163	1.008655
1.286089	1.017339
1.290016	1.024064
1.293943	1.029002
1.297870	1.032367
1.301797	1.034394
1.305724	1.035312
1.309651	1.035335
1.313578	1.034654
1.317505	1.033433
1.321432	1.031810
1.325359	1.029899
1.329286	1.027794
1.333213	1.025568
1.337140	1.023281
1.341067	1.020980
1.344994	1.018702
1.348921	1.016474
1.352848	1.014318
1.356775	1.012251
1.360702	1.010285
1.364629	1.008430
1.368556	1.006691
1.372483	1.005075
1.376410	1.003585
1.380337	1.002224
1.384264	1.000992
1.388191	0.999892
1.392118	0.998925
1.396045	0.998090
1.399972	0.997389
1.403899	0.996821
1.407826	0.996386
1.411753	0.996084
1.415680	0.995914
1.419607	0.995873
1.423534	0.995959
1.427461	0.996168
1.431388	0.996492
1.435315	0.996923
1.439242	0.997447
1.443169	0.998048
1.447096	0.998704
1.451023	0.999388
1.454950	1.000064
1.458877	1.000695
1.462804	1.001236
1.466731	1.001644
1.470658	1.001881
1.474585	1.001924
1.478512	1.001780
1.482439	1.001504
1.486366	1.001218
1.490293	1.001128
1.494220	1.001544
1.498147	1.002875
1.502074	1.005627
1.506001	1.010379
1.509928	1.017743
1.513855	1.028337
1.517782	1.042737
1.521709	1.061450
1.525636	1.084885
1.529563	1.113323
1.533490	1.146895
1.537417	1.185540
1.541344	1.228964
1.545271	1.276591
1.549198	1.327503
1.553125	1.380404
1.557052	1.433599
1.560979	1.485038
1.564906	1.532423
1.568833	1.573407
1.572760	1.605852
1.576687	1.628128
1.580614	1.639366
1.584541	1.639617
1.588468	1.629856
1.592395	1.611837
1.596322	1.587842
1.600249	1.560387
1.604176	1.531941
1.608103	1.504724
1.612030	1.480580
1.615957	1.460918
1.619884	1.446711
1.623811	1.438523
1.627738	1.436543
1.631665	1.440623
1.635592	1.450310
1.639519	1.464889
1.643446	1.483420
1.647373	1.504794
1.651300	1.527803
1.655227	1.551205
1.659154	1.573798
1.663081	1.594468
1.667008	1.612229
1.670935	1.626229
1.674862	1.635756
1.678789	1.640233
1.682716	1.639230
1.686643	1.632483
1.690570	1.619933
1.694497	1.601772
1.698424	1.578486
1.702351	1.550864
1.706278	1.519984
1.710205	1.487150
1.714131	1.453800
1.718058	1.421394
1.721985	1.391319
1.725912	1.364813
1.729839	1.342921
1.733766	1.326484
1.737693	1.316149
1.741620	1.312395
1.745547	1.315555
1.749474	1.325838
1.753401	1.343340
1.757328	1.368035
1.761255	1.399764
1.765182	1.438197
1.769109	1.482799
1.773036	1.532787
1.776963	1.587096
1.780890	1.644373
1.784817	1.702999
1.788744	1.761164
1.792671	1.816983
1.796598	1.868630
1.800525	1.914489
1.804452	1.953255
1.808379	1.984000
1.812306	2.006159
1.816233	2.019486
1.820160	2.023967
1.824087	2.019744
1.828014	2.007048
1.831941	1.986180
1.835868	1.957513
1.839795	1.921542
1.843722	1.878932
1.847649	1.830577
1.851576	1.777621
1.855503	1.721446
1.859430	1.663608
1.863357	1.605733
1.867284	1.549411
1.871211	1.496082
1.875138	1.446963
1.879065	1.403000
1.882992	1.364853
1.886919	1.332905
1.890846	1.307276
1.894773	1.287846
1.898700	1.274267
1.902627	1.265985
1.906554	1.262242
1.910481	1.262104
1.914408	1.264486
1.918335	1.268194
1.922262	1.271982
1.926189	1.274622
1.930116	1.274974
1.934043	1.272060
1.937970	1.265121
1.941897	1.253659
1.945824	1.237451
1.949751	1.216534
1.953678	1.191166
1.957605	1.161774
1.961532	1.128910
1.965459	1.093210
1.969386	1.055374
1.973313	1.016145
1.977240	0.976287
1.981167	0.936555
1.985094	0.897662
1.989021	0.860241
1.992948	0.824825
1.996875	0.791828
2.000802	0.761552
2.004729	0.734193
2.008656	0.709863
2.012583	0.688609
2.016510	0.670435
2.020437	0.655316
2.024364	0.643214
2.028291	0.634089
2.032218	0.627902
2.036145	0.624623
2.040072	0.624226
2.043999	0.626687
2.047926	0.631976
2.051853	0.640046
2.055780	0.650812
2.059707	0.664133
2.063634	0.679782
2.067561	0.697413
2.071488	0.716530
2.075415	0.736461
2.079342	0.756341
2.083269	0.775132
2.087196	0.791669
2.091123	0.804756
2.095050	0.813295
2.098977	0.816434
2.102904	0.813693
2.106831	0.805043
2.110758	0.790909
2.114685	0.772094
2.118612	0.749656
2.122539	0.724758
2.126466	0.698537
2.130393	0.672007
2.134320	0.646009
2.138246	0.621188
2.142173	0.598009
2.146100	0.576782
2.150027	0.557692
2.153954	0.540833
2.157881	0.526232
2.161808	0.513879
2.165735	0.503736
2.169662	0.495756
2.173589	0.489891
2.177516	0.486093
2.181443	0.484324
2.185370	0.484550
2.189297	0.486744
2.193224	0.490881
2.197151	0.496933
2.201078	0.504863
2.205005	0.514615
2.208932	0.526102
2.212859	0.539202
2.216786	0.553745
2.220713	0.569510
2.224640	0.586225
2.228567	0.603580
2.232494	0.621236
2.236421	0.638851
2.240348	0.656097
2.244275	0.672682
2.248202	0.688363
2.252129	0.702954
2.256056	0.716337
2.259983	0.728462
2.263910	0.739349
2.267837	0.749089
2.271764	0.757831
2.275691	0.765775
2.279618	0.773150
2.283545	0.780195
2.287472	0.787147
2.291399	0.794217
2.295326	0.801594
2.299253	0.809437
2.303180	0.817881
2.307107	0.827052
2.311034	0.837066
2.314961	0.848039
2.318888	0.860084
2.322815	0.873304
2.326742	0.887784
2.330669	0.903582
2.334596	0.920727
2.338523	0.939225
2.342450	0.959076
2.346377	0.980288
2.350304	1.002893
2.354231	1.026959
2.358158	1.052588
2.362085	1.079910
2.366012	1.109069
2.369939	1.140210
2.373866	1.173457
2.377793	1.208892
2.381720	1.246531
2.385647	1.286296
2.389574	1.327970
2.393501	1.371160
2.397428	1.415245
2.401355	1.459322
2.405282	1.502171
2.409209	1.542231
2.413136	1.577635
2.417063	1.606292
2.420990	1.626054
2.424917	1.634954
2.428844	1.631477
2.432771	1.614816
2.436698	1.585045
2.440625	1.543153
2.444552	1.490919
2.448479	1.430670
2.452406	1.364980
2.456333	1.296383
2.460260	1.227152
2.464187	1.159165
2.468114	1.093864
2.472041	1.032262
2.475968	0.975000
2.479895	0.922414
2.483822	0.874597
2.487749	0.831461
2.491676	0.792786
2.495603	0.758249
2.499530	0.727456
2.503457	0.699961
2.507384	0.675286
2.511311	0.652938
2.515238	0.632430
2.519165	0.613305
2.523092	0.595147
2.527019	0.577604
2.530946	0.560396
2.534873	0.543327
2.538800	0.526289
2.542727	0.509261
2.546654	0.492302
2.550581	0.475530
2.554508	0.459107
2.558435	0.443209
2.562362	0.428009
2.566288	0.413656
2.570215	0.400272
2.574142	0.387943
2.578069	0.376725
2.581996	0.366643
2.585923	0.357702
2.589850	0.349889
2.593777	0.343180
2.597704	0.337543
2.601631	0.332943
2.605558	0.329341
2.609485	0.326695
2.613412	0.324962
2.617339	0.324092
2.621266	0.324025
2.625193	0.324696
2.629120	0.326025
2.633047	0.327923
2.636974	0.330296
2.640901	0.333055
2.644828	0.336124
2.648755	0.339463
2.652682	0.343071
2.656609	0.346997
2.660536	0.351340
2.664463	0.356237
2.668390	0.361852
2.672317	0.368361
2.676244	0.375936
2.680171	0.384732
2.684098	0.394879
2.688025	0.406477
2.691952	0.419586
2.695879	0.434226
2.699806	0.450364
2.703733	0.467916
2.707660	0.486732
2.711587	0.506597
2.715514	0.527220
2.719441	0.548235
2.723368	0.569202
2.727295	0.589623
2.731222	0.608976
2.735149	0.626768
2.739076	0.642603
2.743003	0.656228
2.746930	0.667539
2.750857	0.676515
2.754784	0.683076
2.758711	0.686949
2.762638	0.687644
2.766565	0.684644
2.770492	0.677755
2.774419	0.667391
2.778346	0.654573
2.782273	0.640657
2.786200	0.626929
2.790127	0.614316
2.794054	0.603264
2.797981	0.593801
2.801908	0.585697
2.805835	0.578643
2.809762	0.572414
2.813689	0.566948
2.817616	0.562353
2.821543	0.558835
2.825470	0.556590
2.829397	0.555698
2.833324	0.556056
2.837251	0.557378
2.841178	0.559266
2.845105	0.561303
2.849032	0.563158
2.852959	0.564639
2.856886	0.565715
2.860813	0.566491
2.864740	0.567167
2.868667	0.567994
2.872594	0.569231
2.876521	0.571120
2.880448	0.573856
2.884375	0.577572
2.888302	0.582336
2.892229	0.588144
2.896156	0.594935
2.900083	0.602601
2.904010	0.611007
2.907937	0.620002
2.911864	0.629433
2.915791	0.639159
2.919718	0.649054
2.923645	0.659010
2.927572	0.668932
2.931499	0.678733
2.935426	0.688323
2.939353	0.697598
2.943280	0.706437
2.947207	0.714694
2.951134	0.722209
2.955061	0.728823
2.958988	0.734395
2.962915	0.738829
2.966842	0.742075
2.970769	0.744113
2.974696	0.744909
2.978623	0.744354
2.982550	0.742222
2.986477	0.738171
2.990404	0.731784
2.994330	0.722663
2.998257	0.710523
3.002184	0.695284
3.006111	0.677123
3.010038	0.656463
3.013965	0.633918
3.017892	0.610192
3.021819	0.585989
3.025746	0.561941
3.029673	0.538574
3.033600	0.516307
3.037527	0.495460
3.041454	0.476274
3.045381	0.458920
3.049308	0.443511
3.053235	0.430105
3.057162	0.418710
3.061089	0.409284
3.065016	0.401740
3.068943	0.395944
3.072870	0.391720
3.076797	0.388859
3.080724	0.387114
3.084651	0.386219
3.088578	0.385894
3.092505	0.385859
3.096432	0.385851
3.100359	0.385631
3.104286	0.385003
3.108213	0.383809
3.112140	0.381940
3.116067	0.379331
3.119994	0.375960
3.123921	0.371842
3.127848	0.367025
3.131775	0.361584
3.135702	0.355615
3.139629	0.349216
3.143556	0.342481
3.147483	0.335493
3.151410	0.328314
3.155337	0.320996
3.159264	0.313583
3.163191	0.306120
3.167118	0.298659
3.171045	0.291263
3.174972	0.284005
3.178899	0.276961
3.182826	0.270208
3.186753	0.263809
3.190680	0.257816
3.194607	0.252258
3.198534	0.247145
3.202461	0.242470
3.206388	0.238219
3.210315	0.234377
3.214242	0.230933
3.218169	0.227889
3.222096	0.225259
3.226023	0.223071
3.229950	0.221362
3.233877	0.220177
3.237804	0.219565
3.241731	0.219576
3.245658	0.220258
3.249585	0.221656
3.253512	0.223814
3.257439	0.226774
3.261366	0.230570
3.265293	0.235237
3.269220	0.240800
3.273147	0.247278
3.277074	0.254682
3.281001	0.263008
3.284928	0.272237
3.288855	0.282329
3.292782	0.293222
3.296709	0.304827
3.300636	0.317026
3.304563	0.329673
3.308490	0.342597
3.312417	0.355613
3.316344	0.368536
3.320271	0.381204
3.324198	0.393496
3.328125	0.405355
3.332052	0.416783
3.335979	0.427829
3.339906	0.438566
3.343833	0.449065
3.347760	0.459386
3.351687	0.469577
3.355614	0.479676
3.359541	0.489717
3.363468	0.499705
3.367395	0.509599
3.371322	0.519278
3.375249	0.528540
3.379176	0.537110
3.383103	0.544680
3.387030	0.550940
3.390957	0.555607
3.394884	0.558449
3.398811	0.559293
3.402738	0.558031
3.406665	0.554617
3.410592	0.549057
3.414519	0.541393
3.418446	0.531697
3.422372	0.520067
3.426299	0.506645
3.430226	0.491631
3.434153	0.475293
3.438080	0.457967
3.442007	0.440028
3.445934	0.421855
3.449861	0.403791
3.453788	0.386114
3.457715	0.369025
3.461642	0.352654
3.465569	0.337081
3.469496	0.322349
3.473423	0.308489
3.477350	0.295526
3.481277	0.283485
3.485204	0.272392
3.489131	0.262268
3.493058	0.253127
3.496985	0.244975
3.500912	0.237805
3.504839	0.231602
3.508766	0.226340
3.512693	0.221990
3.516620	0.218515
3.520547	0.215875
3.524474	0.214030
3.528401	0.212940
3.532328	0.212569
3.536255	0.212885
3.540182	0.213863
3.544109	0.215483
3.548036	0.217727
3.551963	0.220570
3.555890	0.223977
3.559817	0.227887
3.563744	0.232209
3.567671	0.236814
3.571598	0.241532
3.575525	0.246155
3.579452	0.250450
3.583379	0.254178
3.587306	0.257118
3.591233	0.259092
3.595160	0.259993
3.599087	0.259794
3.603014	0.258565
3.606941	0.256459
3.610868	0.253702
3.614795	0.250563
3.618722	0.247330
3.622649	0.244280
3.626576	0.241659
3.630503	0.239673
3.634430	0.238484
3.638357	0.238204
3.642284	0.238908
3.646211	0.240629
3.650138	0.243362
3.654065	0.247066
3.657992	0.251660
3.661919	0.257018
3.665846	0.262971
3.669773	0.269299
3.673700	0.275736
3.677627	0.281974
3.681554	0.287675
3.685481	0.292494
3.689408	0.296105
3.693335	0.298239
3.697262	0.298716
3.701189	0.297474
3.705116	0.294580
3.709043	0.290226
3.712970	0.284702
3.716897	0.278363
3.720824	0.271586
3.724751	0.264738
3.728678	0.258147
3.732605	0.252085
3.736532	0.246768
3.740459	0.242358
3.744386	0.238970
3.748313	0.236683
3.752240	0.235551
3.756167	0.235605
3.760094	0.236863
3.764021	0.239329
3.767948	0.242989
3.771875	0.247815
3.775802	0.253751
3.779729	0.260708
3.783656	0.268549
3.787583	0.277086
3.791510	0.286068
3.795437	0.295177
3.799364	0.304040
3.803291	0.312240
3.807218	0.319351
3.811145	0.324974
3.815072	0.328785
3.818999	0.330578
3.822926	0.330297
3.826853	0.328050
3.830780	0.324084
3.834707	0.318751
3.838634	0.312442
3.842561	0.305533
3.846488	0.298345
3.850414	0.291123
3.854341	0.284042
3.858268	0.277220
3.862195	0.270742
3.866122	0.264687
3.870049	0.259136
3.873976	0.254177
3.877903	0.249909
3.881830	0.246428
3.885757	0.243822
3.889684	0.242165
3.893611	0.241511
3.897538	0.241892
3.901465	0.243317
3.905392	0.245769
3.909319	0.249206
3.913246	0.253555
3.917173	0.258714
3.921100	0.264543
3.925027	0.270872
3.928954	0.277498
3.932881	0.284203
3.936808	0.290770
3.940735	0.297005
3.944662	0.302755
3.948589	0.307916
3.952516	0.312422
3.956443	0.316218
3.960370	0.319232
3.964297	0.321353
3.968224	0.322439
3.972151	0.322337
3.976078	0.320931
3.980005	0.318184
3.983932	0.314164
3.987859	0.309056
3.991786	0.303134
3.995713	0.296737
3.999640	0.290221
4.003567	0.283926
4.007494	0.278151
4.011421	0.273138
4.015348	0.269061
4.019275	0.266033
4.023202	0.264110
4.027129	0.263290
4.031056	0.263522
4.034983	0.264708
4.038910	0.266706
4.042837	0.269337
4.046764	0.272391
4.050691	0.275642
4.054618	0.278855
4.058545	0.281801
4.062472	0.284262
4.066399	0.286032
4.070326	0.286918
4.074253	0.286740
4.078180	0.285337
4.082107	0.282594
4.086034	0.278462
4.089961	0.272982
4.093888	0.266293
4.097815	0.258617
4.101742	0.250235
4.105669	0.241447
4.109596	0.232548
4.113523	0.223794
4.117450	0.215400
4.121377	0.207531
4.125304	0.200306
4.129231	0.193805
4.133158	0.188079
4.137085	0.183151
4.141012	0.179033
4.144939	0.175722
4.148866	0.173212
4.152793	0.171494
4.156720	0.170560
4.160647	0.170405
4.164574	0.171027
4.168501	0.172426
4.172428	0.174608
4.176355	0.177579
4.180282	0.181342
4.184209	0.185898
4.188136	0.191235
4.192063	0.197328
4.195990	0.204126
4.199917	0.211544
4.203844	0.219458
4.207771	0.227694
4.211698	0.236026
4.215625	0.244181
4.219552	0.251853
4.223479	0.258725
4.227406	0.264500
4.231333	0.268940
4.235260	0.271892
4.239187	0.273310
4.243114	0.273258
4.247041	0.271895
4.250968	0.269449
4.254895	0.266189
4.258822	0.262393
4.262749	0.258330
4.266676	0.254253
4.270603	0.250392
4.274530	0.246957
4.278456	0.244137
4.282383	0.242100
4.286310	0.240990
4.290237	0.240924
4.294164	0.241994
4.298091	0.244264
4.302018	0.247772
4.305945	0.252527
4.309872	0.258507
4.313799	0.265652
4.317726	0.273856
4.321653	0.282956
4.325580	0.292730
4.329507	0.302887
4.333434	0.313076
4.337361	0.322899
4.341288	0.331940
4.345215	0.339795
4.349142	0.346116
4.353069	0.350641
4.356996	0.353212
4.360923	0.353782
4.364850	0.352390
4.368777	0.349140
4.372704	0.344172
4.376631	0.337654
4.380558	0.329772
4.384485	0.320744
4.388412	0.310822
4.392339	0.300289
4.396266	0.289446
4.400193	0.278590
4.404120	0.267995
4.408047	0.257890
4.411974	0.248459
4.415901	0.239836
4.419828	0.232118
4.423755	0.225369
4.427682	0.219632
4.431609	0.214931
4.435536	0.211280
4.439463	0.208681
4.443390	0.207131
4.447317	0.206617
4.451244	0.207118
4.455171	0.208601
4.459098	0.211016
4.463025	0.214289
4.466952	0.218319
4.470879	0.222970
4.474806	0.228070
4.478733	0.233409
4.482660	0.238754
4.486587	0.243852
4.490514	0.248452
4.494441	0.252321
4.498368	0.255266
4.502295	0.257143
4.506222	0.257877
4.510149	0.257455
4.514076	0.255931
4.518003	0.253410
4.521930	0.250047
4.525857	0.246034
4.529784	0.241587
4.533711	0.236942
4.537638	0.232332
4.541565	0.227983
4.545492	0.224098
4.549419	0.220850
4.553346	0.218385
4.557273	0.216817
4.561200	0.216238
4.565127	0.216722
4.569054	0.218329
4.572981	0.221112
4.576908	0.225119
4.580835	0.230393
4.584762	0.236976
4.588689	0.244899
4.592616	0.254184
4.596543	0.264828
4.600470	0.276800
4.604397	0.290016
4.608324	0.304329
4.612251	0.319506
4.616178	0.335213
4.620105	0.351002
4.624032	0.366313
4.627959	0.380493
4.631886	0.392840
4.635813	0.402663
4.639740	0.409357
4.643667	0.412482
4.647594	0.411824
4.651521	0.407419
4.655448	0.399551
4.659375	0.388708
4.663302	0.375515
4.667229	0.360658
4.671156	0.344809
4.675083	0.328573
4.679010	0.312459
4.682937	0.296862
4.686864	0.282076
4.690791	0.268305
4.694718	0.255682
4.698645	0.244284
4.702572	0.234149
4.706498	0.225284
4.710425	0.217680
4.714352	0.211313
4.718279	0.206151
4.722206	0.202157
4.726133	0.199289
4.730060	0.197499
4.733987	0.196732
4.737914	0.196921
4.741841	0.197981
4.745768	0.199803
4.749695	0.202252
4.753622	0.205160
4.757549	0.208323
4.761476	0.211510
4.765403	0.214468
4.769330	0.216942
4.773257	0.218694
4.777184	0.219530
4.781111	0.219316
4.785038	0.217993
4.788965	0.215578
4.792892	0.212148
4.796819	0.207825
4.800746	0.202759
4.804673	0.197108
4.808600	0.191033
4.812527	0.184694
4.816454	0.178248
4.820381	0.171845
4.824308	0.165623
4.828235	0.159703
4.832162	0.154185
4.836089	0.149147
4.840016	0.144644
4.843943	0.140713
4.847870	0.137372
4.851797	0.134624
4.855724	0.132460
4.859651	0.130857
4.863578	0.129778
4.867505	0.129176
4.871432	0.128985
4.875359	0.129128
4.879286	0.129516
4.883213	0.130053
4.887140	0.130643
4.891067	0.131197
4.894994	0.131638
4.898921	0.131912
4.902848	0.131977
4.906775	0.131809
4.910702	0.131385
4.914629	0.130684
4.918556	0.129678
4.922483	0.128336
4.926410	0.126628
4.930337	0.124539
4.934264	0.122071
4.938191	0.119247
4.942118	0.116115
4.946045	0.112735
4.949972	0.109179
4.953899	0.105519
4.957826	0.101825
4.961753	0.098162
4.965680	0.094587
4.969607	0.091148
4.973534	0.087887
4.977461	0.084833
4.981388	0.082010
4.985315	0.079433
4.989242	0.077112
4.993169	0.075050
4.997096	0.073246
5.001023	0.071697
5.004950	0.070401
5.008877	0.069351
5.012804	0.068545
5.016731	0.067979
5.020658	0.067652
5.024585	0.067565
5.028512	0.067718
5.032439	0.068116
5.036366	0.068765
5.040293	0.069673
5.044220	0.070849
5.048147	0.072304
5.052074	0.074049
5.056001	0.076095
5.059928	0.078450
5.063855	0.081120
5.067782	0.084102
5.071709	0.087384
5.075636	0.090942
5.079563	0.094731
5.083490	0.098686
5.087417	0.102716
5.091344	0.106704
5.095271	0.110511
5.099198	0.113985
5.103125	0.116972
5.107052	0.119335
5.110979	0.120968
5.114906	0.121814
5.118833	0.121867
5.122760	0.121178
5.126687	0.119845
5.130614	0.117999
5.134540	0.115793
5.138467	0.113386
5.142394	0.110934
5.146321	0.108575
5.150248	0.106425
5.154175	0.104579
5.158102	0.103105
5.162029	0.102046
5.165956	0.101425
5.169883	0.101241
5.173810	0.101475
5.177737	0.102087
5.181664	0.103015
5.185591	0.104180
5.189518	0.105484
5.193445	0.106813
5.197372	0.108047
5.201299	0.109065
5.205226	0.109751
5.209153	0.110009
5.213080	0.109762
5.217007	0.108963
5.220934	0.107595
5.224861	0.105674
5.228788	0.103245
5.232715	0.100376
5.236642	0.097151
5.240569	0.093660
5.244496	0.089995
5.248423	0.086240
5.252350	0.082468
5.256277	0.078742
5.260204	0.075114
5.264131	0.071623
5.268058	0.068300
5.271985	0.065167
5.275912	0.062238
5.279839	0.059521
5.283766	0.057021
5.287693	0.054735
5.291620	0.052659
5.295547	0.050788
5.299474	0.049114
5.303401	0.047627
5.307328	0.046321
5.311255	0.045186
5.315182	0.044216
5.319109	0.043402
5.323036	0.042739
5.326963	0.042221
5.330890	0.041840
5.334817	0.041592
5.338744	0.041468
5.342671	0.041458
5.346598	0.041552
5.350525	0.041732
5.354452	0.041980
5.358379	0.042271
5.362306	0.042578
5.366233	0.042870
5.370160	0.043120
5.374087	0.043300
5.378014	0.043394
5.381941	0.043393
5.385868	0.043300
5.389795	0.043128
5.393722	0.042898
5.397649	0.042633
5.401576	0.042354
5.405503	0.042079
5.409430	0.041819
5.413357	0.041580
5.417284	0.041359
5.421211	0.041152
5.425138	0.040951
5.429065	0.040747
5.432992	0.040537
5.436919	0.040315
5.440846	0.040082
5.444773	0.039838
5.448700	0.039587
5.452627	0.039332
5.456554	0.039078
5.460481	0.038830
5.464408	0.038595
5.468335	0.038380
5.472262	0.038198
5.476189	0.038062
5.480116	0.037986
5.484043	0.037988
5.487970	0.038085
5.491897	0.038293
5.495824	0.038627
5.499751	0.039103
5.503678	0.039733
5.507605	0.040528
5.511532	0.041500
5.515459	0.042658
5.519386	0.044008
5.523313	0.045554
5.527240	0.047296
5.531167	0.049227
5.535094	0.051331
5.539021	0.053582
5.542948	0.055936
5.546875	0.058334
5.550802	0.060697
5.554729	0.062930
5.558656	0.064923
5.562582	0.066563
5.566509	0.067745
5.570436	0.068385
5.574363	0.068433
5.578290	0.067883
5.582217	0.066770
5.586144	0.065168
5.590071	0.063174
5.593998	0.060898
5.597925	0.058449
5.601852	0.055922
5.605779	0.053396
5.609706	0.050931
5.613633	0.048567
5.617560	0.046329
5.621487	0.044229
5.625414	0.042272
5.629341	0.040456
5.633268	0.038774
5.637195	0.037222
5.641122	0.035792
5.645049	0.034479
5.648976	0.033277
5.652903	0.032184
5.656830	0.031197
5.660757	0.030313
5.664684	0.029533
5.668611	0.028854
5.672538	0.028274
5.676465	0.027794
5.680392	0.027409
5.684319	0.027118
5.688246	0.026917
5.692173	0.026800
5.696100	0.026761
5.700027	0.026791
5.703954	0.026879
5.707881	0.027008
5.711808	0.027162
5.715735	0.027319
5.719662	0.027455
5.723589	0.027548
5.727516	0.027577
5.731443	0.027524
5.735370	0.027379
5.739297	0.027142
5.743224	0.026817
5.747151	0.026419
5.751078	0.025967
5.755005	0.025481
5.758932	0.024982
5.762859	0.024490
5.766786	0.024019
5.770713	0.023579
5.774640	0.023175
5.778567	0.022808
5.782494	0.022473
5.786421	0.022162
5.790348	0.021866
5.794275	0.021572
5.798202	0.021270
5.802129	0.020951
5.806056	0.020608
5.809983	0.020242
5.813910	0.019854
5.817837	0.019452
5.821764	0.019042
5.825691	0.018636
5.829618	0.018241
5.833545	0.017866
5.837472	0.017517
5.841399	0.017200
5.845326	0.016917
5.849253	0.016672
5.853180	0.016465
5.857107	0.016298
5.861034	0.016171
5.864961	0.016083
5.868888	0.016036
5.872815	0.016027
5.876742	0.016057
5.880669	0.016125
5.884596	0.016230
5.888523	0.016368
5.892450	0.016537
5.896377	0.016733
5.900304	0.016950
5.904231	0.017182
5.908158	0.017421
5.912085	0.017660
5.916012	0.017890
5.919939	0.018104
5.923866	0.018297
5.927793	0.018465
5.931720	0.018606
5.935647	0.018722
5.939574	0.018816
5.943501	0.018893
5.947428	0.018959
5.951355	0.019020
5.955282	0.019080
5.959209	0.019142
5.963136	0.019206
5.967063	0.019269
5.970990	0.019325
5.974917	0.019363
5.978844	0.019372
5.982771	0.019338
5.986698	0.019253
5.990624	0.019107
5.994551	0.018900
5.998478	0.018635
6.002405	0.018321
6.006332	0.017971
6.010259	0.017599
6.014186	0.017220
6.018113	0.016848
6.022040	0.016495
6.025967	0.016169
6.029894	0.015878
6.033821	0.015626
6.037748	0.015417
6.041675	0.015252
6.045602	0.015134
6.049529	0.015061
6.053456	0.015035
6.057383	0.015055
6.061310	0.015122
6.065237	0.015235
6.069164	0.015393
6.073091	0.015594
6.077018	0.015838
6.080945	0.016121
6.084872	0.016440
6.088799	0.016791
6.092726	0.017170
6.096653	0.017570
6.100580	0.017986
6.104507	0.018412
6.108434	0.018842
6.112361	0.019269
6.116288	0.019687
6.120215	0.020089
6.124142	0.020467
6.128069	0.020814
6.131996	0.021121
6.135923	0.021378
6.139850	0.021574
6.143777	0.021700
6.147704	0.021744
6.151631	0.021698
6.155558	0.021556
6.159485	0.021317
6.163412	0.020984
6.167339	0.020565
6.171266	0.020074
6.175193	0.019528
6.179120	0.018944
6.183047	0.018342
6.186974	0.017738
6.190901	0.017149
6.194828	0.016586
6.198755	0.016057
6.202682	0.015570
6.206609	0.015129
6.210536	0.014735
6.214463	0.014390
6.218390	0.014093
6.222317	0.013843
6.226244	0.013641
6.230171	0.013484
6.234098	0.013373
6.238025	0.013306
6.241952	0.013283
6.245879	0.013303
6.249806	0.013367
6.253733	0.013473
6.257660	0.013622
6.261587	0.013813
6.265514	0.014043
6.269441	0.014310
6.273368	0.014610
6.277295	0.014938
6.281222	0.015285
6.285149	0.015642
6.289076	0.015997
6.293003	0.016336
6.296930	0.016645
6.300857	0.016908
6.304784	0.017112
6.308711	0.017244
6.312638	0.017293
6.316565	0.017254
6.320492	0.017124
6.324419	0.016908
6.328346	0.016613
6.332273	0.016252
6.336200	0.015839
6.340127	0.015392
6.344054	0.014925
6.347981	0.014454
6.351908	0.013992
6.355835	0.013547
6.359762	0.013128
6.363689	0.012740
6.367616	0.012384
6.371543	0.012063
6.375470	0.011776
6.379397	0.011525
6.383324	0.011307
6.387251	0.011121
6.391178	0.010967
6.395105	0.010844
6.399032	0.010751
6.402959	0.010687
6.406886	0.010651
6.410813	0.010644
6.414739	0.010666
6.418666	0.010716
6.422593	0.010797
6.426520	0.010908
6.430447	0.011051
6.434374	0.011228
6.438301	0.011440
6.442228	0.011689
6.446155	0.011976
6.450082	0.012304
6.454009	0.012674
6.457936	0.013087
6.461863	0.013541
6.465790	0.014036
6.469717	0.014566
6.473644	0.015125
6.477571	0.015703
6.481498	0.016283
6.485425	0.016849
6.489352	0.017378
6.493279	0.017844
6.497206	0.018223
6.501133	0.018491
6.505060	0.018631
6.508987	0.018631
6.512914	0.018489
6.516841	0.018214
6.520768	0.017822
6.524695	0.017335
6.528622	0.016778
6.532549	0.016177
6.536476	0.015555
6.540403	0.014933
6.544330	0.014326
6.548257	0.013746
6.552184	0.013201
6.556111	0.012696
6.560038	0.012232
6.563965	0.011811
6.567892	0.011431
6.571819	0.011093
6.575746	0.010793
6.579673	0.010530
6.583600	0.010302
6.587527	0.010108
6.591454	0.009945
6.595381	0.009813
6.599308	0.009710
6.603235	0.009635
6.607162	0.009589
6.611089	0.009570
6.615016	0.009578
6.618943	0.009614
6.622870	0.009678
6.626797	0.009771
6.630724	0.009893
6.634651	0.010044
6.638578	0.010225
6.642505	0.010435
6.646432	0.010673
6.650359	0.010937
6.654286	0.011224
6.658213	0.011527
6.662140	0.011840
6.666067	0.012153
6.669994	0.012452
6.673921	0.012726
6.677848	0.012961
6.681775	0.013142
6.685702	0.013260
6.689629	0.013307
6.693556	0.013281
6.697483	0.013184
6.701410	0.013021
6.705337	0.012803
6.709264	0.012541
6.713191	0.012246
6.717118	0.011930
6.721045	0.011605
6.724972	0.011278
6.728899	0.010960
6.732826	0.010655
6.736753	0.010371
6.740680	0.010109
6.744607	0.009874
6.748534	0.009667
6.752461	0.009489
6.756388	0.009341
6.760315	0.009222
6.764242	0.009133
6.768169	0.009072
6.772096	0.009039
6.776023	0.009032
6.779950	0.009050
6.783877	0.009091
6.787804	0.009152
6.791731	0.009228
6.795658	0.009317
6.799585	0.009413
6.803512	0.009509
6.807439	0.009601
6.811366	0.009684
6.815293	0.009753
6.819220	0.009808
6.823147	0.009847
6.827074	0.009874
6.831001	0.009893
6.834928	0.009906
6.838855	0.009918
6.842781	0.009934
6.846708	0.009954
6.850635	0.009980
6.854562	0.010011
6.858489	0.010047
6.862416	0.010085
6.866343	0.010122
6.870270	0.010155
6.874197	0.010178
6.878124	0.010186
6.882051	0.010173
6.885978	0.010134
6.889905	0.010063
6.893832	0.009960
6.897759	0.009822
6.901686	0.009653
6.905613	0.009456
6.909540	0.009238
6.913467	0.009004
6.917394	0.008763
6.921321	0.008521
6.925248	0.008284
6.929175	0.008055
6.933102	0.007840
6.937029	0.007639
6.940956	0.007456
6.944883	0.007290
6.948810	0.007142
6.952737	0.007013
6.956664	0.006901
6.960591	0.006807
6.964518	0.006730
6.968445	0.006669
6.972372	0.006625
6.976299	0.006597
6.980226	0.006584
6.984153	0.006586
6.988080	0.006604
6.992007	0.006636
6.995934	0.006682
6.999861	0.006741
7.003788	0.006813
7.007715	0.006895
7.011642	0.006986
7.015569	0.007084
7.019496	0.007186
7.023423	0.007289
7.027350	0.007391
7.031277	0.007490
7.035204	0.007584
7.039131	0.007672
7.043058	0.007753
7.046985	0.007826
7.050912	0.007892
7.054839	0.007948
7.058766	0.007994
7.062693	0.008028
7.066620	0.008048
7.070547	0.008052
7.074474	0.008035
7.078401	0.007998
7.082328	0.007937
7.086255	0.007853
7.090182	0.007747
7.094109	0.007621
7.098036	0.007476
7.101963	0.007319
7.105890	0.007151
7.109817	0.006979
7.113744	0.006807
7.117671	0.006637
7.121598	0.006474
7.125525	0.006319
7.129452	0.006175
7.133379	0.006043
7.137306	0.005923
7.141233	0.005815
7.145160	0.005720
7.149087	0.005637
7.153014	0.005567
7.156941	0.005508
7.160868	0.005461
7.164795	0.005425
7.168722	0.005401
7.172649	0.005387
7.176576	0.005384
7.180503	0.005392
7.184430	0.005411
7.188357	0.005441
7.192284	0.005483
7.196211	0.005535
7.200138	0.005600
7.204065	0.005676
7.207992	0.005763
7.211919	0.005861
7.215846	0.005968
7.219773	0.006085
7.223700	0.006208
7.227627	0.006337
7.231554	0.006468
7.235481	0.006600
7.239408	0.006729
7.243335	0.006853
7.247262	0.006968
7.251189	0.007070
7.255116	0.007157
7.259043	0.007224
7.262970	0.007268
7.266897	0.007287
7.270823	0.007280
7.274750	0.007246
7.278677	0.007186
7.282604	0.007100
7.286531	0.006992
7.290458	0.006865
7.294385	0.006722
7.298312	0.006567
7.302239	0.006405
7.306166	0.006239
7.310093	0.006073
7.314020	0.005911
7.317947	0.005756
7.321874	0.005609
7.325801	0.005471
7.329728	0.005345
7.333655	0.005229
7.337582	0.005125
7.341509	0.005033
7.345436	0.004951
7.349363	0.004879
7.353290	0.004818
7.357217	0.004767
7.361144	0.004725
7.365071	0.004692
7.368998	0.004667
7.372925	0.004651
7.376852	0.004643
7.380779	0.004643
7.384706	0.004650
7.388633	0.004663
7.392560	0.004683
7.396487	0.004709
7.400414	0.004739
7.404341	0.004774
7.408268	0.004812
7.412195	0.004853
7.416122	0.004896
7.420049	0.004943
7.423976	0.004993
7.427903	0.005047
7.431830	0.005105
7.435757	0.005167
7.439684	0.005234
7.443611	0.005305
7.447538	0.005378
7.451465	0.005453
7.455392	0.005528
7.459319	0.005599
7.463246	0.005665
7.467173	0.005722
7.471100	0.005767
7.475027	0.005798
7.478954	0.005810
7.482881	0.005803
7.486808	0.005775
7.490735	0.005725
7.494662	0.005656
7.498589	0.005570
7.502516	0.005469
7.506443	0.005359
7.510370	0.005244
7.514297	0.005127
7.518224	0.005011
7.522151	0.004900
7.526078	0.004795
7.530005	0.004697
7.533932	0.004608
7.537859	0.004529
7.541786	0.004458
7.545713	0.004397
7.549640	0.004344
7.553567	0.004300
7.557494	0.004265
7.561421	0.004239
7.565348	0.004220
7.569275	0.004209
7.573202	0.004207
7.577129	0.004212
7.581056	0.004225
7.584983	0.004245
7.588910	0.004273
7.592837	0.004309
7.596764	0.004351
7.600691	0.004400
7.604618	0.004455
7.608545	0.004516
7.612472	0.004583
7.616399	0.004653
7.620326	0.004728
7.624253	0.004807
7.628180	0.004888
7.632107	0.004972
7.636034	0.005058
7.639961	0.005144
7.643888	0.005230
7.647815	0.005314
7.651742	0.005393
7.655669	0.005465
7.659596	0.005528
7.663523	0.005577
7.667450	0.005611
7.671377	0.005626
7.675304	0.005620
7.679231	0.005591
7.683158	0.005540
7.687085	0.005467
7.691012	0.005376
7.694939	0.005270
7.698865	0.005152
7.702792	0.005029
7.706719	0.004902
7.710646	0.004776
7.714573	0.004654
7.718500	0.004538
7.722427	0.004429
7.726354	0.004329
7.730281	0.004237
7.734208	0.004154
7.738135	0.004079
7.742062	0.004014
7.745989	0.003957
7.749916	0.003907
7.753843	0.003866
7.757770	0.003832
7.761697	0.003805
7.765624	0.003784
7.769551	0.003771
7.773478	0.003764
7.777405	0.003763
7.781332	0.003768
7.785259	0.003780
7.789186	0.003797
7.793113	0.003820
7.797040	0.003848
7.800967	0.003881
7.804894	0.003920
7.808821	0.003963
7.812748	0.004010
7.816675	0.004063
7.820602	0.004119
7.824529	0.004181
7.828456	0.004248
7.832383	0.004320
7.836310	0.004398
7.840237	0.004480
7.844164	0.004567
7.848091	0.004656
7.852018	0.004745
7.855945	0.004831
7.859872	0.004910
7.863799	0.004979
7.867726	0.005034
7.871653	0.005071
7.875580	0.005087
7.879507	0.005080
7.883434	0.005049
7.887361	0.004996
7.891288	0.004922
7.895215	0.004832
7.899142	0.004728
7.903069	0.004616
7.906996	0.004500
7.910923	0.004383
7.914850	0.004268
7.918777	0.004157
7.922704	0.004053
7.926631	0.003956
7.930558	0.003866
7.934485	0.003785
7.938412	0.003711
7.942339	0.003646
7.946266	0.003588
7.950193	0.003537
7.954120	0.003493
7.958047	0.003455
7.961974	0.003424
7.965901	0.003399
7.969828	0.003380
7.973755	0.003366
7.977682	0.003358
7.981609	0.003356
7.985536	0.003359
7.989463	0.003368
7.993390	0.003383
7.997317	0.003403
8.001244	0.003429
8.005171	0.003461
8.009098	0.003498
8.013025	0.003541
8.016952	0.003590
8.020879	0.003643
8.024806	0.003701
8.028733	0.003762
8.032660	0.003825
8.036587	0.003889
8.040514	0.003952
8.044441	0.004012
8.048368	0.004068
8.052295	0.004119
8.056222	0.004161
8.060149	0.004196
8.064076	0.004222
8.068003	0.004239
8.071930	0.004248
8.075857	0.004248
8.079784	0.004241
8.083711	0.004225
8.087638	0.004202
8.091565	0.004171
8.095492	0.004133
8.099419	0.004088
8.103346	0.004038
8.107273	0.003982
8.111200	0.003922
8.115127	0.003858
8.119054	0.003792
8.122981	0.003724
8.126907	0.003655
8.130834	0.003587
8.134761	0.003520
8.138688	0.003456
8.142615	0.003394
8.146542	0.003337
8.150469	0.003284
8.154396	0.003236
8.158323	0.003193
8.162250	0.003156
8.166177	0.003123
8.170104	0.003096
8.174031	0.003075
8.177958	0.003058
8.181885	0.003046
8.185812	0.003040
8.189739	0.003038
8.193666	0.003040
8.197593	0.003048
8.201520	0.003060
8.205447	0.003076
8.209374	0.003096
8.213301	0.003119
8.217228	0.003147
8.221155	0.003177
8.225082	0.003211
8.229009	0.003248
8.232936	0.003288
8.236863	0.003331
8.240790	0.003376
8.244717	0.003424
8.248644	0.003472
8.252571	0.003521
8.256498	0.003567
8.260425	0.003610
8.264352	0.003648
8.268279	0.003677
8.272206	0.003696
8.276133	0.003704
8.280060	0.003698
8.283987	0.003678
8.287914	0.003646
8.291841	0.003601
8.295768	0.003545
8.299695	0.003481
8.303622	0.003412
8.307549	0.003338
8.311476	0.003264
8.315403	0.003190
8.319330	0.003118
8.323257	0.003050
8.327184	0.002985
8.331111	0.002925
8.335038	0.002870
8.338965	0.002819
8.342892	0.002773
8.346819	0.002731
8.350746	0.002694
8.354673	0.002660
8.358600	0.002630
8.362527	0.002604
8.366454	0.002580
8.370381	0.002560
8.374308	0.002543
8.378235	0.002529
8.382162	0.002517
8.386089	0.002508
8.390016	0.002502
8.393943	0.002498
8.397870	0.002496
8.401797	0.002497
8.405724	0.002499
8.409651	0.002504
8.413578	0.002511
8.417505	0.002519
8.421432	0.002529
8.425359	0.002540
8.429286	0.002553
8.433213	0.002567
8.437140	0.002582
8.441067	0.002599
8.444994	0.002618
8.448921	0.002639
8.452848	0.002662
8.456775	0.002687
8.460702	0.002714
8.464629	0.002743
8.468556	0.002773
8.472483	0.002803
8.476410	0.002833
8.480337	0.002860
8.484264	0.002884
8.488191	0.002904
8.492118	0.002917
8.496045	0.002923
8.499972	0.002920
8.503899	0.002910
8.507826	0.002892
8.511753	0.002866
8.515680	0.002833
8.519607	0.002795
8.523534	0.002754
8.527461	0.002710
8.531388	0.002666
8.535315	0.002621
8.539242	0.002578
8.543169	0.002537
8.547096	0.002499
8.551023	0.002463
8.554949	0.002430
8.558876	0.002401
8.562803	0.002374
8.566730	0.002350
8.570657	0.002329
8.574584	0.002311
8.578511	0.002295
8.582438	0.002282
8.586365	0.002271
8.590292	0.002262
8.594219	0.002256
8.598146	0.002252
8.602073	0.002250
8.606000	0.002249
8.609927	0.002251
8.613854	0.002255
8.617781	0.002260
8.621708	0.002268
8.625635	0.002276
8.629562	0.002287
8.633489	0.002299
8.637416	0.002312
8.641343	0.002327
8.645270	0.002344
8.649197	0.002362
8.653124	0.002382
8.657051	0.002404
8.660978	0.002427
8.664905	0.002452
8.668832	0.002478
8.672759	0.002505
8.676686	0.002532
8.680613	0.002558
8.684540	0.002582
8.688467	0.002604
8.692394	0.002623
8.696321	0.002638
8.700248	0.002648
8.704175	0.002653
8.708102	0.002652
8.712029	0.002645
8.715956	0.002633
8.719883	0.002614
8.723810	0.002590
8.727737	0.002561
8.731664	0.002528
8.735591	0.002492
8.739518	0.002454
8.743445	0.002415
8.747372	0.002377
8.751299	0.002339
8.755226	0.002302
8.759153	0.002268
8.763080	0.002235
8.767007	0.002206
8.770934	0.002178
8.774861	0.002153
8.778788	0.002131
8.782715	0.002111
8.786642	0.002093
8.790569	0.002077
8.794496	0.002063
8.798423	0.002051
8.802350	0.002041
8.806277	0.002033
8.810204	0.002026
8.814131	0.002021
8.818058	0.002017
8.821985	0.002014
8.825912	0.002012
8.829839	0.002012
8.833766	0.002012
8.837693	0.002013
8.841620	0.002015
8.845547	0.002018
8.849474	0.002021
8.853401	0.002026
8.857328	0.002032
8.861255	0.002038
8.865182	0.002047
8.869109	0.002057
8.873036	0.002069
8.876963	0.002083
8.880890	0.002099
8.884817	0.002117
8.888744	0.002138
8.892671	0.002159
8.896598	0.002183
8.900525	0.002207
8.904452	0.002231
8.908379	0.002254
8.912306	0.002275
8.916233	0.002293
8.920160	0.002307
8.924087	0.002316
8.928014	0.002319
8.931941	0.002316
8.935868	0.002308
8.939795	0.002294
8.943722	0.002274
8.947649	0.002251
8.951576	0.002225
8.955503	0.002196
8.959430	0.002165
8.963357	0.002135
8.967284	0.002104
8.971211	0.002074
8.975138	0.002046
8.979065	0.002019
8.982991	0.001994
8.986918	0.001971
8.990845	0.001950
8.994772	0.001931
8.998699	0.001914
9.002626	0.001898
9.006553	0.001884
9.010480	0.001872
9.014407	0.001862
9.018334	0.001852
9.022261	0.001844
9.026188	0.001837
9.030115	0.001832
9.034042	0.001827
9.037969	0.001823
9.041896	0.001819
9.045823	0.001817
9.049750	0.001815
9.053677	0.001814
9.057604	0.001813
9.061531	0.001814
9.065458	0.001816
9.069385	0.001819
9.073312	0.001823
9.077239	0.001828
9.081166	0.001835
9.085093	0.001843
9.089020	0.001852
9.092947	0.001863
9.096874	0.001875
9.100801	0.001888
9.104728	0.001902
9.108655	0.001916
9.112582	0.001930
9.116509	0.001944
9.120436	0.001957
9.124363	0.001968
9.128290	0.001978
9.132217	0.001984
9.136144	0.001989
9.140071	0.001990
9.143998	0.001989
9.147925	0.001985
9.151852	0.001978
9.155779	0.001968
9.159706	0.001955
9.163633	0.001941
9.167560	0.001924
9.171487	0.001905
9.175414	0.001886
9.179341	0.001866
9.183268	0.001846
9.187195	0.001826
9.191122	0.001807
9.195049	0.001789
9.198976	0.001771
9.202903	0.001756
9.206830	0.001741
9.210757	0.001728
9.214684	0.001716
9.218611	0.001705
9.222538	0.001695
9.226465	0.001687
9.230392	0.001680
9.234319	0.001673
9.238246	0.001668
9.242173	0.001664
9.246100	0.001660
9.250027	0.001658
9.253954	0.001656
9.257881	0.001655
9.261808	0.001654
9.265735	0.001655
9.269662	0.001656
9.273589	0.001658
9.277516	0.001660
9.281443	0.001663
9.285370	0.001667
9.289297	0.001672
9.293224	0.001678
9.297151	0.001685
9.301078	0.001692
9.305005	0.001700
9.308932	0.001709
9.312859	0.001718
9.316786	0.001727
9.320713	0.001736
9.324640	0.001744
9.328567	0.001752
9.332494	0.001760
9.336421	0.001766
9.340348	0.001771
9.344275	0.001774
9.348202	0.001777
9.352129	0.001777
9.356056	0.001776
9.359983	0.001774
9.363910	0.001769
9.367837	0.001762
9.371764	0.001754
9.375691	0.001743
9.379618	0.001730
9.383545	0.001716
9.387472	0.001702
9.391399	0.001686
9.395326	0.001670
9.399253	0.001654
9.403180	0.001639
9.407107	0.001624
9.411033	0.001610
9.414960	0.001597
9.418887	0.001585
9.422814	0.001574
9.426741	0.001564
9.430668	0.001554
9.434595	0.001546
9.438522	0.001538
9.442449	0.001531
9.446376	0.001525
9.450303	0.001520
9.454230	0.001515
9.458157	0.001511
9.462084	0.001508
9.466011	0.001505
9.469938	0.001502
9.473865	0.001501
9.477792	0.001499
9.481719	0.001498
9.485646	0.001498
9.489573	0.001498
9.493500	0.001499
9.497427	0.001500
9.501354	0.001501
9.505281	0.001504
9.509208	0.001506
9.513135	0.001510
9.517062	0.001514
9.520989	0.001518
9.524916	0.001523
9.528843	0.001529
9.532770	0.001534
9.536697	0.001540
9.540624	0.001545
9.544551	0.001551
9.548478	0.001556
9.552405	0.001560
9.556332	0.001564
9.560259	0.001567
9.564186	0.001569
9.568113	0.001570
9.572040	0.001571
9.575967	0.001571
9.579894	0.001569
9.583821	0.001566
9.587748	0.001562
9.591675	0.001557
9.595602	0.001550
9.599529	0.001541
9.603456	0.001532
9.607383	0.001521
9.611310	0.001510
9.615237	0.001499
9.619164	0.001488
9.623091	0.001477
9.627018	0.001466
9.630945	0.001456
9.634872	0.001447
9.638799	0.001438
9.642726	0.001430
9.646653	0.001422
9.650580	0.001415
9.654507	0.001408
9.658434	0.001403
9.662361	0.001397
9.666288	0.001392
9.670215	0.001388
9.674142	0.001384
9.678069	0.001380
9.681996	0.001377
9.685923	0.001374
9.689850	0.001372
9.693777	0.001370
9.697704	0.001368
9.701631	0.001366
9.705558	0.001365
9.709485	0.001364
9.713412	0.001363
9.717339	0.001362
9.721266	0.001362
9.725193	0.001362
9.729120	0.001362
9.733047	0.001363
9.736974	0.001364
9.740901	0.001366
9.744828	0.001368
9.748755	0.001370
9.752682	0.001372
9.756609	0.001374
9.760536	0.001377
9.764463	0.001379
9.768390	0.001381
9.772317	0.001383
9.776244	0.001385
9.780171	0.001387
9.784098	0.001388
9.788025	0.001389
9.791952	0.001389
9.795879	0.001389
9.799806	0.001389
9.803733	0.001388
9.807660	0.001386
9.811587	0.001384
9.815514	0.001380
9.819441	0.001376
