-9.819441	0.002287
-9.815514	0.002255
-9.811587	0.002226
-9.807660	0.002199
-9.803733	0.002175
-9.799806	0.002154
-9.795879	0.002137
-9.791952	0.002124
-9.788025	0.002113
-9.784098	0.002106
-9.780171	0.002103
-9.776244	0.002102
-9.772317	0.002103
-9.768390	0.002107
-9.764463	0.002112
-9.760536	0.002119
-9.756609	0.002126
-9.752682	0.002132
-9.748755	0.002138
-9.744828	0.002142
-9.740901	0.002144
-9.736974	0.002144
-9.733047	0.002143
-9.729120	0.002140
-9.725193	0.002136
-9.721266	0.002132
-9.717339	0.002129
-9.713412	0.002126
-9.709485	0.002125
-9.705558	0.002126
-9.701631	0.002128
-9.697704	0.002132
-9.693777	0.002138
-9.689850	0.002146
-9.685923	0.002155
-9.681996	0.002165
-9.678069	0.002176
-9.674142	0.002188
-9.670215	0.002201
-9.666288	0.002215
-9.662361	0.002230
-9.658434	0.002247
-9.654507	0.002266
-9.650580	0.002287
-9.646653	0.002310
-9.642726	0.002335
-9.638799	0.002361
-9.634872	0.002389
-9.630945	0.002418
-9.627018	0.002447
-9.623091	0.002476
-9.619164	0.002505
-9.615237	0.002532
-9.611310	0.002558
-9.607383	0.002582
-9.603456	0.002604
-9.599529	0.002623
-9.595602	0.002639
-9.591675	0.002651
-9.587748	0.002658
-9.583821	0.002660
-9.579894	0.002658
-9.575967	0.002651
-9.572040	0.002641
-9.568113	0.002628
-9.564186	0.002613
-9.560259	0.002597
-9.556332	0.002580
-9.552405	0.002563
-9.548478	0.002546
-9.544551	0.002530
-9.540624	0.002515
-9.536697	0.002502
-9.532770	0.002490
-9.528843	0.002479
-9.524916	0.002470
-9.520989	0.002462
-9.517062	0.002455
-9.513135	0.002448
-9.509208	0.002440
-9.505281	0.002430
-9.501354	0.002420
-9.497427	0.002408
-9.493500	0.002395
-9.489573	0.002381
-9.485646	0.002366
-9.481719	0.002352
-9.477792	0.002339
-9.473865	0.002328
-9.469938	0.002319
-9.466011	0.002312
-9.462084	0.002307
-9.458157	0.002306
-9.454230	0.002308
-9.450303	0.002312
-9.446376	0.002320
-9.442449	0.002330
-9.438522	0.002344
-9.434595	0.002360
-9.430668	0.002380
-9.426741	0.002401
-9.422814	0.002425
-9.418887	0.002451
-9.414960	0.002478
-9.411033	0.002507
-9.407107	0.002538
-9.403180	0.002570
-9.399253	0.002603
-9.395326	0.002639
-9.391399	0.002677
-9.387472	0.002717
-9.383545	0.002761
-9.379618	0.002807
-9.375691	0.002856
-9.371764	0.002908
-9.367837	0.002961
-9.363910	0.003015
-9.359983	0.003070
-9.356056	0.003123
-9.352129	0.003175
-9.348202	0.003223
-9.344275	0.003268
-9.340348	0.003307
-9.336421	0.003341
-9.332494	0.003366
-9.328567	0.003384
-9.324640	0.003392
-9.320713	0.003391
-9.316786	0.003379
-9.312859	0.003359
-9.308932	0.003331
-9.305005	0.003296
-9.301078	0.003255
-9.297151	0.003211
-9.293224	0.003165
-9.289297	0.003119
-9.285370	0.003072
-9.281443	0.003026
-9.277516	0.002981
-9.273589	0.002937
-9.269662	0.002894
-9.265735	0.002852
-9.261808	0.002811
-9.257881	0.002771
-9.253954	0.002734
-9.250027	0.002698
-9.246100	0.002666
-9.242173	0.002636
-9.238246	0.002610
-9.234319	0.002587
-9.230392	0.002567
-9.226465	0.002551
-9.222538	0.002538
-9.218611	0.002529
-9.214684	0.002524
-9.210757	0.002522
-9.206830	0.002524
-9.202903	0.002529
-9.198976	0.002537
-9.195049	0.002549
-9.191122	0.002565
-9.187195	0.002584
-9.183268	0.002608
-9.179341	0.002635
-9.175414	0.002666
-9.171487	0.002701
-9.167560	0.002740
-9.163633	0.002784
-9.159706	0.002831
-9.155779	0.002881
-9.151852	0.002935
-9.147925	0.002991
-9.143998	0.003048
-9.140071	0.003106
-9.136144	0.003163
-9.132217	0.003220
-9.128290	0.003274
-9.124363	0.003325
-9.120436	0.003372
-9.116509	0.003416
-9.112582	0.003454
-9.108655	0.003486
-9.104728	0.003513
-9.100801	0.003533
-9.096874	0.003548
-9.092947	0.003556
-9.089020	0.003560
-9.085093	0.003559
-9.081166	0.003555
-9.077239	0.003548
-9.073312	0.003538
-9.069385	0.003525
-9.065458	0.003509
-9.061531	0.003491
-9.057604	0.003468
-9.053677	0.003443
-9.049750	0.003414
-9.045823	0.003383
-9.041896	0.003349
-9.037969	0.003314
-9.034042	0.003279
-9.030115	0.003244
-9.026188	0.003210
-9.022261	0.003179
-9.018334	0.003149
-9.014407	0.003122
-9.010480	0.003096
-9.006553	0.003073
-9.002626	0.003051
-8.998699	0.003030
-8.994772	0.003012
-8.990845	0.002994
-8.986918	0.002979
-8.982991	0.002965
-8.979065	0.002954
-8.975138	0.002946
-8.971211	0.002942
-8.967284	0.002941
-8.963357	0.002945
-8.959430	0.002953
-8.955503	0.002965
-8.951576	0.002983
-8.947649	0.003005
-8.943722	0.003032
-8.939795	0.003064
-8.935868	0.003102
-8.931941	0.003145
-8.928014	0.003192
-8.924087	0.003245
-8.920160	0.003301
-8.916233	0.003361
-8.912306	0.003423
-8.908379	0.003487
-8.904452	0.003550
-8.900525	0.003611
-8.896598	0.003670
-8.892671	0.003725
-8.888744	0.003775
-8.884817	0.003821
-8.880890	0.003862
-8.876963	0.003899
-8.873036	0.003933
-8.869109	0.003965
-8.865182	0.003993
-8.861255	0.004020
-8.857328	0.004044
-8.853401	0.004066
-8.849474	0.004085
-8.845547	0.004102
-8.841620	0.004115
-8.837693	0.004126
-8.833766	0.004132
-8.829839	0.004135
-8.825912	0.004134
-8.821985	0.004131
-8.818058	0.004125
-8.814131	0.004120
-8.810204	0.004115
-8.806277	0.004112
-8.802350	0.004112
-8.798423	0.004116
-8.794496	0.004123
-8.790569	0.004134
-8.786642	0.004147
-8.782715	0.004161
-8.778788	0.004175
-8.774861	0.004187
-8.770934	0.004197
-8.767007	0.004205
-8.763080	0.004212
-8.759153	0.004217
-8.755226	0.004223
-8.751299	0.004230
-8.747372	0.004239
-8.743445	0.004252
-8.739518	0.004269
-8.735591	0.004290
-8.731664	0.004315
-8.727737	0.004344
-8.723810	0.004377
-8.719883	0.004414
-8.715956	0.004456
-8.712029	0.004504
-8.708102	0.004559
-8.704175	0.004622
-8.700248	0.004694
-8.696321	0.004775
-8.692394	0.004867
-8.688467	0.004967
-8.684540	0.005076
-8.680613	0.005190
-8.676686	0.005306
-8.672759	0.005421
-8.668832	0.005529
-8.664905	0.005626
-8.660978	0.005709
-8.657051	0.005772
-8.653124	0.005815
-8.649197	0.005835
-8.645270	0.005835
-8.641343	0.005815
-8.637416	0.005777
-8.633489	0.005725
-8.629562	0.005662
-8.625635	0.005590
-8.621708	0.005514
-8.617781	0.005436
-8.613854	0.005359
-8.609927	0.005285
-8.606000	0.005216
-8.602073	0.005151
-8.598146	0.005092
-8.594219	0.005038
-8.590292	0.004988
-8.586365	0.004941
-8.582438	0.004898
-8.578511	0.004857
-8.574584	0.004818
-8.570657	0.004783
-8.566730	0.004750
-8.562803	0.004721
-8.558876	0.004698
-8.554949	0.004680
-8.551023	0.004669
-8.547096	0.004666
-8.543169	0.004670
-8.539242	0.004682
-8.535315	0.004700
-8.531388	0.004724
-8.527461	0.004752
-8.523534	0.004785
-8.519607	0.004820
-8.515680	0.004857
-8.511753	0.004897
-8.507826	0.004940
-8.503899	0.004987
-8.499972	0.005037
-8.496045	0.005093
-8.492118	0.005153
-8.488191	0.005217
-8.484264	0.005283
-8.480337	0.005348
-8.476410	0.005408
-8.472483	0.005459
-8.468556	0.005496
-8.464629	0.005516
-8.460702	0.005517
-8.456775	0.005496
-8.452848	0.005455
-8.448921	0.005397
-8.444994	0.005325
-8.441067	0.005243
-8.437140	0.005157
-8.433213	0.005070
-8.429286	0.004987
-8.425359	0.004911
-8.421432	0.004842
-8.417505	0.004784
-8.413578	0.004737
-8.409651	0.004701
-8.405724	0.004677
-8.401797	0.004663
-8.397870	0.004659
-8.393943	0.004664
-8.390016	0.004678
-8.386089	0.004698
-8.382162	0.004722
-8.378235	0.004751
-8.374308	0.004782
-8.370381	0.004814
-8.366454	0.004846
-8.362527	0.004877
-8.358600	0.004907
-8.354673	0.004936
-8.350746	0.004962
-8.346819	0.004988
-8.342892	0.005012
-8.338965	0.005036
-8.335038	0.005062
-8.331111	0.005090
-8.327184	0.005123
-8.323257	0.005162
-8.319330	0.005207
-8.315403	0.005258
-8.311476	0.005315
-8.307549	0.005376
-8.303622	0.005438
-8.299695	0.005500
-8.295768	0.005559
-8.291841	0.005612
-8.287914	0.005658
-8.283987	0.005696
-8.280060	0.005726
-8.276133	0.005748
-8.272206	0.005764
-8.268279	0.005775
-8.264352	0.005781
-8.260425	0.005783
-8.256498	0.005780
-8.252571	0.005770
-8.248644	0.005751
-8.244717	0.005721
-8.240790	0.005679
-8.236863	0.005625
-8.232936	0.005560
-8.229009	0.005486
-8.225082	0.005405
-8.221155	0.005321
-8.217228	0.005238
-8.213301	0.005157
-8.209374	0.005083
-8.205447	0.005017
-8.201520	0.004960
-8.197593	0.004913
-8.193666	0.004878
-8.189739	0.004855
-8.185812	0.004844
-8.181885	0.004846
-8.177958	0.004860
-8.174031	0.004887
-8.170104	0.004928
-8.166177	0.004982
-8.162250	0.005050
-8.158323	0.005131
-8.154396	0.005227
-8.150469	0.005336
-8.146542	0.005460
-8.142615	0.005596
-8.138688	0.005743
-8.134761	0.005900
-8.130834	0.006062
-8.126907	0.006226
-8.122981	0.006387
-8.119054	0.006539
-8.115127	0.006675
-8.111200	0.006788
-8.107273	0.006874
-8.103346	0.006928
-8.099419	0.006949
-8.095492	0.006938
-8.091565	0.006897
-8.087638	0.006831
-8.083711	0.006747
-8.079784	0.006651
-8.075857	0.006549
-8.071930	0.006447
-8.068003	0.006350
-8.064076	0.006259
-8.060149	0.006177
-8.056222	0.006105
-8.052295	0.006040
-8.048368	0.005981
-8.044441	0.005926
-8.040514	0.005871
-8.036587	0.005813
-8.032660	0.005750
-8.028733	0.005680
-8.024806	0.005603
-8.020879	0.005520
-8.016952	0.005432
-8.013025	0.005341
-8.009098	0.005250
-8.005171	0.005161
-8.001244	0.005076
-7.997317	0.004997
-7.993390	0.004925
-7.989463	0.004862
-7.985536	0.004807
-7.981609	0.004762
-7.977682	0.004726
-7.973755	0.004700
-7.969828	0.004683
-7.965901	0.004675
-7.961974	0.004677
-7.958047	0.004689
-7.954120	0.004710
-7.950193	0.004741
-7.946266	0.004782
-7.942339	0.004833
-7.938412	0.004895
-7.934485	0.004967
-7.930558	0.005049
-7.926631	0.005141
-7.922704	0.005243
-7.918777	0.005353
-7.914850	0.005469
-7.910923	0.005590
-7.906996	0.005712
-7.903069	0.005831
-7.899142	0.005944
-7.895215	0.006046
-7.891288	0.006132
-7.887361	0.006200
-7.883434	0.006245
-7.879507	0.006268
-7.875580	0.006267
-7.871653	0.006244
-7.867726	0.006201
-7.863799	0.006143
-7.859872	0.006072
-7.855945	0.005994
-7.852018	0.005912
-7.848091	0.005830
-7.844164	0.005753
-7.840237	0.005683
-7.836310	0.005622
-7.832383	0.005572
-7.828456	0.005532
-7.824529	0.005503
-7.820602	0.005485
-7.816675	0.005476
-7.812748	0.005473
-7.808821	0.005475
-7.804894	0.005478
-7.800967	0.005480
-7.797040	0.005477
-7.793113	0.005466
-7.789186	0.005445
-7.785259	0.005414
-7.781332	0.005372
-7.777405	0.005321
-7.773478	0.005263
-7.769551	0.005201
-7.765624	0.005138
-7.761697	0.005075
-7.757770	0.005015
-7.753843	0.004960
-7.749916	0.004910
-7.745989	0.004868
-7.742062	0.004834
-7.738135	0.004807
-7.734208	0.004789
-7.730281	0.004779
-7.726354	0.004778
-7.722427	0.004785
-7.718500	0.004801
-7.714573	0.004826
-7.710646	0.004858
-7.706719	0.004899
-7.702792	0.004949
-7.698865	0.005005
-7.694939	0.005069
-7.691012	0.005138
-7.687085	0.005212
-7.683158	0.005288
-7.679231	0.005365
-7.675304	0.005441
-7.671377	0.005511
-7.667450	0.005576
-7.663523	0.005631
-7.659596	0.005676
-7.655669	0.005709
-7.651742	0.005729
-7.647815	0.005737
-7.643888	0.005731
-7.639961	0.005713
-7.636034	0.005684
-7.632107	0.005647
-7.628180	0.005602
-7.624253	0.005554
-7.620326	0.005505
-7.616399	0.005457
-7.612472	0.005413
-7.608545	0.005374
-7.604618	0.005341
-7.600691	0.005315
-7.596764	0.005296
-7.592837	0.005282
-7.588910	0.005274
-7.584983	0.005269
-7.581056	0.005265
-7.577129	0.005260
-7.573202	0.005253
-7.569275	0.005242
-7.565348	0.005226
-7.561421	0.005204
-7.557494	0.005177
-7.553567	0.005146
-7.549640	0.005112
-7.545713	0.005076
-7.541786	0.005042
-7.537859	0.005009
-7.533932	0.004980
-7.530005	0.004955
-7.526078	0.004935
-7.522151	0.004921
-7.518224	0.004914
-7.514297	0.004912
-7.510370	0.004916
-7.506443	0.004927
-7.502516	0.004942
-7.498589	0.004963
-7.494662	0.004988
-7.490735	0.005017
-7.486808	0.005048
-7.482881	0.005081
-7.478954	0.005114
-7.475027	0.005148
-7.471100	0.005181
-7.467173	0.005214
-7.463246	0.005247
-7.459319	0.005279
-7.455392	0.005311
-7.451465	0.005344
-7.447538	0.005377
-7.443611	0.005410
-7.439684	0.005442
-7.435757	0.005474
-7.431830	0.005504
-7.427903	0.005533
-7.423976	0.005560
-7.420049	0.005584
-7.416122	0.005605
-7.412195	0.005621
-7.408268	0.005633
-7.404341	0.005639
-7.400414	0.005639
-7.396487	0.005631
-7.392560	0.005617
-7.388633	0.005597
-7.384706	0.005571
-7.380779	0.005542
-7.376852	0.005511
-7.372925	0.005479
-7.368998	0.005449
-7.365071	0.005423
-7.361144	0.005400
-7.357217	0.005383
-7.353290	0.005371
-7.349363	0.005365
-7.345436	0.005365
-7.341509	0.005371
-7.337582	0.005380
-7.333655	0.005394
-7.329728	0.005409
-7.325801	0.005426
-7.321874	0.005443
-7.317947	0.005459
-7.314020	0.005472
-7.310093	0.005481
-7.306166	0.005487
-7.302239	0.005487
-7.298312	0.005484
-7.294385	0.005476
-7.290458	0.005465
-7.286531	0.005452
-7.282604	0.005438
-7.278677	0.005424
-7.274750	0.005411
-7.270823	0.005401
-7.266897	0.005394
-7.262970	0.005392
-7.259043	0.005394
-7.255116	0.005401
-7.251189	0.005413
-7.247262	0.005432
-7.243335	0.005456
-7.239408	0.005486
-7.235481	0.005523
-7.231554	0.005566
-7.227627	0.005615
-7.223700	0.005672
-7.219773	0.005735
-7.215846	0.005805
-7.211919	0.005882
-7.207992	0.005966
-7.204065	0.006057
-7.200138	0.006154
-7.196211	0.006256
-7.192284	0.006364
-7.188357	0.006476
-7.184430	0.006592
-7.180503	0.006710
-7.176576	0.006830
-7.172649	0.006950
-7.168722	0.007069
-7.164795	0.007184
-7.160868	0.007292
-7.156941	0.007392
-7.153014	0.007480
-7.149087	0.007553
-7.145160	0.007608
-7.141233	0.007645
-7.137306	0.007664
-7.133379	0.007666
-7.129452	0.007652
-7.125525	0.007627
-7.121598	0.007593
-7.117671	0.007554
-7.113744	0.007511
-7.109817	0.007466
-7.105890	0.007421
-7.101963	0.007376
-7.098036	0.007332
-7.094109	0.007288
-7.090182	0.007245
-7.086255	0.007202
-7.082328	0.007160
-7.078401	0.007118
-7.074474	0.007078
-7.070547	0.007041
-7.066620	0.007008
-7.062693	0.006980
-7.058766	0.006958
-7.054839	0.006945
-7.050912	0.006940
-7.046985	0.006946
-7.043058	0.006963
-7.039131	0.006992
-7.035204	0.007033
-7.031277	0.007086
-7.027350	0.007153
-7.023423	0.007234
-7.019496	0.007328
-7.015569	0.007435
-7.011642	0.007555
-7.007715	0.007688
-7.003788	0.007831
-6.999861	0.007982
-6.995934	0.008138
-6.992007	0.008296
-6.988080	0.008449
-6.984153	0.008591
-6.980226	0.008717
-6.976299	0.008820
-6.972372	0.008893
-6.968445	0.008934
-6.964518	0.008940
-6.960591	0.008910
-6.956664	0.008848
-6.952737	0.008758
-6.948810	0.008646
-6.944883	0.008519
-6.940956	0.008383
-6.937029	0.008244
-6.933102	0.008107
-6.929175	0.007975
-6.925248	0.007853
-6.921321	0.007740
-6.917394	0.007640
-6.913467	0.007551
-6.909540	0.007474
-6.905613	0.007410
-6.901686	0.007357
-6.897759	0.007314
-6.893832	0.007281
-6.889905	0.007258
-6.885978	0.007243
-6.882051	0.007235
-6.878124	0.007232
-6.874197	0.007235
-6.870270	0.007242
-6.866343	0.007253
-6.862416	0.007266
-6.858489	0.007282
-6.854562	0.007300
-6.850635	0.007320
-6.846708	0.007343
-6.842781	0.007367
-6.838855	0.007394
-6.834928	0.007421
-6.831001	0.007449
-6.827074	0.007478
-6.823147	0.007507
-6.819220	0.007536
-6.815293	0.007566
-6.811366	0.007598
-6.807439	0.007632
-6.803512	0.007669
-6.799585	0.007711
-6.795658	0.007758
-6.791731	0.007811
-6.787804	0.007869
-6.783877	0.007932
-6.779950	0.007998
-6.776023	0.008067
-6.772096	0.008136
-6.768169	0.008203
-6.764242	0.008266
-6.760315	0.008323
-6.756388	0.008373
-6.752461	0.008415
-6.748534	0.008448
-6.744607	0.008475
-6.740680	0.008496
-6.736753	0.008511
-6.732826	0.008523
-6.728899	0.008532
-6.724972	0.008538
-6.721045	0.008541
-6.717118	0.008542
-6.713191	0.008541
-6.709264	0.008538
-6.705337	0.008533
-6.701410	0.008528
-6.697483	0.008522
-6.693556	0.008518
-6.689629	0.008517
-6.685702	0.008520
-6.681775	0.008527
-6.677848	0.008541
-6.673921	0.008562
-6.669994	0.008592
-6.666067	0.008630
-6.662140	0.008678
-6.658213	0.008736
-6.654286	0.008803
-6.650359	0.008880
-6.646432	0.008967
-6.642505	0.009063
-6.638578	0.009166
-6.634651	0.009275
-6.630724	0.009389
-6.626797	0.009503
-6.622870	0.009616
-6.618943	0.009723
-6.615016	0.009821
-6.611089	0.009907
-6.607162	0.009977
-6.603235	0.010031
-6.599308	0.010069
-6.595381	0.010093
-6.591454	0.010106
-6.587527	0.010110
-6.583600	0.010112
-6.579673	0.010113
-6.575746	0.010118
-6.571819	0.010131
-6.567892	0.010153
-6.563965	0.010186
-6.560038	0.010233
-6.556111	0.010294
-6.552184	0.010369
-6.548257	0.010460
-6.544330	0.010567
-6.540403	0.010688
-6.536476	0.010824
-6.532549	0.010973
-6.528622	0.011133
-6.524695	0.011301
-6.520768	0.011474
-6.516841	0.011648
-6.512914	0.011817
-6.508987	0.011975
-6.505060	0.012117
-6.501133	0.012238
-6.497206	0.012335
-6.493279	0.012406
-6.489352	0.012453
-6.485425	0.012476
-6.481498	0.012482
-6.477571	0.012474
-6.473644	0.012459
-6.469717	0.012442
-6.465790	0.012430
-6.461863	0.012426
-6.457936	0.012436
-6.454009	0.012461
-6.450082	0.012504
-6.446155	0.012566
-6.442228	0.012648
-6.438301	0.012751
-6.434374	0.012872
-6.430447	0.013011
-6.426520	0.013164
-6.422593	0.013329
-6.418666	0.013500
-6.414739	0.013672
-6.410813	0.013838
-6.406886	0.013991
-6.402959	0.014125
-6.399032	0.014234
-6.395105	0.014313
-6.391178	0.014361
-6.387251	0.014379
-6.383324	0.014369
-6.379397	0.014337
-6.375470	0.014290
-6.371543	0.014234
-6.367616	0.014177
-6.363689	0.014123
-6.359762	0.014078
-6.355835	0.014044
-6.351908	0.014026
-6.347981	0.014023
-6.344054	0.014037
-6.340127	0.014066
-6.336200	0.014111
-6.332273	0.014169
-6.328346	0.014239
-6.324419	0.014318
-6.320492	0.014406
-6.316565	0.014500
-6.312638	0.014599
-6.308711	0.014702
-6.304784	0.014810
-6.300857	0.014922
-6.296930	0.015041
-6.293003	0.015166
-6.289076	0.015300
-6.285149	0.015442
-6.281222	0.015594
-6.277295	0.015754
-6.273368	0.015924
-6.269441	0.016103
-6.265514	0.016291
-6.261587	0.016489
-6.257660	0.016697
-6.253733	0.016915
-6.249806	0.017145
-6.245879	0.017387
-6.241952	0.017642
-6.238025	0.017912
-6.234098	0.018195
-6.230171	0.018492
-6.226244	0.018801
-6.222317	0.019120
-6.218390	0.019448
-6.214463	0.019780
-6.210536	0.020115
-6.206609	0.020449
-6.202682	0.020779
-6.198755	0.021104
-6.194828	0.021421
-6.190901	0.021731
-6.186974	0.022037
-6.183047	0.022342
-6.179120	0.022649
-6.175193	0.022964
-6.171266	0.023290
-6.167339	0.023631
-6.163412	0.023992
-6.159485	0.024374
-6.155558	0.024783
-6.151631	0.025222
-6.147704	0.025695
-6.143777	0.026207
-6.139850	0.026764
-6.135923	0.027370
-6.131996	0.028033
-6.128069	0.028759
-6.124142	0.029552
-6.120215	0.030420
-6.116288	0.031368
-6.112361	0.032404
-6.108434	0.033534
-6.104507	0.034766
-6.100580	0.036107
-6.096653	0.037566
-6.092726	0.039153
-6.088799	0.040878
-6.084872	0.042755
-6.080945	0.044797
-6.077018	0.047021
-6.073091	0.049445
-6.069164	0.052088
-6.065237	0.054970
-6.061310	0.058109
-6.057383	0.061520
-6.053456	0.065213
-6.049529	0.069188
-6.045602	0.073434
-6.041675	0.077920
-6.037748	0.082596
-6.033821	0.087383
-6.029894	0.092172
-6.025967	0.096826
-6.022040	0.101181
-6.018113	0.105059
-6.014186	0.108284
-6.010259	0.110700
-6.006332	0.112193
-6.002405	0.112706
-5.998478	0.112246
-5.994551	0.110880
-5.990624	0.108725
-5.986698	0.105933
-5.982771	0.102669
-5.978844	0.099096
-5.974917	0.095361
-5.970990	0.091590
-5.967063	0.087879
-5.963136	0.084298
-5.959209	0.080889
-5.955282	0.077677
-5.951355	0.074671
-5.947428	0.071871
-5.943501	0.069275
-5.939574	0.066879
-5.935647	0.064681
-5.931720	0.062679
-5.927793	0.060873
-5.923866	0.059264
-5.919939	0.057850
-5.916012	0.056628
-5.912085	0.055593
-5.908158	0.054739
-5.904231	0.054058
-5.900304	0.053544
-5.896377	0.053188
-5.892450	0.052984
-5.888523	0.052924
-5.884596	0.053004
-5.880669	0.053218
-5.876742	0.053561
-5.872815	0.054027
-5.868888	0.054610
-5.864961	0.055304
-5.861034	0.056101
-5.857107	0.056994
-5.853180	0.057976
-5.849253	0.059040
-5.845326	0.060179
-5.841399	0.061383
-5.837472	0.062640
-5.833545	0.063933
-5.829618	0.065243
-5.825691	0.066547
-5.821764	0.067826
-5.817837	0.069066
-5.813910	0.070262
-5.809983	0.071422
-5.806056	0.072568
-5.802129	0.073735
-5.798202	0.074965
-5.794275	0.076303
-5.790348	0.077795
-5.786421	0.079483
-5.782494	0.081402
-5.778567	0.083582
-5.774640	0.086039
-5.770713	0.088783
-5.766786	0.091812
-5.762859	0.095112
-5.758932	0.098660
-5.755005	0.102420
-5.751078	0.106353
-5.747151	0.110419
-5.743224	0.114585
-5.739297	0.118833
-5.735370	0.123166
-5.731443	0.127613
-5.727516	0.132222
-5.723589	0.137058
-5.719662	0.142189
-5.715735	0.147671
-5.711808	0.153540
-5.707881	0.159796
-5.703954	0.166397
-5.700027	0.173251
-5.696100	0.180217
-5.692173	0.187106
-5.688246	0.193690
-5.684319	0.199718
-5.680392	0.204933
-5.676465	0.209097
-5.672538	0.212016
-5.668611	0.213560
-5.664684	0.213683
-5.660757	0.212422
-5.656830	0.209889
-5.652903	0.206251
-5.648976	0.201701
-5.645049	0.196432
-5.641122	0.190622
-5.637195	0.184418
-5.633268	0.177945
-5.629341	0.171309
-5.625414	0.164608
-5.621487	0.157934
-5.617560	0.151383
-5.613633	0.145041
-5.609706	0.138989
-5.605779	0.133294
-5.601852	0.128007
-5.597925	0.123162
-5.593998	0.118780
-5.590071	0.114866
-5.586144	0.111419
-5.582217	0.108430
-5.578290	0.105883
-5.574363	0.103765
-5.570436	0.102060
-5.566509	0.100752
-5.562582	0.099827
-5.558656	0.099275
-5.554729	0.099087
-5.550802	0.099254
-5.546875	0.099772
-5.542948	0.100635
-5.539021	0.101839
-5.535094	0.103377
-5.531167	0.105243
-5.527240	0.107422
-5.523313	0.109896
-5.519386	0.112635
-5.515459	0.115601
-5.511532	0.118746
-5.507605	0.122010
-5.503678	0.125330
-5.499751	0.128641
-5.495824	0.131887
-5.491897	0.135027
-5.487970	0.138040
-5.484043	0.140931
-5.480116	0.143729
-5.476189	0.146482
-5.472262	0.149251
-5.468335	0.152105
-5.464408	0.155112
-5.460481	0.158340
-5.456554	0.161846
-5.452627	0.165681
-5.448700	0.169881
-5.444773	0.174476
-5.440846	0.179481
-5.436919	0.184897
-5.432992	0.190705
-5.429065	0.196859
-5.425138	0.203279
-5.421211	0.209847
-5.417284	0.216406
-5.413357	0.222770
-5.409430	0.228743
-5.405503	0.234136
-5.401576	0.238802
-5.397649	0.242648
-5.393722	0.245656
-5.389795	0.247874
-5.385868	0.249408
-5.381941	0.250396
-5.378014	0.250992
-5.374087	0.251348
-5.370160	0.251606
-5.366233	0.251901
-5.362306	0.252358
-5.358379	0.253092
-5.354452	0.254211
-5.350525	0.255806
-5.346598	0.257949
-5.342671	0.260693
-5.338744	0.264068
-5.334817	0.268091
-5.330890	0.272765
-5.326963	0.278091
-5.323036	0.284067
-5.319109	0.290693
-5.315182	0.297979
-5.311255	0.305944
-5.307328	0.314624
-5.303401	0.324070
-5.299474	0.334347
-5.295547	0.345528
-5.291620	0.357677
-5.287693	0.370842
-5.283766	0.385040
-5.279839	0.400251
-5.275912	0.416407
-5.271985	0.433395
-5.268058	0.451052
-5.264131	0.469164
-5.260204	0.487473
-5.256277	0.505671
-5.252350	0.523405
-5.248423	0.540276
-5.244496	0.555841
-5.240569	0.569624
-5.236642	0.581137
-5.232715	0.589908
-5.228788	0.595511
-5.224861	0.597592
-5.220934	0.595900
-5.217007	0.590324
-5.213080	0.580927
-5.209153	0.567966
-5.205226	0.551888
-5.201299	0.533292
-5.197372	0.512865
-5.193445	0.491317
-5.189518	0.469320
-5.185591	0.447467
-5.181664	0.426251
-5.177737	0.406059
-5.173810	0.387176
-5.169883	0.369798
-5.165956	0.354047
-5.162029	0.339981
-5.158102	0.327616
-5.154175	0.316935
-5.150248	0.307899
-5.146321	0.300459
-5.142394	0.294557
-5.138467	0.290138
-5.134540	0.287142
-5.130614	0.285514
-5.126687	0.285198
-5.122760	0.286135
-5.118833	0.288263
-5.114906	0.291513
-5.110979	0.295812
-5.107052	0.301081
-5.103125	0.307243
-5.099198	0.314230
-5.095271	0.321993
-5.091344	0.330510
-5.087417	0.339787
-5.083490	0.349851
-5.079563	0.360734
-5.075636	0.372452
-5.071709	0.384976
-5.067782	0.398203
-5.063855	0.411940
-5.059928	0.425890
-5.056001	0.439662
-5.052074	0.452802
-5.048147	0.464848
-5.044220	0.475398
-5.040293	0.484179
-5.036366	0.491087
-5.032439	0.496187
-5.028512	0.499665
-5.024585	0.501757
-5.020658	0.502675
-5.016731	0.502555
-5.012804	0.501444
-5.008877	0.499320
-5.004950	0.496114
-5.001023	0.491746
-4.997096	0.486150
-4.993169	0.479285
-4.989242	0.471151
-4.985315	0.461803
-4.981388	0.451351
-4.977461	0.439973
-4.973534	0.427911
-4.969607	0.415458
-4.965680	0.402945
-4.961753	0.390705
-4.957826	0.379048
-4.953899	0.368232
-4.949972	0.358450
-4.946045	0.349817
-4.942118	0.342376
-4.938191	0.336102
-4.934264	0.330919
-4.930337	0.326717
-4.926410	0.323372
-4.922483	0.320769
-4.918556	0.318815
-4.914629	0.317448
-4.910702	0.316642
-4.906775	0.316395
-4.902848	0.316714
-4.898921	0.317597
-4.894994	0.319010
-4.891067	0.320873
-4.887140	0.323049
-4.883213	0.325355
-4.879286	0.327566
-4.875359	0.329443
-4.871432	0.330758
-4.867505	0.331322
-4.863578	0.331010
-4.859651	0.329770
-4.855724	0.327630
-4.851797	0.324683
-4.847870	0.321072
-4.843943	0.316965
-4.840016	0.312534
-4.836089	0.307943
-4.832162	0.303334
-4.828235	0.298827
-4.824308	0.294520
-4.820381	0.290496
-4.816454	0.286821
-4.812527	0.283557
-4.808600	0.280758
-4.804673	0.278470
-4.800746	0.276731
-4.796819	0.275571
-4.792892	0.275009
-4.788965	0.275056
-4.785038	0.275711
-4.781111	0.276954
-4.777184	0.278742
-4.773257	0.280999
-4.769330	0.283617
-4.765403	0.286453
-4.761476	0.289347
-4.757549	0.292138
-4.753622	0.294693
-4.749695	0.296931
-4.745768	0.298844
-4.741841	0.300504
-4.737914	0.302056
-4.733987	0.303698
-4.730060	0.305658
-4.726133	0.308159
-4.722206	0.311396
-4.718279	0.315509
-4.714352	0.320568
-4.710425	0.326555
-4.706498	0.333358
-4.702572	0.340766
-4.698645	0.348471
-4.694718	0.356090
-4.690791	0.363192
-4.686864	0.369344
-4.682937	0.374159
-4.679010	0.377341
-4.675083	0.378713
-4.671156	0.378227
-4.667229	0.375964
-4.663302	0.372110
-4.659375	0.366933
-4.655448	0.360759
-4.651521	0.353937
-4.647594	0.346813
-4.643667	0.339707
-4.639740	0.332901
-4.635813	0.326640
-4.631886	0.321144
-4.627959	0.316620
-4.624032	0.313270
-4.620105	0.311282
-4.616178	0.310829
-4.612251	0.312052
-4.608324	0.315051
-4.604397	0.319878
-4.600470	0.326527
-4.596543	0.334925
-4.592616	0.344925
-4.588689	0.356289
-4.584762	0.368689
-4.580835	0.381706
-4.576908	0.394856
-4.572981	0.407620
-4.569054	0.419497
-4.565127	0.430043
-4.561200	0.438913
-4.557273	0.445872
-4.553346	0.450793
-4.549419	0.453633
-4.545492	0.454411
-4.541565	0.453191
-4.537638	0.450076
-4.533711	0.445217
-4.529784	0.438819
-4.525857	0.431137
-4.521930	0.422458
-4.518003	0.413087
-4.514076	0.403332
-4.510149	0.393507
-4.506222	0.383940
-4.502295	0.374970
-4.498368	0.366939
-4.494441	0.360162
-4.490514	0.354898
-4.486587	0.351323
-4.482660	0.349511
-4.478733	0.349431
-4.474806	0.350957
-4.470879	0.353882
-4.466952	0.357931
-4.463025	0.362774
-4.459098	0.368031
-4.455171	0.373294
-4.451244	0.378135
-4.447317	0.382135
-4.443390	0.384911
-4.439463	0.386139
-4.435536	0.385569
-4.431609	0.383043
-4.427682	0.378498
-4.423755	0.371966
-4.419828	0.363573
-4.415901	0.353523
-4.411974	0.342096
-4.408047	0.329621
-4.404120	0.316465
-4.400193	0.303001
-4.396266	0.289583
-4.392339	0.276522
-4.388412	0.264065
-4.384485	0.252391
-4.380558	0.241611
-4.376631	0.231779
-4.372704	0.222905
-4.368777	0.214967
-4.364850	0.207927
-4.360923	0.201737
-4.356996	0.196348
-4.353069	0.191712
-4.349142	0.187785
-4.345215	0.184530
-4.341288	0.181913
-4.337361	0.179905
-4.333434	0.178487
-4.329507	0.177639
-4.325580	0.177351
-4.321653	0.177618
-4.317726	0.178437
-4.313799	0.179815
-4.309872	0.181761
-4.305945	0.184290
-4.302018	0.187425
-4.298091	0.191190
-4.294164	0.195620
-4.290237	0.200751
-4.286310	0.206628
-4.282383	0.213298
-4.278456	0.220817
-4.274530	0.229243
-4.270603	0.238635
-4.266676	0.249055
-4.262749	0.260555
-4.258822	0.273182
-4.254895	0.286960
-4.250968	0.301885
-4.247041	0.317916
-4.243114	0.334954
-4.239187	0.352839
-4.235260	0.371332
-4.231333	0.390120
-4.227406	0.408821
-4.223479	0.427009
-4.219552	0.444247
-4.215625	0.460139
-4.211698	0.474383
-4.207771	0.486818
-4.203844	0.497456
-4.199917	0.506497
-4.195990	0.514316
-4.192063	0.521421
-4.188136	0.528396
-4.184209	0.535822
-4.180282	0.544206
-4.176355	0.553908
-4.172428	0.565092
-4.168501	0.577702
-4.164574	0.591460
-4.160647	0.605879
-4.156720	0.620308
-4.152793	0.633966
-4.148866	0.646001
-4.144939	0.655543
-4.141012	0.661770
-4.137085	0.663976
-4.133158	0.661644
-4.129231	0.654517
-4.125304	0.642646
-4.121377	0.626393
-4.117450	0.606382
-4.113523	0.583410
-4.109596	0.558338
-4.105669	0.531996
-4.101742	0.505121
-4.097815	0.478326
-4.093888	0.452101
-4.089961	0.426820
-4.086034	0.402755
-4.082107	0.380091
-4.078180	0.358938
-4.074253	0.339347
-4.070326	0.321321
-4.066399	0.304829
-4.062472	0.289816
-4.058545	0.276216
-4.054618	0.263959
-4.050691	0.252977
-4.046764	0.243210
-4.042837	0.234609
-4.038910	0.227139
-4.034983	0.220785
-4.031056	0.215546
-4.027129	0.211435
-4.023202	0.208482
-4.019275	0.206719
-4.015348	0.206182
-4.011421	0.206900
-4.007494	0.208893
-4.003567	0.212163
-3.999640	0.216696
-3.995713	0.222459
-3.991786	0.229397
-3.987859	0.237419
-3.983932	0.246376
-3.980005	0.256030
-3.976078	0.266026
-3.972151	0.275884
-3.968224	0.285026
-3.964297	0.292854
-3.960370	0.298849
-3.956443	0.302679
-3.952516	0.304275
-3.948589	0.303853
-3.944662	0.301857
-3.940735	0.298853
-3.936808	0.295380
-3.932881	0.291833
-3.928954	0.288389
-3.925027	0.285034
-3.921100	0.281651
-3.917173	0.278122
-3.913246	0.274370
-3.909319	0.270330
-3.905392	0.265873
-3.901465	0.260774
-3.897538	0.254741
-3.893611	0.247517
-3.889684	0.239000
-3.885757	0.229337
-3.881830	0.218948
-3.877903	0.208475
-3.873976	0.198683
-3.870049	0.190316
-3.866122	0.183946
-3.862195	0.179851
-3.858268	0.177964
-3.854341	0.177918
-3.850414	0.179174
-3.846488	0.181174
-3.842561	0.183463
-3.838634	0.185746
-3.834707	0.187890
-3.830780	0.189887
-3.826853	0.191811
-3.822926	0.193772
-3.818999	0.195891
-3.815072	0.198279
-3.811145	0.201033
-3.807218	0.204232
-3.803291	0.207945
-3.799364	0.212231
-3.795437	0.217143
-3.791510	0.222736
-3.787583	0.229062
-3.783656	0.236179
-3.779729	0.244149
-3.775802	0.253039
-3.771875	0.262922
-3.767948	0.273881
-3.764021	0.286003
-3.760094	0.299382
-3.756167	0.314120
-3.752240	0.330316
-3.748313	0.348068
-3.744386	0.367463
-3.740459	0.388570
-3.736532	0.411424
-3.732605	0.436010
-3.728678	0.462250
-3.724751	0.489977
-3.720824	0.518920
-3.716897	0.548691
-3.712970	0.578786
-3.709043	0.608602
-3.705116	0.637472
-3.701189	0.664721
-3.697262	0.689731
-3.693335	0.712002
-3.689408	0.731201
-3.685481	0.747178
-3.681554	0.759966
-3.677627	0.769747
-3.673700	0.776814
-3.669773	0.781523
-3.665846	0.784255
-3.661919	0.785386
-3.657992	0.785265
-3.654065	0.784200
-3.650138	0.782459
-3.646211	0.780268
-3.642284	0.777818
-3.638357	0.775266
-3.634430	0.772750
-3.630503	0.770381
-3.626576	0.768256
-3.622649	0.766451
-3.618722	0.765024
-3.614795	0.764014
-3.610868	0.763440
-3.606941	0.763306
-3.603014	0.763609
-3.599087	0.764350
-3.595160	0.765540
-3.591233	0.767221
-3.587306	0.769461
-3.583379	0.772352
-3.579452	0.775987
-3.575525	0.780427
-3.571598	0.785671
-3.567671	0.791627
-3.563744	0.798110
-3.559817	0.804853
-3.555890	0.811540
-3.551963	0.817841
-3.548036	0.823428
-3.544109	0.827984
-3.540182	0.831194
-3.536255	0.832752
-3.532328	0.832387
-3.528401	0.829901
-3.524474	0.825191
-3.520547	0.818253
-3.516620	0.809151
-3.512693	0.797972
-3.508766	0.784796
-3.504839	0.769665
-3.500912	0.752600
-3.496985	0.733623
-3.493058	0.712795
-3.489131	0.690253
-3.485204	0.666228
-3.481277	0.641050
-3.477350	0.615125
-3.473423	0.588904
-3.469496	0.562843
-3.465569	0.537368
-3.461642	0.512843
-3.457715	0.489558
-3.453788	0.467721
-3.449861	0.447464
-3.445934	0.428852
-3.442007	0.411901
-3.438080	0.396585
-3.434153	0.382856
-3.430226	0.370645
-3.426299	0.359880
-3.422372	0.350486
-3.418446	0.342393
-3.414519	0.335539
-3.410592	0.329872
-3.406665	0.325348
-3.402738	0.321928
-3.398811	0.319579
-3.394884	0.318268
-3.390957	0.317964
-3.387030	0.318631
-3.383103	0.320237
-3.379176	0.322750
-3.375249	0.326141
-3.371322	0.330393
-3.367395	0.335499
-3.363468	0.341470
-3.359541	0.348336
-3.355614	0.356143
-3.351687	0.364958
-3.347760	0.374861
-3.343833	0.385945
-3.339906	0.398310
-3.335979	0.412054
-3.332052	0.427266
-3.328125	0.444015
-3.324198	0.462335
-3.320271	0.482212
-3.316344	0.503567
-3.312417	0.526232
-3.308490	0.549932
-3.304563	0.574267
-3.300636	0.598703
-3.296709	0.622584
-3.292782	0.645166
-3.288855	0.665674
-3.284928	0.683392
-3.281001	0.697764
-3.277074	0.708484
-3.273147	0.715568
-3.269220	0.719363
-3.265293	0.720489
-3.261366	0.719714
-3.257439	0.717777
-3.253512	0.715231
-3.249585	0.712323
-3.245658	0.708979
-3.241731	0.704855
-3.237804	0.699464
-3.233877	0.692303
-3.229950	0.682971
-3.226023	0.671237
-3.222096	0.657063
-3.218169	0.640593
-3.214242	0.622112
-3.210315	0.602007
-3.206388	0.580727
-3.202461	0.558749
-3.198534	0.536545
-3.194607	0.514558
-3.190680	0.493180
-3.186753	0.472732
-3.182826	0.453455
-3.178899	0.435511
-3.174972	0.418987
-3.171045	0.403912
-3.167118	0.390264
-3.163191	0.377982
-3.159264	0.366985
-3.155337	0.357168
-3.151410	0.348422
-3.147483	0.340634
-3.143556	0.333696
-3.139629	0.327516
-3.135702	0.322015
-3.131775	0.317138
-3.127848	0.312843
-3.123921	0.309111
-3.119994	0.305930
-3.116067	0.303304
-3.112140	0.301245
-3.108213	0.299772
-3.104286	0.298915
-3.100359	0.298711
-3.096432	0.299202
-3.092505	0.300435
-3.088578	0.302458
-3.084651	0.305320
-3.080724	0.309070
-3.076797	0.313756
-3.072870	0.319425
-3.068943	0.326121
-3.065016	0.333886
-3.061089	0.342754
-3.057162	0.352756
-3.053235	0.363906
-3.049308	0.376204
-3.045381	0.389629
-3.041454	0.404136
-3.037527	0.419656
-3.033600	0.436103
-3.029673	0.453377
-3.025746	0.471378
-3.021819	0.490018
-3.017892	0.509232
-3.013965	0.528992
-3.010038	0.549307
-3.006111	0.570227
-3.002184	0.591829
-2.998257	0.614205
-2.994330	0.637436
-2.990404	0.661568
-2.986477	0.686582
-2.982550	0.712373
-2.978623	0.738738
-2.974696	0.765367
-2.970769	0.791862
-2.966842	0.817764
-2.962915	0.842601
-2.958988	0.865941
-2.955061	0.887450
-2.951134	0.906925
-2.947207	0.924309
-2.943280	0.939680
-2.939353	0.953221
-2.935426	0.965182
-2.931499	0.975843
-2.927572	0.985489
-2.923645	0.994401
-2.919718	1.002861
-2.915791	1.011174
-2.911864	1.019686
-2.907937	1.028799
-2.904010	1.038969
-2.900083	1.050679
-2.896156	1.064387
-2.892229	1.080462
-2.888302	1.099116
-2.884375	1.120359
-2.880448	1.143985
-2.876521	1.169592
-2.872594	1.196620
-2.868667	1.224397
-2.864740	1.252171
-2.860813	1.279136
-2.856886	1.304454
-2.852959	1.327279
-2.849032	1.346791
-2.845105	1.362212
-2.841178	1.372804
-2.837251	1.377846
-2.833324	1.376626
-2.829397	1.368466
-2.825470	1.352817
-2.821543	1.329390
-2.817616	1.298284
-2.813689	1.260051
-2.809762	1.215687
-2.805835	1.166536
-2.801908	1.114144
-2.797981	1.060086
-2.794054	1.005822
-2.790127	0.952594
-2.786200	0.901364
-2.782273	0.852814
-2.778346	0.807367
-2.774419	0.765235
-2.770492	0.726468
-2.766565	0.690997
-2.762638	0.658680
-2.758711	0.629328
-2.754784	0.602727
-2.750857	0.578660
-2.746930	0.556915
-2.743003	0.537305
-2.739076	0.519668
-2.735149	0.503876
-2.731222	0.489831
-2.727295	0.477459
-2.723368	0.466703
-2.719441	0.457508
-2.715514	0.449818
-2.711587	0.443559
-2.707660	0.438639
-2.703733	0.434941
-2.699806	0.432322
-2.695879	0.430616
-2.691952	0.429642
-2.688025	0.429221
-2.684098	0.429187
-2.680171	0.429416
-2.676244	0.429840
-2.672317	0.430456
-2.668390	0.431326
-2.664463	0.432564
-2.660536	0.434312
-2.656609	0.436720
-2.652682	0.439917
-2.648755	0.443993
-2.644828	0.448993
-2.640901	0.454909
-2.636974	0.461690
-2.633047	0.469258
-2.629120	0.477528
-2.625193	0.486436
-2.621266	0.495959
-2.617339	0.506136
-2.613412	0.517062
-2.609485	0.528876
-2.605558	0.541733
-2.601631	0.555758
-2.597704	0.571006
-2.593777	0.587421
-2.589850	0.604790
-2.585923	0.622725
-2.581996	0.640646
-2.578069	0.657794
-2.574142	0.673273
-2.570215	0.686127
-2.566288	0.695448
-2.562362	0.700504
-2.558435	0.700847
-2.554508	0.696394
-2.550581	0.687436
-2.546654	0.674593
-2.542727	0.658714
-2.538800	0.640757
-2.534873	0.621675
-2.530946	0.602334
-2.527019	0.583461
-2.523092	0.565622
-2.519165	0.549234
-2.515238	0.534579
-2.511311	0.521834
-2.507384	0.511098
-2.503457	0.502411
-2.499530	0.495779
-2.495603	0.491187
-2.491676	0.488612
-2.487749	0.488028
-2.483822	0.489415
-2.479895	0.492761
-2.475968	0.498061
-2.472041	0.505320
-2.468114	0.514549
-2.464187	0.525766
-2.460260	0.538986
-2.456333	0.554221
-2.452406	0.571477
-2.448479	0.590744
-2.444552	0.612001
-2.440625	0.635219
-2.436698	0.660366
-2.432771	0.687423
-2.428844	0.716401
-2.424917	0.747357
-2.420990	0.780395
-2.417063	0.815663
-2.413136	0.853317
-2.409209	0.893489
-2.405282	0.936218
-2.401355	0.981403
-2.397428	1.028742
-2.393501	1.077701
-2.389574	1.127505
-2.385647	1.177161
-2.381720	1.225531
-2.377793	1.271427
-2.373866	1.313737
-2.369939	1.351546
-2.366012	1.384234
-2.362085	1.411521
-2.358158	1.433472
-2.354231	1.450459
-2.350304	1.463093
-2.346377	1.472162
-2.342450	1.478565
-2.338523	1.483271
-2.334596	1.487276
-2.330669	1.491567
-2.326742	1.497084
-2.322815	1.504651
-2.318888	1.514903
-2.314961	1.528191
-2.311034	1.544482
-2.307107	1.563276
-2.303180	1.583550
-2.299253	1.603758
-2.295326	1.621913
-2.291399	1.635747
-2.287472	1.642977
-2.283545	1.641612
-2.279618	1.630273
-2.275691	1.608419
-2.271764	1.576444
-2.267837	1.535593
-2.263910	1.487745
-2.259983	1.435122
-2.256056	1.380003
-2.252129	1.324491
-2.248202	1.270371
-2.244275	1.219051
-2.240348	1.171569
-2.236421	1.128634
-2.232494	1.090692
-2.228567	1.057990
-2.224640	1.030637
-2.220713	1.008654
-2.216786	0.992017
-2.212859	0.980682
-2.208932	0.974610
-2.205005	0.973781
-2.201078	0.978203
-2.197151	0.987917
-2.193224	1.002999
-2.189297	1.023552
-2.185370	1.049701
-2.181443	1.081579
-2.177516	1.119304
-2.173589	1.162947
-2.169662	1.212493
-2.165735	1.267783
-2.161808	1.328445
-2.157881	1.393814
-2.153954	1.462849
-2.150027	1.534055
-2.146100	1.605441
-2.142173	1.674541
-2.138246	1.738515
-2.134320	1.794379
-2.130393	1.839322
-2.126466	1.871091
-2.122539	1.888350
-2.118612	1.890920
-2.114685	1.879830
-2.110758	1.857157
-2.106831	1.825709
-2.102904	1.788627
-2.098977	1.749015
-2.095050	1.709639
-2.091123	1.672742
-2.087196	1.639953
-2.083269	1.612268
-2.079342	1.590075
-2.075415	1.573210
-2.071488	1.561021
-2.067561	1.552459
-2.063634	1.546183
-2.059707	1.540699
-2.055780	1.534514
-2.051853	1.526292
-2.047926	1.514993
-2.043999	1.499967
-2.040072	1.480986
-2.036145	1.458223
-2.032218	1.432185
-2.028291	1.403623
-2.024364	1.373428
-2.020437	1.342534
-2.016510	1.311827
-2.012583	1.282074
-2.008656	1.253869
-2.004729	1.227610
-2.000802	1.203504
-1.996875	1.181593
-1.992948	1.161793
-1.989021	1.143943
-1.985094	1.127846
-1.981167	1.113300
-1.977240	1.100116
-1.973313	1.088132
-1.969386	1.077210
-1.965459	1.067238
-1.961532	1.058123
-1.957605	1.049786
-1.953678	1.042164
-1.949751	1.035200
-1.945824	1.028845
-1.941897	1.023058
-1.937970	1.017799
-1.934043	1.013035
-1.930116	1.008734
-1.926189	1.004870
-1.922262	1.001418
-1.918335	0.998355
-1.914408	0.995663
-1.910481	0.993325
-1.906554	0.991324
-1.902627	0.989649
-1.898700	0.988287
-1.894773	0.987230
-1.890846	0.986470
-1.886919	0.985999
-1.882992	0.985813
-1.879065	0.985908
-1.875138	0.986281
-1.871211	0.986930
-1.867284	0.987853
-1.863357	0.989050
-1.859430	0.990521
-1.855503	0.992266
-1.851576	0.994285
-1.847649	0.996578
-1.843722	0.999143
-1.839795	1.001978
-1.835868	1.005079
-1.831941	1.008437
-1.828014	1.012043
-1.824087	1.015880
-1.820160	1.019926
-1.816233	1.024149
-1.812306	1.028509
-1.808379	1.032952
-1.804452	1.037409
-1.800525	1.041794
-1.796598	1.046002
-1.792671	1.049910
-1.788744	1.053374
-1.784817	1.056240
-1.780890	1.058352
-1.776963	1.059566
-1.773036	1.059778
-1.769109	1.058951
-1.765182	1.057148
-1.761255	1.054563
-1.757328	1.051540
-1.753401	1.048575
-1.749474	1.046293
-1.745547	1.045405
-1.741620	1.046648
-1.737693	1.050713
-1.733766	1.058182
-1.729839	1.069471
-1.725912	1.084772
-1.721985	1.104020
-1.718058	1.126851
-1.714131	1.152578
-1.710205	1.180181
-1.706278	1.208322
-1.702351	1.235399
-1.698424	1.259647
-1.694497	1.279276
-1.690570	1.292643
-1.686643	1.298413
-1.682716	1.295694
-1.678789	1.284116
-1.674862	1.263842
-1.670935	1.235532
-1.667008	1.200253
-1.663081	1.159365
-1.659154	1.114394
-1.655227	1.066899
-1.651300	1.018359
-1.647373	0.970085
-1.643446	0.923165
-1.639519	0.878443
-1.635592	0.836527
-1.631665	0.797817
-1.627738	0.762542
-1.623811	0.730799
-1.619884	0.702592
-1.615957	0.677861
-1.612030	0.656512
-1.608103	0.638428
-1.604176	0.623490
-1.600249	0.611581
-1.596322	0.602592
-1.592395	0.596420
-1.588468	0.592972
-1.584541	0.592152
-1.580614	0.593860
-1.576687	0.597980
-1.572760	0.604366
-1.568833	0.612833
-1.564906	0.623147
-1.560979	0.635014
-1.557052	0.648086
-1.553125	0.661969
-1.549198	0.676243
-1.545271	0.690493
-1.541344	0.704343
-1.537417	0.717480
-1.533490	0.729680
-1.529563	0.740808
-1.525636	0.750820
-1.521709	0.759741
-1.517782	0.767647
-1.513855	0.774649
-1.509928	0.780870
-1.506001	0.786439
-1.502074	0.791477
-1.498147	0.796092
-1.494220	0.800381
-1.490293	0.804427
-1.486366	0.808299
-1.482439	0.812055
-1.478512	0.815742
-1.474585	0.819399
-1.470658	0.823059
-1.466731	0.826746
-1.462804	0.830484
-1.458877	0.834288
-1.454950	0.838175
-1.451023	0.842155
-1.447096	0.846241
-1.443169	0.850440
-1.439242	0.854761
-1.435315	0.859211
-1.431388	0.863797
-1.427461	0.868526
-1.423534	0.873402
-1.419607	0.878434
-1.415680	0.883625
-1.411753	0.888983
-1.407826	0.894514
-1.403899	0.900223
-1.399972	0.906118
-1.396045	0.912205
-1.392118	0.918491
-1.388191	0.924983
-1.384264	0.931690
-1.380337	0.938620
-1.376410	0.945780
-1.372483	0.953179
-1.368556	0.960827
-1.364629	0.968733
-1.360702	0.976907
-1.356775	0.985358
-1.352848	0.994098
-1.348921	1.003136
-1.344994	1.012482
-1.341067	1.022148
-1.337140	1.032144
-1.333213	1.042479
-1.329286	1.053162
-1.325359	1.064202
-1.321432	1.075605
-1.317505	1.087375
-1.313578	1.099515
-1.309651	1.112021
-1.305724	1.124888
-1.301797	1.138101
-1.297870	1.151640
-1.293943	1.165472
-1.290016	1.179552
-1.286089	1.193818
-1.282163	1.208185
-1.278236	1.222544
-1.274309	1.236752
-1.270382	1.250626
-1.266455	1.263934
-1.262528	1.276387
-1.258601	1.287630
-1.254674	1.297232
-1.250747	1.304683
-1.246820	1.309392
-1.242893	1.310699
-1.238966	1.307892
-1.235039	1.300250
-1.231112	1.287100
-1.227185	1.267889
-1.223258	1.242271
-1.219331	1.210183
-1.215404	1.171905
-1.211477	1.128072
-1.207550	1.079632
-1.203623	1.027765
-1.199696	0.973761
-1.195769	0.918900
-1.191842	0.864340
-1.187915	0.811056
-1.183988	0.759798
-1.180061	0.711093
-1.176134	0.665269
-1.172207	0.622487
-1.168280	0.582777
-1.164353	0.546077
-1.160426	0.512262
-1.156499	0.481166
-1.152572	0.452603
-1.148645	0.426378
-1.144718	0.402299
-1.140791	0.380179
-1.136864	0.359843
-1.132937	0.341127
-1.129010	0.323882
-1.125083	0.307970
-1.121156	0.293268
-1.117229	0.279662
-1.113302	0.267052
-1.109375	0.255347
-1.105448	0.244465
-1.101521	0.234332
-1.097594	0.224883
-1.093667	0.216058
-1.089740	0.207803
-1.085813	0.200072
-1.081886	0.192820
-1.077959	0.186008
-1.074032	0.179601
-1.070105	0.173567
-1.066178	0.167878
-1.062251	0.162508
-1.058324	0.157431
-1.054397	0.152628
-1.050470	0.148077
-1.046543	0.143762
-1.042616	0.139665
-1.038689	0.135773
-1.034762	0.132070
-1.030835	0.128545
-1.026908	0.125186
-1.022981	0.121982
-1.019054	0.118924
-1.015127	0.116002
-1.011200	0.113208
-1.007273	0.110535
-1.003346	0.107975
-0.999419	0.105521
-0.995492	0.103169
-0.991565	0.100911
-0.987638	0.098743
-0.983711	0.096660
-0.979784	0.094657
-0.975857	0.092730
-0.971930	0.090875
-0.968003	0.089088
-0.964076	0.087365
-0.960149	0.085705
-0.956222	0.084103
-0.952295	0.082556
-0.948368	0.081063
-0.944441	0.079619
-0.940514	0.078224
-0.936587	0.076875
-0.932660	0.075570
-0.928733	0.074306
-0.924806	0.073082
-0.920879	0.071896
-0.916952	0.070747
-0.913025	0.069633
-0.909098	0.068552
-0.905171	0.067504
-0.901244	0.066486
-0.897317	0.065498
-0.893390	0.064538
-0.889463	0.063605
-0.885536	0.062698
-0.881609	0.061816
-0.877682	0.060959
-0.873755	0.060124
-0.869828	0.059312
-0.865901	0.058522
-0.861974	0.057752
-0.858047	0.057002
-0.854121	0.056271
-0.850194	0.055559
-0.846267	0.054865
-0.842340	0.054188
-0.838413	0.053528
-0.834486	0.052884
-0.830559	0.052255
-0.826632	0.051642
-0.822705	0.051043
-0.818778	0.050458
-0.814851	0.049887
-0.810924	0.049329
-0.806997	0.048783
-0.803070	0.048250
-0.799143	0.047729
-0.795216	0.047220
-0.791289	0.046722
-0.787362	0.046234
-0.783435	0.045758
-0.779508	0.045291
-0.775581	0.044835
-0.771654	0.044388
-0.767727	0.043951
-0.763800	0.043522
-0.759873	0.043103
-0.755946	0.042692
-0.752019	0.042290
-0.748092	0.041895
-0.744165	0.041509
-0.740238	0.041130
-0.736311	0.040759
-0.732384	0.040395
-0.728457	0.040038
-0.724530	0.039688
-0.720603	0.039345
-0.716676	0.039009
-0.712749	0.038678
-0.708822	0.038355
-0.704895	0.038037
-0.700968	0.037725
-0.697041	0.037418
-0.693114	0.037118
-0.689187	0.036823
-0.685260	0.036533
-0.681333	0.036249
-0.677406	0.035969
-0.673479	0.035695
-0.669552	0.035425
-0.665625	0.035161
-0.661698	0.034900
-0.657771	0.034645
-0.653844	0.034394
-0.649917	0.034147
-0.645990	0.033905
-0.642063	0.033666
-0.638136	0.033432
-0.634209	0.033202
-0.630282	0.032975
-0.626355	0.032752
-0.622428	0.032533
-0.618501	0.032318
-0.614574	0.032106
-0.610647	0.031898
-0.606720	0.031693
-0.602793	0.031492
-0.598866	0.031294
-0.594939	0.031099
-0.591012	0.030907
-0.587085	0.030718
-0.583158	0.030533
-0.579231	0.030350
-0.575304	0.030170
-0.571377	0.029993
-0.567450	0.029819
-0.563523	0.029648
-0.559596	0.029479
-0.555669	0.029313
-0.551742	0.029150
-0.547815	0.028989
-0.543888	0.028830
-0.539961	0.028674
-0.536034	0.028521
-0.532107	0.028370
-0.528180	0.028221
-0.524253	0.028074
-0.520326	0.027930
-0.516399	0.027788
-0.512472	0.027648
-0.508545	0.027510
-0.504618	0.027375
-0.500691	0.027241
-0.496764	0.027109
-0.492837	0.026980
-0.488910	0.026852
-0.484983	0.026727
-0.481056	0.026603
-0.477129	0.026481
-0.473202	0.026361
-0.469275	0.026242
-0.465348	0.026126
-0.461421	0.026011
-0.457494	0.025898
-0.453567	0.025787
-0.449640	0.025677
-0.445713	0.025569
-0.441786	0.025463
-0.437859	0.025358
-0.433932	0.025255
-0.430005	0.025153
-0.426079	0.025053
-0.422152	0.024955
-0.418225	0.024858
-0.414298	0.024762
-0.410371	0.024668
-0.406444	0.024575
-0.402517	0.024484
-0.398590	0.024394
-0.394663	0.024305
-0.390736	0.024218
-0.386809	0.024132
-0.382882	0.024048
-0.378955	0.023964
-0.375028	0.023882
-0.371101	0.023802
-0.367174	0.023722
-0.363247	0.023644
-0.359320	0.023567
-0.355393	0.023491
-0.351466	0.023416
-0.347539	0.023343
-0.343612	0.023271
-0.339685	0.023200
-0.335758	0.023130
-0.331831	0.023061
-0.327904	0.022993
-0.323977	0.022926
-0.320050	0.022861
-0.316123	0.022796
-0.312196	0.022733
-0.308269	0.022670
-0.304342	0.022609
-0.300415	0.022549
-0.296488	0.022489
-0.292561	0.022431
-0.288634	0.022374
-0.284707	0.022318
-0.280780	0.022262
-0.276853	0.022208
-0.272926	0.022155
-0.268999	0.022102
-0.265072	0.022051
-0.261145	0.022000
-0.257218	0.021950
-0.253291	0.021902
-0.249364	0.021854
-0.245437	0.021807
-0.241510	0.021761
-0.237583	0.021716
-0.233656	0.021671
-0.229729	0.021628
-0.225802	0.021585
-0.221875	0.021544
-0.217948	0.021503
-0.214021	0.021463
-0.210094	0.021423
-0.206167	0.021385
-0.202240	0.021348
-0.198313	0.021311
-0.194386	0.021275
-0.190459	0.021240
-0.186532	0.021206
-0.182605	0.021172
-0.178678	0.021139
-0.174751	0.021107
-0.170824	0.021076
-0.166897	0.021046
-0.162970	0.021016
-0.159043	0.020987
-0.155116	0.020959
-0.151189	0.020932
-0.147262	0.020905
-0.143335	0.020879
-0.139408	0.020854
-0.135481	0.020830
-0.131554	0.020806
-0.127627	0.020783
-0.123700	0.020761
-0.119773	0.020740
-0.115846	0.020719
-0.111919	0.020699
-0.107992	0.020680
-0.104065	0.020661
-0.100138	0.020643
-0.096211	0.020626
-0.092284	0.020610
-0.088357	0.020594
-0.084430	0.020579
-0.080503	0.020565
-0.076576	0.020551
-0.072649	0.020538
-0.068722	0.020526
-0.064795	0.020514
-0.060868	0.020504
-0.056941	0.020493
-0.053014	0.020484
-0.049087	0.020475
-0.045160	0.020467
-0.041233	0.020459
-0.037306	0.020453
-0.033379	0.020447
-0.029452	0.020441
-0.025525	0.020436
-0.021598	0.020432
-0.017671	0.020429
-0.013744	0.020426
-0.009817	0.020424
-0.005890	0.020423
-0.001963	0.020422
0.001963	0.020422
0.005890	0.020423
0.009817	0.020424
0.013744	0.020426
0.017671	0.020429
0.021598	0.020433
0.025525	0.020437
0.029452	0.020441
0.033379	0.020447
0.037306	0.020453
0.041233	0.020460
0.045160	0.020467
0.049087	0.020475
0.053014	0.020484
0.056941	0.020494
0.060868	0.020504
0.064795	0.020515
0.068722	0.020526
0.072649	0.020539
0.076576	0.020552
0.080503	0.020565
0.084430	0.020580
0.088357	0.020595
0.092284	0.020610
0.096211	0.020627
0.100138	0.020644
0.104065	0.020662
0.107992	0.020680
0.111919	0.020700
0.115846	0.020720
0.119773	0.020740
0.123700	0.020762
0.127627	0.020784
0.131554	0.020807
0.135481	0.020831
0.139408	0.020855
0.143335	0.020880
0.147262	0.020906
0.151189	0.020933
0.155116	0.020960
0.159043	0.020988
0.162970	0.021017
0.166897	0.021047
0.170824	0.021077
0.174751	0.021108
0.178678	0.021140
0.182605	0.021173
0.186532	0.021206
0.190459	0.021241
0.194386	0.021276
0.198313	0.021312
0.202240	0.021349
0.206167	0.021386
0.210094	0.021425
0.214021	0.021464
0.217948	0.021504
0.221875	0.021545
0.225802	0.021586
0.229729	0.021629
0.233656	0.021672
0.237583	0.021717
0.241510	0.021762
0.245437	0.021808
0.249364	0.021855
0.253291	0.021903
0.257218	0.021952
0.261145	0.022001
0.265072	0.022052
0.268999	0.022104
0.272926	0.022156
0.276853	0.022209
0.280780	0.022264
0.284707	0.022319
0.288634	0.022376
0.292561	0.022433
0.296488	0.022491
0.300415	0.022551
0.304342	0.022611
0.308269	0.022672
0.312196	0.022735
0.316123	0.022798
0.320050	0.022863
0.323977	0.022928
0.327904	0.022995
0.331831	0.023063
0.335758	0.023132
0.339685	0.023202
0.343612	0.023273
0.347539	0.023345
0.351466	0.023419
0.355393	0.023493
0.359320	0.023569
0.363247	0.023646
0.367174	0.023725
0.371101	0.023804
0.375028	0.023885
0.378955	0.023967
0.382882	0.024050
0.386809	0.024135
0.390736	0.024221
0.394663	0.024308
0.398590	0.024397
0.402517	0.024487
0.406444	0.024578
0.410371	0.024671
0.414298	0.024765
0.418225	0.024861
0.422152	0.024958
0.426079	0.025057
0.430005	0.025157
0.433932	0.025258
0.437859	0.025362
0.441786	0.025466
0.445713	0.025573
0.449640	0.025681
0.453567	0.025791
0.457494	0.025902
0.461421	0.026015
0.465348	0.026130
0.469275	0.026246
0.473202	0.026365
0.477129	0.026485
0.481056	0.026607
0.484983	0.026731
0.488910	0.026857
0.492837	0.026984
0.496764	0.027114
0.500691	0.027246
0.504618	0.027379
0.508545	0.027515
0.512472	0.027653
0.516399	0.027793
0.520326	0.027935
0.524253	0.028080
0.528180	0.028226
0.532107	0.028375
0.536034	0.028527
0.539961	0.028680
0.543888	0.028836
0.547815	0.028995
0.551742	0.029156
0.555669	0.029319
0.559596	0.029486
0.563523	0.029654
0.567450	0.029826
0.571377	0.030000
0.575304	0.030177
0.579231	0.030357
0.583158	0.030540
0.587085	0.030726
0.591012	0.030915
0.594939	0.031107
0.598866	0.031302
0.602793	0.031500
0.606720	0.031702
0.610647	0.031907
0.614574	0.032115
0.618501	0.032327
0.622428	0.032543
0.626355	0.032762
0.630282	0.032985
0.634209	0.033211
0.638136	0.033442
0.642063	0.033676
0.645990	0.033915
0.649917	0.034158
0.653844	0.034405
0.657771	0.034656
0.661698	0.034912
0.665625	0.035172
0.669552	0.035437
0.673479	0.035707
0.677406	0.035982
0.681333	0.036262
0.685260	0.036546
0.689187	0.036836
0.693114	0.037132
0.697041	0.037433
0.700968	0.037739
0.704895	0.038052
0.708822	0.038370
0.712749	0.038694
0.716676	0.039025
0.720603	0.039362
0.724530	0.039706
0.728457	0.040056
0.732384	0.040413
0.736311	0.040778
0.740238	0.041149
0.744165	0.041529
0.748092	0.041916
0.752019	0.042310
0.755946	0.042713
0.759873	0.043125
0.763800	0.043545
0.767727	0.043974
0.771654	0.044412
0.775581	0.044859
0.779508	0.045317
0.783435	0.045784
0.787362	0.046261
0.791289	0.046749
0.795216	0.047248
0.799143	0.047759
0.803070	0.048280
0.806997	0.048814
0.810924	0.049361
0.814851	0.049920
0.818778	0.050492
0.822705	0.051078
0.826632	0.051678
0.830559	0.052293
0.834486	0.052923
0.838413	0.053568
0.842340	0.054229
0.846267	0.054908
0.850194	0.055603
0.854121	0.056317
0.858047	0.057049
0.861974	0.057801
0.865901	0.058572
0.869828	0.059364
0.873755	0.060178
0.877682	0.061015
0.881609	0.061874
0.885536	0.062758
0.889463	0.063667
0.893390	0.064602
0.897317	0.065565
0.901244	0.066556
0.905171	0.067576
0.909098	0.068628
0.913025	0.069711
0.916952	0.070829
0.920879	0.071981
0.924806	0.073170
0.928733	0.074397
0.932660	0.075665
0.936587	0.076974
0.940514	0.078328
0.944441	0.079727
0.948368	0.081175
0.952295	0.082674
0.956222	0.084226
0.960149	0.085833
0.964076	0.087500
0.968003	0.089228
0.971930	0.091021
0.975857	0.092883
0.979784	0.094818
0.983711	0.096829
0.987638	0.098920
0.991565	0.101097
0.995492	0.103364
0.999419	0.105727
1.003346	0.108191
1.007273	0.110762
1.011200	0.113448
1.015127	0.116254
1.019054	0.119190
1.022981	0.122264
1.026908	0.125484
1.030835	0.128860
1.034762	0.132404
1.038689	0.136126
1.042616	0.140040
1.046543	0.144160
1.050470	0.148500
1.054397	0.153078
1.058324	0.157910
1.062251	0.163019
1.066178	0.168424
1.070105	0.174150
1.074032	0.180225
1.077959	0.186676
1.081886	0.193536
1.085813	0.200842
1.089740	0.208631
1.093667	0.216949
1.097594	0.225845
1.101521	0.235371
1.105448	0.245588
1.109375	0.256563
1.113302	0.268371
1.117229	0.281094
1.121156	0.294826
1.125083	0.309667
1.129010	0.325732
1.132937	0.343147
1.136864	0.362051
1.140791	0.382594
1.144718	0.404942
1.148645	0.429272
1.152572	0.455770
1.156499	0.484631
1.160426	0.516047
1.164353	0.550203
1.168280	0.587259
1.172207	0.627333
1.176134	0.670477
1.180061	0.716643
1.183988	0.765649
1.187915	0.817143
1.191842	0.870567
1.195769	0.925139
1.199696	0.979860
1.203623	1.033548
1.207550	1.084918
1.211477	1.132691
1.215404	1.175715
1.219331	1.213081
1.223258	1.244207
1.227185	1.268863
1.231112	1.287155
1.235039	1.299464
1.238966	1.306364
1.242893	1.308537
1.246820	1.306705
1.250747	1.301574
1.254674	1.293793
1.258601	1.283942
1.262528	1.272519
1.266455	1.259942
1.270382	1.246556
1.274309	1.232641
1.278236	1.218422
1.282163	1.204073
1.286089	1.189734
1.290016	1.175511
1.293943	1.161482
1.297870	1.147708
1.301797	1.134232
1.305724	1.121085
1.309651	1.108286
1.313578	1.095848
1.317505	1.083777
1.321432	1.072074
1.325359	1.060738
1.329286	1.049764
1.333213	1.039145
1.337140	1.028872
1.341067	1.018936
1.344994	1.009328
1.348921	1.000038
1.352848	0.991054
1.356775	0.982367
1.360702	0.973966
1.364629	0.965840
1.368556	0.957981
1.372483	0.950377
1.376410	0.943020
1.380337	0.935902
1.384264	0.929012
1.388191	0.922343
1.392118	0.915886
1.396045	0.909635
1.399972	0.903582
1.403899	0.897720
1.407826	0.892042
1.411753	0.886542
1.415680	0.881213
1.419607	0.876049
1.423534	0.871046
1.427461	0.866196
1.431388	0.861493
1.435315	0.856933
1.439242	0.852508
1.443169	0.848213
1.447096	0.844040
1.451023	0.839981
1.454950	0.836028
1.458877	0.832172
1.462804	0.828399
1.466731	0.824697
1.470658	0.821048
1.474585	0.817434
1.478512	0.813829
1.482439	0.810203
1.486366	0.806519
1.490293	0.802734
1.494220	0.798793
1.498147	0.794629
1.502074	0.790165
1.506001	0.785310
1.509928	0.779956
1.513855	0.773988
1.517782	0.767281
1.521709	0.759709
1.525636	0.751160
1.529563	0.741546
1.533490	0.730829
1.537417	0.719034
1.541344	0.706273
1.545271	0.692747
1.549198	0.678745
1.553125	0.664629
1.557052	0.650808
1.560979	0.637700
1.564906	0.625708
1.568833	0.615193
1.572760	0.606462
1.576687	0.599765
1.580614	0.595301
1.584541	0.593223
1.588468	0.593657
1.592395	0.596707
1.596322	0.602469
1.600249	0.611039
1.604176	0.622516
1.608103	0.637006
1.612030	0.654621
1.615957	0.675475
1.619884	0.699675
1.623811	0.727309
1.627738	0.758428
1.631665	0.793018
1.635592	0.830976
1.639519	0.872066
1.643446	0.915894
1.647373	0.961863
1.651300	1.009162
1.655227	1.056756
1.659154	1.103413
1.663081	1.147759
1.667008	1.188352
1.670935	1.223788
1.674862	1.252799
1.678789	1.274363
1.682716	1.287796
1.686643	1.292832
1.690570	1.289678
1.694497	1.279016
1.698424	1.261972
1.702351	1.240012
1.706278	1.214802
1.710205	1.188051
1.714131	1.161365
1.718058	1.136127
1.721985	1.113430
1.725912	1.094041
1.729839	1.078401
1.733766	1.066643
1.737693	1.058628
1.741620	1.053981
1.745547	1.052148
1.749474	1.052457
1.753401	1.054181
1.757328	1.056614
1.761255	1.059133
1.765182	1.061240
1.769109	1.062590
1.773036	1.062985
1.776963	1.062362
1.780890	1.060756
1.784817	1.058271
1.788744	1.055051
1.792671	1.051252
1.796598	1.047028
1.800525	1.042523
1.804452	1.037859
1.808379	1.033142
1.812306	1.028457
1.816233	1.023873
1.820160	1.019443
1.824087	1.015207
1.828014	1.011196
1.831941	1.007431
1.835868	1.003929
1.839795	1.000698
1.843722	0.997747
1.847649	0.995080
1.851576	0.992697
1.855503	0.990601
1.859430	0.988791
1.863357	0.987267
1.867284	0.986029
1.871211	0.985077
1.875138	0.984410
1.879065	0.984032
1.882992	0.983943
1.886919	0.984146
1.890846	0.984647
1.894773	0.985449
1.898700	0.986559
1.902627	0.987986
1.906554	0.989739
1.910481	0.991830
1.914408	0.994270
1.918335	0.997075
1.922262	1.000261
1.926189	1.003847
1.930116	1.007853
1.934043	1.012302
1.937970	1.017220
1.941897	1.022633
1.945824	1.028572
1.949751	1.035070
1.953678	1.042164
1.957605	1.049894
1.961532	1.058309
1.965459	1.067464
1.969386	1.077428
1.973313	1.088286
1.977240	1.100145
1.981167	1.113143
1.985094	1.127446
1.989021	1.143254
1.992948	1.160790
1.996875	1.180279
2.000802	1.201916
2.004729	1.225822
2.008656	1.251998
2.012583	1.280276
2.016510	1.310295
2.020437	1.341490
2.024364	1.373121
2.028291	1.404313
2.032218	1.434135
2.036145	1.461680
2.040072	1.486166
2.043999	1.507038
2.047926	1.524061
2.051853	1.537394
2.055780	1.547616
2.059707	1.555705
2.063634	1.562951
2.067561	1.570817
2.071488	1.580784
2.075415	1.594182
2.079342	1.612050
2.083269	1.635014
2.087196	1.663190
2.091123	1.696114
2.095050	1.732689
2.098977	1.771168
2.102904	1.809188
2.106831	1.843890
2.110758	1.872137
2.114685	1.890844
2.118612	1.897367
2.122539	1.889891
2.126466	1.867720
2.130393	1.831375
2.134320	1.782487
2.138246	1.723513
2.142173	1.657356
2.146100	1.586985
2.150027	1.515148
2.153954	1.444175
2.157881	1.375903
2.161808	1.311683
2.165735	1.252431
2.169662	1.198711
2.173589	1.150821
2.177516	1.108867
2.181443	1.072831
2.185370	1.042624
2.189297	1.018118
2.193224	0.999181
2.197151	0.985693
2.201078	0.977558
2.205005	0.974711
2.208932	0.977120
2.212859	0.984788
2.216786	0.997740
2.220713	1.016019
2.224640	1.039665
2.228567	1.068690
2.232494	1.103048
2.236421	1.142590
2.240348	1.187009
2.244275	1.235776
2.248202	1.288073
2.252129	1.342736
2.256056	1.398213
2.259983	1.452580
2.263910	1.503622
2.267837	1.549006
2.271764	1.586537
2.275691	1.614457
2.279618	1.631730
2.283545	1.638231
2.287472	1.634780
2.291399	1.623003
2.295326	1.605071
2.299253	1.583374
2.303180	1.560215
2.307107	1.537576
2.311034	1.516969
2.314961	1.499380
2.318888	1.485277
2.322815	1.474670
2.326742	1.467192
2.330669	1.462200
2.334596	1.458861
2.338523	1.456236
2.342450	1.453334
2.346377	1.449158
2.350304	1.442735
2.354231	1.433146
2.358158	1.419562
2.362085	1.401294
2.366012	1.377858
2.369939	1.349036
2.373866	1.314935
2.377793	1.276001
2.381720	1.232997
2.385647	1.186933
2.389574	1.138951
2.393501	1.090205
2.397428	1.041747
2.401355	0.994446
2.405282	0.948942
2.409209	0.905639
2.413136	0.864738
2.417063	0.826274
2.420990	0.790184
2.424917	0.756354
2.428844	0.724671
2.432771	0.695051
2.436698	0.667449
2.440625	0.641858
2.444552	0.618293
2.448479	0.596782
2.452406	0.577347
2.456333	0.560005
2.460260	0.544756
2.464187	0.531593
2.468114	0.520499
2.472041	0.511455
2.475968	0.504446
2.479895	0.499458
2.483822	0.496487
2.487749	0.495537
2.491676	0.496622
2.495603	0.499760
2.499530	0.504973
2.503457	0.512276
2.507384	0.521672
2.511311	0.533137
2.515238	0.546598
2.519165	0.561918
2.523092	0.578864
2.527019	0.597085
2.530946	0.616084
2.534873	0.635207
2.538800	0.653646
2.542727	0.670475
2.546654	0.684715
2.550581	0.695440
2.554508	0.701892
2.558435	0.703597
2.562362	0.700439
2.566288	0.692684
2.570215	0.680930
2.574142	0.666015
2.578069	0.648894
2.581996	0.630521
2.585923	0.611755
2.589850	0.593303
2.593777	0.575691
2.597704	0.559259
2.601631	0.544183
2.605558	0.530496
2.609485	0.518123
2.613412	0.506920
2.617339	0.496713
2.621266	0.487333
2.625193	0.478650
2.629120	0.470591
2.633047	0.463147
2.636974	0.456357
2.640901	0.450298
2.644828	0.445050
2.648755	0.440677
2.652682	0.437211
2.656609	0.434633
2.660536	0.432877
2.664463	0.431832
2.668390	0.431359
2.672317	0.431305
2.676244	0.431531
2.680171	0.431936
2.684098	0.432475
2.688025	0.433170
2.691952	0.434109
2.695879	0.435439
2.699806	0.437340
2.703733	0.440014
2.707660	0.443664
2.711587	0.448477
2.715514	0.454624
2.719441	0.462250
2.723368	0.471484
2.727295	0.482435
2.731222	0.495202
2.735149	0.509880
2.739076	0.526564
2.743003	0.545352
2.746930	0.566353
2.750857	0.589678
2.754784	0.615445
2.758711	0.643770
2.762638	0.674765
2.766565	0.708527
2.770492	0.745131
2.774419	0.784614
2.778346	0.826951
2.782273	0.872029
2.786200	0.919598
2.790127	0.969237
2.794054	1.020300
2.797981	1.071898
2.801908	1.122891
2.805835	1.171926
2.809762	1.217518
2.813689	1.258168
2.817616	1.292517
2.821543	1.319494
2.825470	1.338459
2.829397	1.349278
2.833324	1.352333
2.837251	1.348448
2.841178	1.338744
2.845105	1.324474
2.849032	1.306861
2.852959	1.286983
2.856886	1.265713
2.860813	1.243695
2.864740	1.221376
2.868667	1.199046
2.872594	1.176904
2.876521	1.155124
2.880448	1.133910
2.884375	1.113512
2.888302	1.094213
2.892229	1.076281
2.896156	1.059916
2.900083	1.045215
2.904010	1.032165
2.907937	1.020659
2.911864	1.010522
2.915791	1.001527
2.919718	0.993405
2.923645	0.985847
2.927572	0.978499
2.931499	0.970972
2.935426	0.962850
2.939353	0.953704
2.943280	0.943112
2.947207	0.930691
2.951134	0.916124
2.955061	0.899197
2.958988	0.879832
2.962915	0.858113
2.966842	0.834287
2.970769	0.808749
2.974696	0.781994
2.978623	0.754558
2.982550	0.726958
2.986477	0.699639
2.990404	0.672937
2.994330	0.647074
2.998257	0.622159
3.002184	0.598211
3.006111	0.575189
3.010038	0.553018
3.013965	0.531622
3.017892	0.510944
3.021819	0.490964
3.025746	0.471701
3.029673	0.453211
3.033600	0.435575
3.037527	0.418882
3.041454	0.403213
3.045381	0.388632
3.049308	0.375181
3.053235	0.362871
3.057162	0.351694
3.061089	0.341620
3.065016	0.332606
3.068943	0.324604
3.072870	0.317562
3.076797	0.311434
3.080724	0.306177
3.084651	0.301758
3.088578	0.298151
3.092505	0.295337
3.096432	0.293299
3.100359	0.292025
3.104286	0.291498
3.108213	0.291700
3.112140	0.292609
3.116067	0.294198
3.119994	0.296440
3.123921	0.299309
3.127848	0.302789
3.131775	0.306876
3.135702	0.311585
3.139629	0.316953
3.143556	0.323039
3.147483	0.329920
3.151410	0.337685
3.155337	0.346426
3.159264	0.356238
3.163191	0.367205
3.167118	0.379404
3.171045	0.392898
3.174972	0.407739
3.178899	0.423962
3.182826	0.441585
3.186753	0.460599
3.190680	0.480954
3.194607	0.502543
3.198534	0.525180
3.202461	0.548586
3.206388	0.572384
3.210315	0.596106
3.214242	0.619214
3.218169	0.641145
3.222096	0.661359
3.226023	0.679405
3.229950	0.694981
3.233877	0.707977
3.237804	0.718487
3.241731	0.726770
3.245658	0.733157
3.249585	0.737935
3.253512	0.741228
3.257439	0.742930
3.261366	0.742704
3.265293	0.740057
3.269220	0.734461
3.273147	0.725496
3.277074	0.712957
3.281001	0.696917
3.284928	0.677730
3.288855	0.655975
3.292782	0.632372
3.296709	0.607691
3.300636	0.582663
3.304563	0.557924
3.308490	0.533977
3.312417	0.511190
3.316344	0.489800
3.320271	0.469941
3.324198	0.451659
3.328125	0.434940
3.332052	0.419727
3.335979	0.405933
3.339906	0.393453
3.343833	0.382178
3.347760	0.372004
3.351687	0.362839
3.355614	0.354610
3.359541	0.347266
3.363468	0.340772
3.367395	0.335111
3.371322	0.330276
3.375249	0.326269
3.379176	0.323101
3.383103	0.320792
3.387030	0.319369
3.390957	0.318868
3.394884	0.319335
3.398811	0.320820
3.402738	0.323376
3.406665	0.327062
3.410592	0.331933
3.414519	0.338047
3.418446	0.345462
3.422372	0.354236
3.426299	0.364423
3.430226	0.376079
3.434153	0.389254
3.438080	0.403995
3.442007	0.420336
3.445934	0.438297
3.449861	0.457867
3.453788	0.479001
3.457715	0.501595
3.461642	0.525480
3.465569	0.550411
3.469496	0.576063
3.473423	0.602047
3.477350	0.627934
3.481277	0.653286
3.485204	0.677699
3.489131	0.700835
3.493058	0.722447
3.496985	0.742387
3.500912	0.760594
3.504839	0.777073
3.508766	0.791861
3.512693	0.804994
3.516620	0.816475
3.520547	0.826248
3.524474	0.834189
3.528401	0.840115
3.532328	0.843818
3.536255	0.845129
3.540182	0.843983
3.544109	0.840487
3.548036	0.834953
3.551963	0.827879
3.555890	0.819894
3.559817	0.811656
3.563744	0.803756
3.567671	0.796633
3.571598	0.790540
3.575525	0.785548
3.579452	0.781591
3.583379	0.778518
3.587306	0.776156
3.591233	0.774350
3.595160	0.772989
3.599087	0.772017
3.603014	0.771418
3.606941	0.771206
3.610868	0.771404
3.614795	0.772030
3.618722	0.773082
3.622649	0.774539
3.626576	0.776354
3.630503	0.778458
3.634430	0.780762
3.638357	0.783154
3.642284	0.785503
3.646211	0.787653
3.650138	0.789419
3.654065	0.790582
3.657992	0.790886
3.661919	0.790033
3.665846	0.787685
3.669773	0.783476
3.673700	0.777026
3.677627	0.767969
3.681554	0.755993
3.685481	0.740883
3.689408	0.722562
3.693335	0.701126
3.697262	0.676859
3.701189	0.650217
3.705116	0.621792
3.709043	0.592248
3.712970	0.562258
3.716897	0.532449
3.720824	0.503349
3.724751	0.475374
3.728678	0.448820
3.732605	0.423871
3.736532	0.400615
3.740459	0.379069
3.744386	0.359194
3.748313	0.340917
3.752240	0.324143
3.756167	0.308770
3.760094	0.294694
3.764021	0.281818
3.767948	0.270049
3.771875	0.259307
3.775802	0.249514
3.779729	0.240602
3.783656	0.232509
3.787583	0.225178
3.791510	0.218560
3.795437	0.212614
3.799364	0.207309
3.803291	0.202621
3.807218	0.198541
3.811145	0.195065
3.815072	0.192191
3.818999	0.189920
3.822926	0.188236
3.826853	0.187108
3.830780	0.186470
3.834707	0.186225
3.838634	0.186244
3.842561	0.186390
3.846488	0.186561
3.850414	0.186738
3.854341	0.187039
3.858268	0.187716
3.862195	0.189105
3.866122	0.191523
3.870049	0.195161
3.873976	0.200025
3.877903	0.205945
3.881830	0.212637
3.885757	0.219791
3.889684	0.227155
3.893611	0.234606
3.897538	0.242162
3.901465	0.249944
3.905392	0.258074
3.909319	0.266553
3.913246	0.275191
3.917173	0.283621
3.921100	0.291415
3.925027	0.298228
3.928954	0.303899
3.932881	0.308436
3.936808	0.311898
3.940735	0.314258
3.944662	0.315307
3.948589	0.314672
3.952516	0.311938
3.956443	0.306812
3.960370	0.299257
3.964297	0.289544
3.968224	0.278221
3.972151	0.266008
3.976078	0.253673
3.980005	0.241920
3.983932	0.231298
3.987859	0.222166
3.991786	0.214694
3.995713	0.208904
3.999640	0.204721
4.003567	0.202026
4.007494	0.200694
4.011421	0.200615
4.015348	0.201700
4.019275	0.203876
4.023202	0.207082
4.027129	0.211267
4.031056	0.216387
4.034983	0.222405
4.038910	0.229297
4.042837	0.237046
4.046764	0.245649
4.050691	0.255119
4.054618	0.265487
4.058545	0.276806
4.062472	0.289155
4.066399	0.302632
4.070326	0.317352
4.074253	0.333437
4.078180	0.350998
4.082107	0.370121
4.086034	0.390848
4.089961	0.413155
4.093888	0.436930
4.097815	0.461950
4.101742	0.487851
4.105669	0.514117
4.109596	0.540071
4.113523	0.564893
4.117450	0.587675
4.121377	0.607513
4.125304	0.623630
4.129231	0.635514
4.133158	0.643025
4.137085	0.646427
4.141012	0.646330
4.144939	0.643554
4.148866	0.638961
4.152793	0.633323
4.156720	0.627226
4.160647	0.621035
4.164574	0.614899
4.168501	0.608777
4.172428	0.602482
4.176355	0.595742
4.180282	0.588260
4.184209	0.579757
4.188136	0.570014
4.192063	0.558877
4.195990	0.546261
4.199917	0.532140
4.203844	0.516549
4.207771	0.499580
4.211698	0.481394
4.215625	0.462214
4.219552	0.442321
4.223479	0.422039
4.227406	0.401705
4.231333	0.381646
4.235260	0.362154
4.239187	0.343471
4.243114	0.325779
4.247041	0.309202
4.250968	0.293810
4.254895	0.279629
4.258822	0.266651
4.262749	0.254843
4.266676	0.244156
4.270603	0.234534
4.274530	0.225917
4.278456	0.218243
4.282383	0.211455
4.286310	0.205500
4.290237	0.200330
4.294164	0.195901
4.298091	0.192178
4.302018	0.189128
4.305945	0.186727
4.309872	0.184953
4.313799	0.183790
4.317726	0.183227
4.321653	0.183253
4.325580	0.183862
4.329507	0.185049
4.333434	0.186808
4.337361	0.189136
4.341288	0.192027
4.345215	0.195479
4.349142	0.199491
4.353069	0.204066
4.356996	0.209212
4.360923	0.214945
4.364850	0.221288
4.368777	0.228262
4.372704	0.235886
4.376631	0.244161
4.380558	0.253067
4.384485	0.262547
4.388412	0.272512
4.392339	0.282833
4.396266	0.293351
4.400193	0.303886
4.404120	0.314248
4.408047	0.324251
4.411974	0.333713
4.415901	0.342467
4.419828	0.350362
4.423755	0.357267
4.427682	0.363079
4.431609	0.367728
4.435536	0.371181
4.439463	0.373432
4.443390	0.374499
4.447317	0.374421
4.451244	0.373272
4.455171	0.371181
4.459098	0.368352
4.463025	0.365067
4.466952	0.361663
4.470879	0.358494
4.474806	0.355896
4.478733	0.354147
4.482660	0.353459
4.486587	0.353976
4.490514	0.355793
4.494441	0.358970
4.498368	0.363552
4.502295	0.369558
4.506222	0.376966
4.510149	0.385670
4.514076	0.395435
4.518003	0.405864
4.521930	0.416403
4.525857	0.426401
4.529784	0.435209
4.533711	0.442281
4.537638	0.447240
4.541565	0.449891
4.545492	0.450179
4.549419	0.448131
4.553346	0.443808
4.557273	0.437280
4.561200	0.428648
4.565127	0.418084
4.569054	0.405876
4.572981	0.392459
4.576908	0.378395
4.580835	0.364319
4.584762	0.350857
4.588689	0.338553
4.592616	0.327830
4.596543	0.318985
4.600470	0.312205
4.604397	0.307608
4.608324	0.305255
4.612251	0.305172
4.616178	0.307332
4.620105	0.311639
4.624032	0.317901
4.627959	0.325814
4.631886	0.334966
4.635813	0.344876
4.639740	0.355041
4.643667	0.364993
4.647594	0.374317
4.651521	0.382656
4.655448	0.389678
4.659375	0.395061
4.663302	0.398493
4.667229	0.399699
4.671156	0.398493
4.675083	0.394822
4.679010	0.388794
4.682937	0.380678
4.686864	0.370877
4.690791	0.359880
4.694718	0.348205
4.698645	0.336347
4.702572	0.324742
4.706498	0.313747
4.710425	0.303636
4.714352	0.294608
4.718279	0.286795
4.722206	0.280275
4.726133	0.275088
4.730060	0.271247
4.733987	0.268745
4.737914	0.267559
4.741841	0.267651
4.745768	0.268969
4.749695	0.271440
4.753622	0.274966
4.757549	0.279420
4.761476	0.284636
4.765403	0.290412
4.769330	0.296509
4.773257	0.302660
4.777184	0.308591
4.781111	0.314041
4.785038	0.318783
4.788965	0.322642
4.792892	0.325503
4.796819	0.327310
4.800746	0.328058
4.804673	0.327788
4.808600	0.326585
4.812527	0.324572
4.816454	0.321903
4.820381	0.318764
4.824308	0.315351
4.828235	0.311862
4.832162	0.308479
4.836089	0.305357
4.840016	0.302612
4.843943	0.300310
4.847870	0.298465
4.851797	0.297043
4.855724	0.295965
4.859651	0.295137
4.863578	0.294468
4.867505	0.293912
4.871432	0.293483
4.875359	0.293265
4.879286	0.293399
4.883213	0.294050
4.887140	0.295364
4.891067	0.297434
4.894994	0.300283
4.898921	0.303870
4.902848	0.308109
4.906775	0.312901
4.910702	0.318158
4.914629	0.323826
4.918556	0.329892
4.922483	0.336382
4.926410	0.343350
4.930337	0.350852
4.934264	0.358925
4.938191	0.367561
4.942118	0.376693
4.946045	0.386191
4.949972	0.395873
4.953899	0.405520
4.957826	0.414903
4.961753	0.423802
4.965680	0.432016
4.969607	0.439367
4.973534	0.445693
4.977461	0.450845
4.981388	0.454694
4.985315	0.457145
4.989242	0.458177
4.993169	0.457894
4.997096	0.456559
5.001023	0.454608
5.004950	0.452599
5.008877	0.451116
5.012804	0.450629
5.016731	0.451379
5.020658	0.453316
5.024585	0.456118
5.028512	0.459278
5.032439	0.462221
5.036366	0.464408
5.040293	0.465398
5.044220	0.464880
5.048147	0.462668
5.052074	0.458684
5.056001	0.452948
5.059928	0.445554
5.063855	0.436658
5.067782	0.426464
5.071709	0.415208
5.075636	0.403155
5.079563	0.390590
5.083490	0.377810
5.087417	0.365115
5.091344	0.352796
5.095271	0.341119
5.099198	0.330314
5.103125	0.320569
5.107052	0.312028
5.110979	0.304793
5.114906	0.298936
5.118833	0.294499
5.122760	0.291504
5.126687	0.289965
5.130614	0.289885
5.134540	0.291267
5.138467	0.294118
5.142394	0.298442
5.146321	0.304247
5.150248	0.311538
5.154175	0.320309
5.158102	0.330541
5.162029	0.342191
5.165956	0.355189
5.169883	0.369428
5.173810	0.384772
5.177737	0.401052
5.181664	0.418075
5.185591	0.435632
5.189518	0.453503
5.193445	0.471457
5.197372	0.489252
5.201299	0.506622
5.205226	0.523269
5.209153	0.538859
5.213080	0.553020
5.217007	0.565360
5.220934	0.575483
5.224861	0.583013
5.228788	0.587618
5.232715	0.589021
5.236642	0.587033
5.240569	0.581583
5.244496	0.572752
5.248423	0.560794
5.252350	0.546131
5.256277	0.529319
5.260204	0.510990
5.264131	0.491792
5.268058	0.472325
5.271985	0.453097
5.275912	0.434498
5.279839	0.416796
5.283766	0.400138
5.287693	0.384573
5.291620	0.370066
5.295547	0.356528
5.299474	0.343841
5.303401	0.331877
5.307328	0.320523
5.311255	0.309690
5.315182	0.299330
5.319109	0.289428
5.323036	0.280013
5.326963	0.271142
5.330890	0.262902
5.334817	0.255393
5.338744	0.248717
5.342671	0.242972
5.346598	0.238236
5.350525	0.234561
5.354452	0.231961
5.358379	0.230409
5.362306	0.229834
5.366233	0.230118
5.370160	0.231106
5.374087	0.232608
5.378014	0.234413
5.381941	0.236295
5.385868	0.238029
5.389795	0.239400
5.393722	0.240228
5.397649	0.240377
5.401576	0.239775
5.405503	0.238414
5.409430	0.236344
5.413357	0.233652
5.417284	0.230442
5.421211	0.226807
5.425138	0.222817
5.429065	0.218507
5.432992	0.213883
5.436919	0.208928
5.440846	0.203616
5.444773	0.197931
5.448700	0.191875
5.452627	0.185482
5.456554	0.178818
5.460481	0.171978
5.464408	0.165073
5.468335	0.158222
5.472262	0.151536
5.476189	0.145110
5.480116	0.139019
5.484043	0.133317
5.487970	0.128036
5.491897	0.123191
5.495824	0.118781
5.499751	0.114799
5.503678	0.111230
5.507605	0.108055
5.511532	0.105256
5.515459	0.102816
5.519386	0.100718
5.523313	0.098948
5.527240	0.097497
5.531167	0.096354
5.535094	0.095516
5.539021	0.094978
5.542948	0.094741
5.546875	0.094806
5.550802	0.095179
5.554729	0.095868
5.558656	0.096883
5.562582	0.098238
5.566509	0.099948
5.570436	0.102030
5.574363	0.104505
5.578290	0.107392
5.582217	0.110711
5.586144	0.114480
5.590071	0.118713
5.593998	0.123416
5.597925	0.128588
5.601852	0.134212
5.605779	0.140257
5.609706	0.146675
5.613633	0.153398
5.617560	0.160342
5.621487	0.167413
5.625414	0.174504
5.629341	0.181498
5.633268	0.188270
5.637195	0.194677
5.641122	0.200552
5.645049	0.205704
5.648976	0.209915
5.652903	0.212966
5.656830	0.214656
5.660757	0.214838
5.664684	0.213452
5.668611	0.210541
5.672538	0.206251
5.676465	0.200816
5.680392	0.194526
5.684319	0.187689
5.688246	0.180602
5.692173	0.173523
5.696100	0.166660
5.700027	0.160165
5.703954	0.154135
5.707881	0.148615
5.711808	0.143606
5.715735	0.139074
5.719662	0.134957
5.723589	0.131175
5.727516	0.127643
5.731443	0.124283
5.735370	0.121031
5.739297	0.117847
5.743224	0.114716
5.747151	0.111644
5.751078	0.108653
5.755005	0.105769
5.758932	0.103014
5.762859	0.100401
5.766786	0.097930
5.770713	0.095586
5.774640	0.093349
5.778567	0.091191
5.782494	0.089084
5.786421	0.087005
5.790348	0.084939
5.794275	0.082874
5.798202	0.080805
5.802129	0.078734
5.806056	0.076662
5.809983	0.074596
5.813910	0.072544
5.817837	0.070519
5.821764	0.068534
5.825691	0.066605
5.829618	0.064749
5.833545	0.062980
5.837472	0.061311
5.841399	0.059751
5.845326	0.058307
5.849253	0.056984
5.853180	0.055784
5.857107	0.054711
5.861034	0.053767
5.864961	0.052952
5.868888	0.052269
5.872815	0.051718
5.876742	0.051300
5.880669	0.051014
5.884596	0.050861
5.888523	0.050841
5.892450	0.050954
5.896377	0.051204
5.900304	0.051594
5.904231	0.052133
5.908158	0.052829
5.912085	0.053694
5.916012	0.054742
5.919939	0.055988
5.923866	0.057450
5.927793	0.059146
5.931720	0.061093
5.935647	0.063310
5.939574	0.065814
5.943501	0.068619
5.947428	0.071735
5.951355	0.075164
5.955282	0.078899
5.959209	0.082917
5.963136	0.087175
5.967063	0.091608
5.970990	0.096122
5.974917	0.100591
5.978844	0.104861
5.982771	0.108752
5.986698	0.112069
5.990624	0.114621
5.994551	0.116240
5.998478	0.116802
6.002405	0.116247
6.006332	0.114590
6.010259	0.111919
6.014186	0.108384
6.018113	0.104171
6.022040	0.099484
6.025967	0.094520
6.029894	0.089452
6.033821	0.084422
6.037748	0.079538
6.041675	0.074877
6.045602	0.070486
6.049529	0.066391
6.053456	0.062602
6.057383	0.059114
6.061310	0.055917
6.065237	0.052994
6.069164	0.050325
6.073091	0.047889
6.077018	0.045664
6.080945	0.043631
6.084872	0.041770
6.088799	0.040065
6.092726	0.038501
6.096653	0.037065
6.100580	0.035746
6.104507	0.034537
6.108434	0.033429
6.112361	0.032414
6.116288	0.031487
6.120215	0.030639
6.124142	0.029866
6.128069	0.029159
6.131996	0.028513
6.135923	0.027921
6.139850	0.027377
6.143777	0.026876
6.147704	0.026413
6.151631	0.025983
6.155558	0.025582
6.159485	0.025206
6.163412	0.024851
6.167339	0.024510
6.171266	0.024177
6.175193	0.023846
6.179120	0.023510
6.183047	0.023164
6.186974	0.022802
6.190901	0.022424
6.194828	0.022028
6.198755	0.021617
6.202682	0.021195
6.206609	0.020767
6.210536	0.020338
6.214463	0.019914
6.218390	0.019498
6.222317	0.019094
6.226244	0.018705
6.230171	0.018331
6.234098	0.017974
6.238025	0.017635
6.241952	0.017314
6.245879	0.017012
6.249806	0.016728
6.253733	0.016464
6.257660	0.016218
6.261587	0.015990
6.265514	0.015781
6.269441	0.015589
6.273368	0.015415
6.277295	0.015257
6.281222	0.015115
6.285149	0.014988
6.289076	0.014875
6.293003	0.014775
6.296930	0.014686
6.300857	0.014606
6.304784	0.014534
6.308711	0.014469
6.312638	0.014408
6.316565	0.014351
6.320492	0.014298
6.324419	0.014249
6.328346	0.014205
6.332273	0.014168
6.336200	0.014140
6.340127	0.014123
6.344054	0.014119
6.347981	0.014129
6.351908	0.014153
6.355835	0.014191
6.359762	0.014243
6.363689	0.014304
6.367616	0.014370
6.371543	0.014438
6.375470	0.014499
6.379397	0.014547
6.383324	0.014575
6.387251	0.014577
6.391178	0.014548
6.395105	0.014487
6.399032	0.014395
6.402959	0.014277
6.406886	0.014137
6.410813	0.013984
6.414739	0.013825
6.418666	0.013666
6.422593	0.013514
6.426520	0.013372
6.430447	0.013244
6.434374	0.013130
6.438301	0.013031
6.442228	0.012946
6.446155	0.012872
6.450082	0.012807
6.454009	0.012748
6.457936	0.012692
6.461863	0.012636
6.465790	0.012577
6.469717	0.012516
6.473644	0.012449
6.477571	0.012377
6.481498	0.012298
6.485425	0.012212
6.489352	0.012118
6.493279	0.012014
6.497206	0.011901
6.501133	0.011778
6.505060	0.011646
6.508987	0.011507
6.512914	0.011363
6.516841	0.011217
6.520768	0.011073
6.524695	0.010933
6.528622	0.010801
6.532549	0.010678
6.536476	0.010567
6.540403	0.010468
6.544330	0.010383
6.548257	0.010312
6.552184	0.010255
6.556111	0.010212
6.560038	0.010181
6.563965	0.010164
6.567892	0.010157
6.571819	0.010159
6.575746	0.010167
6.579673	0.010179
6.583600	0.010190
6.587527	0.010198
6.591454	0.010196
6.595381	0.010183
6.599308	0.010156
6.603235	0.010112
6.607162	0.010054
6.611089	0.009981
6.615016	0.009897
6.618943	0.009805
6.622870	0.009709
6.626797	0.009613
6.630724	0.009518
6.634651	0.009428
6.638578	0.009342
6.642505	0.009262
6.646432	0.009188
6.650359	0.009117
6.654286	0.009051
6.658213	0.008987
6.662140	0.008924
6.666067	0.008863
6.669994	0.008803
6.673921	0.008745
6.677848	0.008687
6.681775	0.008632
6.685702	0.008579
6.689629	0.008528
6.693556	0.008480
6.697483	0.008435
6.701410	0.008392
6.705337	0.008353
6.709264	0.008318
6.713191	0.008288
6.717118	0.008262
6.721045	0.008242
6.724972	0.008227
6.728899	0.008217
6.732826	0.008213
6.736753	0.008212
6.740680	0.008213
6.744607	0.008214
6.748534	0.008213
6.752461	0.008208
6.756388	0.008196
6.760315	0.008177
6.764242	0.008149
6.768169	0.008113
6.772096	0.008070
6.776023	0.008023
6.779950	0.007972
6.783877	0.007920
6.787804	0.007870
6.791731	0.007823
6.795658	0.007779
6.799585	0.007740
6.803512	0.007705
6.807439	0.007674
6.811366	0.007646
6.815293	0.007621
6.819220	0.007597
6.823147	0.007574
6.827074	0.007551
6.831001	0.007528
6.834928	0.007506
6.838855	0.007484
6.842781	0.007462
6.846708	0.007442
6.850635	0.007424
6.854562	0.007407
6.858489	0.007393
6.862416	0.007382
6.866343	0.007375
6.870270	0.007372
6.874197	0.007375
6.878124	0.007383
6.882051	0.007399
6.885978	0.007423
6.889905	0.007454
6.893832	0.007493
6.897759	0.007540
6.901686	0.007595
6.905613	0.007656
6.909540	0.007723
6.913467	0.007795
6.917394	0.007872
6.921321	0.007952
6.925248	0.008037
6.929175	0.008124
6.933102	0.008214
6.937029	0.008305
6.940956	0.008396
6.944883	0.008484
6.948810	0.008564
6.952737	0.008631
6.956664	0.008681
6.960591	0.008709
6.964518	0.008709
6.968445	0.008681
6.972372	0.008624
6.976299	0.008540
6.980226	0.008433
6.984153	0.008309
6.988080	0.008173
6.992007	0.008032
6.995934	0.007891
6.999861	0.007753
7.003788	0.007623
7.007715	0.007503
7.011642	0.007394
7.015569	0.007297
7.019496	0.007214
7.023423	0.007143
7.027350	0.007086
7.031277	0.007042
7.035204	0.007011
7.039131	0.006991
7.043058	0.006984
7.046985	0.006988
7.050912	0.007002
7.054839	0.007026
7.058766	0.007058
7.062693	0.007097
7.066620	0.007141
7.070547	0.007190
7.074474	0.007242
7.078401	0.007295
7.082328	0.007350
7.086255	0.007405
7.090182	0.007461
7.094109	0.007516
7.098036	0.007570
7.101963	0.007623
7.105890	0.007673
7.109817	0.007721
7.113744	0.007763
7.117671	0.007799
7.121598	0.007827
7.125525	0.007844
7.129452	0.007847
7.133379	0.007833
7.137306	0.007801
7.141233	0.007747
7.145160	0.007672
7.149087	0.007576
7.153014	0.007461
7.156941	0.007332
7.160868	0.007191
7.164795	0.007045
7.168722	0.006896
7.172649	0.006749
7.176576	0.006606
7.180503	0.006469
7.184430	0.006341
7.188357	0.006221
7.192284	0.006110
7.196211	0.006009
7.200138	0.005916
7.204065	0.005833
7.207992	0.005757
7.211919	0.005689
7.215846	0.005629
7.219773	0.005576
7.223700	0.005530
7.227627	0.005490
7.231554	0.005457
7.235481	0.005429
7.239408	0.005407
7.243335	0.005391
7.247262	0.005380
7.251189	0.005374
7.255116	0.005374
7.259043	0.005378
7.262970	0.005388
7.266897	0.005401
7.270823	0.005417
7.274750	0.005437
7.278677	0.005458
7.282604	0.005479
7.286531	0.005499
7.290458	0.005517
7.294385	0.005532
7.298312	0.005541
7.302239	0.005546
7.306166	0.005546
7.310093	0.005541
7.314020	0.005532
7.317947	0.005520
7.321874	0.005507
7.325801	0.005495
7.329728	0.005484
7.333655	0.005476
7.337582	0.005473
7.341509	0.005475
7.345436	0.005482
7.349363	0.005495
7.353290	0.005513
7.357217	0.005535
7.361144	0.005562
7.365071	0.005591
7.368998	0.005621
7.372925	0.005652
7.376852	0.005680
7.380779	0.005706
7.384706	0.005727
7.388633	0.005741
7.392560	0.005747
7.396487	0.005744
7.400414	0.005732
7.404341	0.005711
7.408268	0.005681
7.412195	0.005643
7.416122	0.005600
7.420049	0.005553
7.423976	0.005503
7.427903	0.005452
7.431830	0.005400
7.435757	0.005349
7.439684	0.005297
7.443611	0.005246
7.447538	0.005196
7.451465	0.005146
7.455392	0.005098
7.459319	0.005051
7.463246	0.005006
7.467173	0.004964
7.471100	0.004926
7.475027	0.004892
7.478954	0.004863
7.482881	0.004838
7.486808	0.004819
7.490735	0.004805
7.494662	0.004797
7.498589	0.004795
7.502516	0.004798
7.506443	0.004808
7.510370	0.004823
7.514297	0.004845
7.518224	0.004872
7.522151	0.004905
7.526078	0.004944
7.530005	0.004988
7.533932	0.005036
7.537859	0.005088
7.541786	0.005142
7.545713	0.005197
7.549640	0.005251
7.553567	0.005302
7.557494	0.005351
7.561421	0.005394
7.565348	0.005433
7.569275	0.005467
7.573202	0.005498
7.577129	0.005525
7.581056	0.005552
7.584983	0.005578
7.588910	0.005604
7.592837	0.005630
7.596764	0.005657
7.600691	0.005684
7.604618	0.005710
7.608545	0.005733
7.612472	0.005753
7.616399	0.005768
7.620326	0.005777
7.624253	0.005778
7.628180	0.005771
7.632107	0.005753
7.636034	0.005724
7.639961	0.005683
7.643888	0.005630
7.647815	0.005567
7.651742	0.005496
7.655669	0.005417
7.659596	0.005335
7.663523	0.005252
7.667450	0.005169
7.671377	0.005090
7.675304	0.005015
7.679231	0.004946
7.683158	0.004884
7.687085	0.004829
7.691012	0.004781
7.694939	0.004741
7.698865	0.004708
7.702792	0.004683
7.706719	0.004665
7.710646	0.004655
7.714573	0.004652
7.718500	0.004657
7.722427	0.004669
7.726354	0.004689
7.730281	0.004716
7.734208	0.004751
7.738135	0.004794
7.742062	0.004844
7.745989	0.004901
7.749916	0.004965
7.753843	0.005035
7.757770	0.005109
7.761697	0.005187
7.765624	0.005266
7.769551	0.005343
7.773478	0.005417
7.777405	0.005484
7.781332	0.005543
7.785259	0.005592
7.789186	0.005632
7.793113	0.005664
7.797040	0.005690
7.800967	0.005711
7.804894	0.005732
7.808821	0.005754
7.812748	0.005780
7.816675	0.005812
7.820602	0.005851
7.824529	0.005895
7.828456	0.005944
7.832383	0.005995
7.836310	0.006047
7.840237	0.006096
7.844164	0.006140
7.848091	0.006175
7.852018	0.006199
7.855945	0.006210
7.859872	0.006207
7.863799	0.006190
7.867726	0.006156
7.871653	0.006107
7.875580	0.006043
7.879507	0.005965
7.883434	0.005875
7.887361	0.005774
7.891288	0.005667
7.895215	0.005555
7.899142	0.005443
7.903069	0.005332
7.906996	0.005225
7.910923	0.005124
7.914850	0.005031
7.918777	0.004947
7.922704	0.004871
7.926631	0.004805
7.930558	0.004748
7.934485	0.004700
7.938412	0.004662
7.942339	0.004633
7.946266	0.004613
7.950193	0.004601
7.954120	0.004599
7.958047	0.004605
7.961974	0.004620
7.965901	0.004644
7.969828	0.004677
7.973755	0.004719
7.977682	0.004770
7.981609	0.004831
7.985536	0.004901
7.989463	0.004981
7.993390	0.005069
7.997317	0.005165
8.001244	0.005268
8.005171	0.005376
8.009098	0.005486
8.013025	0.005598
8.016952	0.005707
8.020879	0.005813
8.024806	0.005912
8.028733	0.006004
8.032660	0.006089
8.036587	0.006166
8.040514	0.006237
8.044441	0.006303
8.048368	0.006365
8.052295	0.006426
8.056222	0.006485
8.060149	0.006542
8.064076	0.006598
8.068003	0.006652
8.071930	0.006702
8.075857	0.006746
8.079784	0.006781
8.083711	0.006804
8.087638	0.006811
8.091565	0.006800
8.095492	0.006768
8.099419	0.006713
8.103346	0.006635
8.107273	0.006534
8.111200	0.006415
8.115127	0.006281
8.119054	0.006136
8.122981	0.005986
8.126907	0.005835
8.130834	0.005687
8.134761	0.005546
8.138688	0.005414
8.142615	0.005293
8.146542	0.005185
8.150469	0.005089
8.154396	0.005006
8.158323	0.004936
8.162250	0.004879
8.166177	0.004835
8.170104	0.004803
8.174031	0.004784
8.177958	0.004777
8.181885	0.004781
8.185812	0.004798
8.189739	0.004827
8.193666	0.004867
8.197593	0.004918
8.201520	0.004979
8.205447	0.005051
8.209374	0.005130
8.213301	0.005216
8.217228	0.005305
8.221155	0.005396
8.225082	0.005485
8.229009	0.005569
8.232936	0.005645
8.236863	0.005710
8.240790	0.005764
8.244717	0.005806
8.248644	0.005839
8.252571	0.005863
8.256498	0.005882
8.260425	0.005897
8.264352	0.005909
8.268279	0.005919
8.272206	0.005927
8.276133	0.005930
8.280060	0.005928
8.283987	0.005918
8.287914	0.005898
8.291841	0.005868
8.295768	0.005826
8.299695	0.005774
8.303622	0.005712
8.307549	0.005641
8.311476	0.005565
8.315403	0.005483
8.319330	0.005399
8.323257	0.005315
8.327184	0.005231
8.331111	0.005150
8.335038	0.005071
8.338965	0.004997
8.342892	0.004926
8.346819	0.004859
8.350746	0.004796
8.354673	0.004736
8.358600	0.004679
8.362527	0.004627
8.366454	0.004579
8.370381	0.004536
8.374308	0.004499
8.378235	0.004469
8.382162	0.004446
8.386089	0.004432
8.390016	0.004428
8.393943	0.004434
8.397870	0.004449
8.401797	0.004476
8.405724	0.004514
8.409651	0.004562
8.413578	0.004622
8.417505	0.004692
8.421432	0.004771
8.425359	0.004860
8.429286	0.004955
8.433213	0.005053
8.437140	0.005153
8.441067	0.005249
8.444994	0.005337
8.448921	0.005413
8.452848	0.005472
8.456775	0.005512
8.460702	0.005530
8.464629	0.005528
8.468556	0.005507
8.472483	0.005471
8.476410	0.005423
8.480337	0.005369
8.484264	0.005313
8.488191	0.005256
8.492118	0.005203
8.496045	0.005153
8.499972	0.005107
8.503899	0.005066
8.507826	0.005028
8.511753	0.004993
8.515680	0.004962
8.519607	0.004934
8.523534	0.004909
8.527461	0.004889
8.531388	0.004875
8.535315	0.004866
8.539242	0.004863
8.543169	0.004866
8.547096	0.004874
8.551023	0.004888
8.554949	0.004906
8.558876	0.004927
8.562803	0.004950
8.566730	0.004975
8.570657	0.005002
8.574584	0.005028
8.578511	0.005055
8.582438	0.005081
8.586365	0.005106
8.590292	0.005130
8.594219	0.005152
8.598146	0.005173
8.602073	0.005193
8.606000	0.005212
8.609927	0.005230
8.613854	0.005250
8.617781	0.005272
8.621708	0.005297
8.625635	0.005325
8.629562	0.005355
8.633489	0.005386
8.637416	0.005416
8.641343	0.005440
8.645270	0.005456
8.649197	0.005460
8.653124	0.005448
8.657051	0.005419
8.660978	0.005374
8.664905	0.005313
8.668832	0.005239
8.672759	0.005157
8.676686	0.005071
8.680613	0.004984
8.684540	0.004899
8.688467	0.004820
8.692394	0.004748
8.696321	0.004685
8.700248	0.004629
8.704175	0.004582
8.708102	0.004541
8.712029	0.004508
8.715956	0.004479
8.719883	0.004456
8.723810	0.004438
8.727737	0.004425
8.731664	0.004418
8.735591	0.004417
8.739518	0.004422
8.743445	0.004433
8.747372	0.004451
8.751299	0.004474
8.755226	0.004501
8.759153	0.004530
8.763080	0.004558
8.767007	0.004582
8.770934	0.004600
8.774861	0.004611
8.778788	0.004610
8.782715	0.004600
8.786642	0.004578
8.790569	0.004546
8.794496	0.004505
8.798423	0.004458
8.802350	0.004405
8.806277	0.004350
8.810204	0.004293
8.814131	0.004237
8.818058	0.004181
8.821985	0.004127
8.825912	0.004075
8.829839	0.004024
8.833766	0.003976
8.837693	0.003929
8.841620	0.003884
8.845547	0.003842
8.849474	0.003804
8.853401	0.003769
8.857328	0.003738
8.861255	0.003711
8.865182	0.003687
8.869109	0.003665
8.873036	0.003645
8.876963	0.003623
8.880890	0.003600
8.884817	0.003573
8.888744	0.003542
8.892671	0.003506
8.896598	0.003466
8.900525	0.003422
8.904452	0.003375
8.908379	0.003327
8.912306	0.003279
8.916233	0.003232
8.920160	0.003188
8.924087	0.003147
8.928014	0.003111
8.931941	0.003079
8.935868	0.003051
8.939795	0.003029
8.943722	0.003011
8.947649	0.002999
8.951576	0.002991
8.955503	0.002989
8.959430	0.002991
8.963357	0.002997
8.967284	0.003008
8.971211	0.003023
8.975138	0.003041
8.979065	0.003062
8.982991	0.003087
8.986918	0.003114
8.990845	0.003143
8.994772	0.003174
8.998699	0.003208
9.002626	0.003244
9.006553	0.003283
9.010480	0.003324
9.014407	0.003367
9.018334	0.003411
9.022261	0.003457
9.026188	0.003503
9.030115	0.003547
9.034042	0.003587
9.037969	0.003623
9.041896	0.003652
9.045823	0.003674
9.049750	0.003687
9.053677	0.003692
9.057604	0.003687
9.061531	0.003672
9.065458	0.003649
9.069385	0.003617
9.073312	0.003578
9.077239	0.003533
9.081166	0.003484
9.085093	0.003433
9.089020	0.003381
9.092947	0.003330
9.096874	0.003281
9.100801	0.003236
9.104728	0.003193
9.108655	0.003154
9.112582	0.003117
9.116509	0.003081
9.120436	0.003047
9.124363	0.003013
9.128290	0.002978
9.132217	0.002942
9.136144	0.002905
9.140071	0.002867
9.143998	0.002830
9.147925	0.002793
9.151852	0.002756
9.155779	0.002722
9.159706	0.002690
9.163633	0.002661
9.167560	0.002635
9.171487	0.002613
9.175414	0.002593
9.179341	0.002578
9.183268	0.002566
9.187195	0.002557
9.191122	0.002552
9.195049	0.002550
9.198976	0.002553
9.202903	0.002559
9.206830	0.002568
9.210757	0.002582
9.214684	0.002600
9.218611	0.002621
9.222538	0.002647
9.226465	0.002677
9.230392	0.002712
9.234319	0.002750
9.238246	0.002792
9.242173	0.002838
9.246100	0.002886
9.250027	0.002936
9.253954	0.002988
9.257881	0.003039
9.261808	0.003088
9.265735	0.003135
9.269662	0.003179
9.273589	0.003219
9.277516	0.003254
9.281443	0.003285
9.285370	0.003311
9.289297	0.003333
9.293224	0.003351
9.297151	0.003365
9.301078	0.003375
9.305005	0.003379
9.308932	0.003378
9.312859	0.003371
9.316786	0.003356
9.320713	0.003334
9.324640	0.003305
9.328567	0.003268
9.332494	0.003225
9.336421	0.003176
9.340348	0.003122
9.344275	0.003066
9.348202	0.003007
9.352129	0.002949
9.356056	0.002892
9.359983	0.002837
9.363910	0.002786
9.367837	0.002738
9.371764	0.002694
9.375691	0.002654
9.379618	0.002618
9.383545	0.002586
9.387472	0.002557
9.391399	0.002530
9.395326	0.002506
9.399253	0.002483
9.403180	0.002461
9.407107	0.002440
9.411033	0.002420
9.414960	0.002401
9.418887	0.002384
9.422814	0.002367
9.426741	0.002353
9.430668	0.002341
9.434595	0.002331
9.438522	0.002324
9.442449	0.002320
9.446376	0.002319
9.450303	0.002321
9.454230	0.002326
9.458157	0.002334
9.462084	0.002344
9.466011	0.002358
9.469938	0.002374
9.473865	0.002392
9.477792	0.002412
9.481719	0.002433
9.485646	0.002454
9.489573	0.002475
9.493500	0.002496
9.497427	0.002516
9.501354	0.002535
9.505281	0.002554
9.509208	0.002573
9.513135	0.002592
9.517062	0.002611
9.520989	0.002632
9.524916	0.002653
9.528843	0.002675
9.532770	0.002696
9.536697	0.002717
9.540624	0.002735
9.544551	0.002749
9.548478	0.002758
9.552405	0.002761
9.556332	0.002757
9.560259	0.002747
9.564186	0.002731
9.568113	0.002710
9.572040	0.002685
9.575967	0.002656
9.579894	0.002626
9.583821	0.002595
9.587748	0.002563
9.591675	0.002530
9.595602	0.002496
9.599529	0.002463
9.603456	0.002429
9.607383	0.002396
9.611310	0.002363
9.615237	0.002332
9.619164	0.002302
9.623091	0.002275
9.627018	0.002249
9.630945	0.002227
9.634872	0.002207
9.638799	0.002190
9.642726	0.002175
9.646653	0.002163
9.650580	0.002154
9.654507	0.002146
9.658434	0.002140
9.662361	0.002135
9.666288	0.002131
9.670215	0.002127
9.674142	0.002124
9.678069	0.002122
9.681996	0.002120
9.685923	0.002119
9.689850	0.002119
9.693777	0.002120
9.697704	0.002123
9.701631	0.002127
9.705558	0.002133
9.709485	0.002140
9.713412	0.002149
9.717339	0.002158
9.721266	0.002167
9.725193	0.002177
9.729120	0.002185
9.733047	0.002192
9.736974	0.002198
9.740901	0.002203
9.744828	0.002206
9.748755	0.002208
9.752682	0.002210
9.756609	0.002212
9.760536	0.002216
9.764463	0.002221
9.768390	0.002229
9.772317	0.002239
9.776244	0.002251
9.780171	0.002266
9.784098	0.002282
9.788025	0.002300
9.791952	0.002319
9.795879	0.002338
9.799806	0.002357
9.803733	0.002375
9.807660	0.002392
9.811587	0.002407
9.815514	0.002420
9.819441	0.002431
