-9.819441	0.002484
-9.815514	0.002493
-9.811587	0.002501
-9.807660	0.002510
-9.803733	0.002519
-9.799806	0.002528
-9.795879	0.002536
-9.791952	0.002545
-9.788025	0.002553
-9.784098	0.002561
-9.780171	0.002568
-9.776244	0.002574
-9.772317	0.002579
-9.768390	0.002583
-9.764463	0.002586
-9.760536	0.002589
-9.756609	0.002590
-9.752682	0.002591
-9.748755	0.002592
-9.744828	0.002592
-9.740901	0.002592
-9.736974	0.002593
-9.733047	0.002593
-9.729120	0.002594
-9.725193	0.002595
-9.721266	0.002596
-9.717339	0.002598
-9.713412	0.002600
-9.709485	0.002602
-9.705558	0.002605
-9.701631	0.002608
-9.697704	0.002611
-9.693777	0.002614
-9.689850	0.002618
-9.685923	0.002622
-9.681996	0.002626
-9.678069	0.002630
-9.674142	0.002635
-9.670215	0.002640
-9.666288	0.002645
-9.662361	0.002650
-9.658434	0.002655
-9.654507	0.002661
-9.650580	0.002666
-9.646653	0.002672
-9.642726	0.002679
-9.638799	0.002685
-9.634872	0.002692
-9.630945	0.002698
-9.627018	0.002706
-9.623091	0.002713
-9.619164	0.002721
-9.615237	0.002729
-9.611310	0.002737
-9.607383	0.002746
-9.603456	0.002755
-9.599529	0.002764
-9.595602	0.002774
-9.591675	0.002784
-9.587748	0.002794
-9.583821	0.002805
-9.579894	0.002816
-9.575967	0.002827
-9.572040	0.002839
-9.568113	0.002850
-9.564186	0.002860
-9.560259	0.002870
-9.556332	0.002879
-9.552405	0.002887
-9.548478	0.002894
-9.544551	0.002899
-9.540624	0.002903
-9.536697	0.002905
-9.532770	0.002907
-9.528843	0.002907
-9.524916	0.002908
-9.520989	0.002907
-9.517062	0.002907
-9.513135	0.002907
-9.509208	0.002906
-9.505281	0.002907
-9.501354	0.002907
-9.497427	0.002908
-9.493500	0.002909
-9.489573	0.002911
-9.485646	0.002913
-9.481719	0.002915
-9.477792	0.002918
-9.473865	0.002921
-9.469938	0.002925
-9.466011	0.002928
-9.462084	0.002932
-9.458157	0.002937
-9.454230	0.002941
-9.450303	0.002946
-9.446376	0.002951
-9.442449	0.002957
-9.438522	0.002962
-9.434595	0.002968
-9.430668	0.002974
-9.426741	0.002980
-9.422814	0.002986
-9.418887	0.002993
-9.414960	0.003000
-9.411033	0.003007
-9.407107	0.003014
-9.403180	0.003022
-9.399253	0.003030
-9.395326	0.003038
-9.391399	0.003046
-9.387472	0.003055
-9.383545	0.003064
-9.379618	0.003074
-9.375691	0.003083
-9.371764	0.003093
-9.367837	0.003103
-9.363910	0.003114
-9.359983	0.003124
-9.356056	0.003134
-9.352129	0.003145
-9.348202	0.003154
-9.344275	0.003164
-9.340348	0.003172
-9.336421	0.003180
-9.332494	0.003187
-9.328567	0.003193
-9.324640	0.003198
-9.320713	0.003202
-9.316786	0.003206
-9.312859	0.003209
-9.308932	0.003212
-9.305005	0.003216
-9.301078	0.003219
-9.297151	0.003222
-9.293224	0.003226
-9.289297	0.003230
-9.285370	0.003234
-9.281443	0.003239
-9.277516	0.003243
-9.273589	0.003249
-9.269662	0.003254
-9.265735	0.003260
-9.261808	0.003266
-9.257881	0.003273
-9.253954	0.003280
-9.250027	0.003287
-9.246100	0.003294
-9.242173	0.003302
-9.238246	0.003310
-9.234319	0.003319
-9.230392	0.003327
-9.226465	0.003336
-9.222538	0.003345
-9.218611	0.003354
-9.214684	0.003363
-9.210757	0.003373
-9.206830	0.003382
-9.202903	0.003391
-9.198976	0.003400
-9.195049	0.003409
-9.191122	0.003417
-9.187195	0.003425
-9.183268	0.003432
-9.179341	0.003438
-9.175414	0.003444
-9.171487	0.003450
-9.167560	0.003455
-9.163633	0.003460
-9.159706	0.003465
-9.155779	0.003470
-9.151852	0.003475
-9.147925	0.003480
-9.143998	0.003485
-9.140071	0.003491
-9.136144	0.003496
-9.132217	0.003502
-9.128290	0.003509
-9.124363	0.003515
-9.120436	0.003522
-9.116509	0.003529
-9.112582	0.003536
-9.108655	0.003543
-9.104728	0.003550
-9.100801	0.003558
-9.096874	0.003566
-9.092947	0.003574
-9.089020	0.003582
-9.085093	0.003590
-9.081166	0.003598
-9.077239	0.003607
-9.073312	0.003615
-9.069385	0.003624
-9.065458	0.003633
-9.061531	0.003642
-9.057604	0.003652
-9.053677	0.003661
-9.049750	0.003671
-9.045823	0.003680
-9.041896	0.003690
-9.037969	0.003700
-9.034042	0.003710
-9.030115	0.003720
-9.026188	0.003730
-9.022261	0.003740
-9.018334	0.003749
-9.014407	0.003759
-9.010480	0.003768
-9.006553	0.003777
-9.002626	0.003786
-8.998699	0.003794
-8.994772	0.003803
-8.990845	0.003811
-8.986918	0.003819
-8.982991	0.003827
-8.979065	0.003835
-8.975138	0.003844
-8.971211	0.003852
-8.967284	0.003860
-8.963357	0.003869
-8.959430	0.003878
-8.955503	0.003886
-8.951576	0.003895
-8.947649	0.003904
-8.943722	0.003913
-8.939795	0.003923
-8.935868	0.003932
-8.931941	0.003942
-8.928014	0.003951
-8.924087	0.003961
-8.920160	0.003971
-8.916233	0.003981
-8.912306	0.003991
-8.908379	0.004001
-8.904452	0.004011
-8.900525	0.004021
-8.896598	0.004031
-8.892671	0.004042
-8.888744	0.004052
-8.884817	0.004062
-8.880890	0.004073
-8.876963	0.004084
-8.873036	0.004094
-8.869109	0.004105
-8.865182	0.004116
-8.861255	0.004127
-8.857328	0.004138
-8.853401	0.004149
-8.849474	0.004160
-8.845547	0.004171
-8.841620	0.004182
-8.837693	0.004193
-8.833766	0.004204
-8.829839	0.004216
-8.825912	0.004227
-8.821985	0.004239
-8.818058	0.004250
-8.814131	0.004262
-8.810204	0.004274
-8.806277	0.004285
-8.802350	0.004297
-8.798423	0.004309
-8.794496	0.004321
-8.790569	0.004333
-8.786642	0.004345
-8.782715	0.004357
-8.778788	0.004369
-8.774861	0.004382
-8.770934	0.004394
-8.767007	0.004406
-8.763080	0.004419
-8.759153	0.004431
-8.755226	0.004444
-8.751299	0.004457
-8.747372	0.004469
-8.743445	0.004482
-8.739518	0.004495
-8.735591	0.004508
-8.731664	0.004521
-8.727737	0.004534
-8.723810	0.004547
-8.719883	0.004560
-8.715956	0.004573
-8.712029	0.004587
-8.708102	0.004600
-8.704175	0.004614
-8.700248	0.004627
-8.696321	0.004641
-8.692394	0.004655
-8.688467	0.004668
-8.684540	0.004682
-8.680613	0.004696
-8.676686	0.004710
-8.672759	0.004724
-8.668832	0.004739
-8.664905	0.004753
-8.660978	0.004767
-8.657051	0.004781
-8.653124	0.004796
-8.649197	0.004811
-8.645270	0.004825
-8.641343	0.004840
-8.637416	0.004855
-8.633489	0.004870
-8.629562	0.004885
-8.625635	0.004900
-8.621708	0.004915
-8.617781	0.004930
-8.613854	0.004945
-8.609927	0.004961
-8.606000	0.004976
-8.602073	0.004992
-8.598146	0.005008
-8.594219	0.005023
-8.590292	0.005039
-8.586365	0.005055
-8.582438	0.005071
-8.578511	0.005087
-8.574584	0.005104
-8.570657	0.005120
-8.566730	0.005136
-8.562803	0.005153
-8.558876	0.005169
-8.554949	0.005186
-8.551023	0.005203
-8.547096	0.005220
-8.543169	0.005237
-8.539242	0.005254
-8.535315	0.005271
-8.531388	0.005289
-8.527461	0.005306
-8.523534	0.005324
-8.519607	0.005341
-8.515680	0.005359
-8.511753	0.005377
-8.507826	0.005395
-8.503899	0.005413
-8.499972	0.005431
-8.496045	0.005449
-8.492118	0.005468
-8.488191	0.005486
-8.484264	0.005505
-8.480337	0.005524
-8.476410	0.005543
-8.472483	0.005562
-8.468556	0.005581
-8.464629	0.005600
-8.460702	0.005619
-8.456775	0.005639
-8.452848	0.005659
-8.448921	0.005678
-8.444994	0.005698
-8.441067	0.005718
-8.437140	0.005738
-8.433213	0.005759
-8.429286	0.005779
-8.425359	0.005799
-8.421432	0.005820
-8.417505	0.005841
-8.413578	0.005862
-8.409651	0.005883
-8.405724	0.005904
-8.401797	0.005926
-8.397870	0.005947
-8.393943	0.005969
-8.390016	0.005990
-8.386089	0.006012
-8.382162	0.006035
-8.378235	0.006057
-8.374308	0.006079
-8.370381	0.006102
-8.366454	0.006124
-8.362527	0.006147
-8.358600	0.006170
-8.354673	0.006193
-8.350746	0.006217
-8.346819	0.006240
-8.342892	0.006264
-8.338965	0.006288
-8.335038	0.006312
-8.331111	0.006336
-8.327184	0.006360
-8.323257	0.006385
-8.319330	0.006410
-8.315403	0.006435
-8.311476	0.006460
-8.307549	0.006485
-8.303622	0.006510
-8.299695	0.006536
-8.295768	0.006562
-8.291841	0.006588
-8.287914	0.006614
-8.283987	0.006640
-8.280060	0.006667
-8.276133	0.006694
-8.272206	0.006721
-8.268279	0.006748
-8.264352	0.006775
-8.260425	0.006803
-8.256498	0.006831
-8.252571	0.006859
-8.248644	0.006887
-8.244717	0.006915
-8.240790	0.006944
-8.236863	0.006973
-8.232936	0.007002
-8.229009	0.007032
-8.225082	0.007061
-8.221155	0.007091
-8.217228	0.007121
-8.213301	0.007151
-8.209374	0.007182
-8.205447	0.007213
-8.201520	0.007244
-8.197593	0.007275
-8.193666	0.007307
-8.189739	0.007339
-8.185812	0.007371
-8.181885	0.007403
-8.177958	0.007436
-8.174031	0.007469
-8.170104	0.007502
-8.166177	0.007535
-8.162250	0.007569
-8.158323	0.007603
-8.154396	0.007637
-8.150469	0.007672
-8.146542	0.007707
-8.142615	0.007742
-8.138688	0.007778
-8.134761	0.007813
-8.130834	0.007850
-8.126907	0.007886
-8.122981	0.007923
-8.119054	0.007960
-8.115127	0.007998
-8.111200	0.008035
-8.107273	0.008074
-8.103346	0.008112
-8.099419	0.008151
-8.095492	0.008190
-8.091565	0.008230
-8.087638	0.008270
-8.083711	0.008310
-8.079784	0.008351
-8.075857	0.008392
-8.071930	0.008433
-8.068003	0.008475
-8.064076	0.008517
-8.060149	0.008560
-8.056222	0.008603
-8.052295	0.008647
-8.048368	0.008691
-8.044441	0.008735
-8.040514	0.008780
-8.036587	0.008825
-8.032660	0.008871
-8.028733	0.008917
-8.024806	0.008964
-8.020879	0.009011
-8.016952	0.009059
-8.013025	0.009107
-8.009098	0.009155
-8.005171	0.009205
-8.001244	0.009254
-7.997317	0.009304
-7.993390	0.009355
-7.989463	0.009406
-7.985536	0.009458
-7.981609	0.009511
-7.977682	0.009564
-7.973755	0.009617
-7.969828	0.009672
-7.965901	0.009726
-7.961974	0.009782
-7.958047	0.009838
-7.954120	0.009895
-7.950193	0.009952
-7.946266	0.010010
-7.942339	0.010069
-7.938412	0.010128
-7.934485	0.010189
-7.930558	0.010250
-7.926631	0.010311
-7.922704	0.010374
-7.918777	0.010437
-7.914850	0.010501
-7.910923	0.010566
-7.906996	0.010632
-7.903069	0.010699
-7.899142	0.010766
-7.895215	0.010835
-7.891288	0.010904
-7.887361	0.010975
-7.883434	0.011046
-7.879507	0.011118
-7.875580	0.011192
-7.871653	0.011267
-7.867726	0.011343
-7.863799	0.011420
-7.859872	0.011498
-7.855945	0.011577
-7.852018	0.011658
-7.848091	0.011740
-7.844164	0.011824
-7.840237	0.011908
-7.836310	0.011995
-7.832383	0.012082
-7.828456	0.012171
-7.824529	0.012261
-7.820602	0.012352
-7.816675	0.012445
-7.812748	0.012538
-7.808821	0.012632
-7.804894	0.012727
-7.800967	0.012823
-7.797040	0.012919
-7.793113	0.013016
-7.789186	0.013115
-7.785259	0.013214
-7.781332	0.013315
-7.777405	0.013418
-7.773478	0.013522
-7.769551	0.013629
-7.765624	0.013738
-7.761697	0.013849
-7.757770	0.013963
-7.753843	0.014079
-7.749916	0.014199
-7.745989	0.014321
-7.742062	0.014446
-7.738135	0.014575
-7.734208	0.014707
-7.730281	0.014843
-7.726354	0.014982
-7.722427	0.015126
-7.718500	0.015274
-7.714573	0.015426
-7.710646	0.015583
-7.706719	0.015745
-7.702792	0.015912
-7.698865	0.016085
-7.694939	0.016264
-7.691012	0.016448
-7.687085	0.016640
-7.683158	0.016837
-7.679231	0.017041
-7.675304	0.017250
-7.671377	0.017466
-7.667450	0.017685
-7.663523	0.017908
-7.659596	0.018132
-7.655669	0.018355
-7.651742	0.018576
-7.647815	0.018791
-7.643888	0.018999
-7.639961	0.019197
-7.636034	0.019387
-7.632107	0.019568
-7.628180	0.019741
-7.624253	0.019908
-7.620326	0.020073
-7.616399	0.020237
-7.612472	0.020404
-7.608545	0.020575
-7.604618	0.020753
-7.600691	0.020938
-7.596764	0.021132
-7.592837	0.021336
-7.588910	0.021549
-7.584983	0.021774
-7.581056	0.022009
-7.577129	0.022255
-7.573202	0.022513
-7.569275	0.022782
-7.565348	0.023062
-7.561421	0.023354
-7.557494	0.023657
-7.553567	0.023973
-7.549640	0.024302
-7.545713	0.024643
-7.541786	0.024997
-7.537859	0.025366
-7.533932	0.025748
-7.530005	0.026145
-7.526078	0.026558
-7.522151	0.026988
-7.518224	0.027434
-7.514297	0.027898
-7.510370	0.028381
-7.506443	0.028884
-7.502516	0.029408
-7.498589	0.029954
-7.494662	0.030524
-7.490735	0.031118
-7.486808	0.031740
-7.482881	0.032389
-7.478954	0.033069
-7.475027	0.033781
-7.471100	0.034528
-7.467173	0.035311
-7.463246	0.036133
-7.459319	0.036998
-7.455392	0.037909
-7.451465	0.038868
-7.447538	0.039881
-7.443611	0.040950
-7.439684	0.042082
-7.435757	0.043281
-7.431830	0.044554
-7.427903	0.045906
-7.423976	0.047345
-7.420049	0.048880
-7.416122	0.050519
-7.412195	0.052271
-7.408268	0.054149
-7.404341	0.056165
-7.400414	0.058332
-7.396487	0.060665
-7.392560	0.063182
-7.388633	0.065903
-7.384706	0.068847
-7.380779	0.072038
-7.376852	0.075503
-7.372925	0.079270
-7.368998	0.083371
-7.365071	0.087837
-7.361144	0.092706
-7.357217	0.098013
-7.353290	0.103796
-7.349363	0.110090
-7.345436	0.116926
-7.341509	0.124328
-7.337582	0.132305
-7.333655	0.140848
-7.329728	0.149920
-7.325801	0.159447
-7.321874	0.169311
-7.317947	0.179337
-7.314020	0.189293
-7.310093	0.198891
-7.306166	0.207793
-7.302239	0.215634
-7.298312	0.222052
-7.294385	0.226727
-7.290458	0.229420
-7.286531	0.230009
-7.282604	0.228505
-7.278677	0.225053
-7.274750	0.219911
-7.270823	0.213418
-7.266897	0.205948
-7.262970	0.197873
-7.259043	0.189532
-7.255116	0.181213
-7.251189	0.173142
-7.247262	0.165486
-7.243335	0.158358
-7.239408	0.151826
-7.235481	0.145923
-7.231554	0.140660
-7.227627	0.136026
-7.223700	0.132003
-7.219773	0.128564
-7.215846	0.125681
-7.211919	0.123326
-7.207992	0.121471
-7.204065	0.120091
-7.200138	0.119165
-7.196211	0.118676
-7.192284	0.118610
-7.188357	0.118957
-7.184430	0.119711
-7.180503	0.120871
-7.176576	0.122441
-7.172649	0.124426
-7.168722	0.126838
-7.164795	0.129692
-7.160868	0.133009
-7.156941	0.136813
-7.153014	0.141133
-7.149087	0.146002
-7.145160	0.151458
-7.141233	0.157541
-7.137306	0.164297
-7.133379	0.171772
-7.129452	0.180012
-7.125525	0.189065
-7.121598	0.198972
-7.117671	0.209770
-7.113744	0.221483
-7.109817	0.234125
-7.105890	0.247690
-7.101963	0.262149
-7.098036	0.277446
-7.094109	0.293484
-7.090182	0.310120
-7.086255	0.327151
-7.082328	0.344303
-7.078401	0.361225
-7.074474	0.377499
-7.070547	0.392653
-7.066620	0.406193
-7.062693	0.417643
-7.058766	0.426589
-7.054839	0.432716
-7.050912	0.435834
-7.046985	0.435899
-7.043058	0.433002
-7.039131	0.427359
-7.035204	0.419281
-7.031277	0.409143
-7.027350	0.397354
-7.023423	0.384332
-7.019496	0.370484
-7.015569	0.356193
-7.011642	0.341811
-7.007715	0.327647
-7.003788	0.313965
-6.999861	0.300975
-6.995934	0.288837
-6.992007	0.277659
-6.988080	0.267503
-6.984153	0.258396
-6.980226	0.250335
-6.976299	0.243296
-6.972372	0.237246
-6.968445	0.232143
-6.964518	0.227947
-6.960591	0.224621
-6.956664	0.222134
-6.952737	0.220459
-6.948810	0.219576
-6.944883	0.219473
-6.940956	0.220140
-6.937029	0.221575
-6.933102	0.223781
-6.929175	0.226767
-6.925248	0.230548
-6.921321	0.235145
-6.917394	0.240584
-6.913467	0.246900
-6.909540	0.254133
-6.905613	0.262329
-6.901686	0.271542
-6.897759	0.281832
-6.893832	0.293269
-6.889905	0.305928
-6.885978	0.319896
-6.882051	0.335274
-6.878124	0.352176
-6.874197	0.370735
-6.870270	0.391098
-6.866343	0.413432
-6.862416	0.437909
-6.858489	0.464705
-6.854562	0.493979
-6.850635	0.525859
-6.846708	0.560414
-6.842781	0.597628
-6.838855	0.637363
-6.834928	0.679326
-6.831001	0.723030
-6.827074	0.767772
-6.823147	0.812628
-6.819220	0.856477
-6.815293	0.898065
-6.811366	0.936104
-6.807439	0.969390
-6.803512	0.996912
-6.799585	1.017929
-6.795658	1.032005
-6.791731	1.038994
-6.787804	1.039014
-6.783877	1.032418
-6.779950	1.019774
-6.776023	1.001840
-6.772096	0.979519
-6.768169	0.953788
-6.764242	0.925596
-6.760315	0.895771
-6.756388	0.864959
-6.752461	0.833618
-6.748534	0.802060
-6.744607	0.770520
-6.740680	0.739229
-6.736753	0.708456
-6.732826	0.678522
-6.728899	0.649783
-6.724972	0.622601
-6.721045	0.597306
-6.717118	0.574171
-6.713191	0.553399
-6.709264	0.535123
-6.705337	0.519413
-6.701410	0.506288
-6.697483	0.495731
-6.693556	0.487697
-6.689629	0.482120
-6.685702	0.478913
-6.681775	0.477973
-6.677848	0.479172
-6.673921	0.482359
-6.669994	0.487350
-6.666067	0.493930
-6.662140	0.501853
-6.658213	0.510839
-6.654286	0.520586
-6.650359	0.530778
-6.646432	0.541109
-6.642505	0.551302
-6.638578	0.561142
-6.634651	0.570498
-6.630724	0.579330
-6.626797	0.587677
-6.622870	0.595626
-6.618943	0.603263
-6.615016	0.610637
-6.611089	0.617729
-6.607162	0.624454
-6.603235	0.630674
-6.599308	0.636233
-6.595381	0.640982
-6.591454	0.644798
-6.587527	0.647582
-6.583600	0.649242
-6.579673	0.649680
-6.575746	0.648786
-6.571819	0.646454
-6.567892	0.642609
-6.563965	0.637265
-6.560038	0.630596
-6.556111	0.623007
-6.552184	0.615185
-6.548257	0.608068
-6.544330	0.602733
-6.540403	0.600180
-6.536476	0.601099
-6.532549	0.605707
-6.528622	0.613713
-6.524695	0.624406
-6.520768	0.636806
-6.516841	0.649793
-6.512914	0.662207
-6.508987	0.672919
-6.505060	0.680913
-6.501133	0.685366
-6.497206	0.685729
-6.493279	0.681789
-6.489352	0.673712
-6.485425	0.662023
-6.481498	0.647542
-6.477571	0.631238
-6.473644	0.614048
-6.469717	0.596702
-6.465790	0.579623
-6.461863	0.562943
-6.457936	0.546609
-6.454009	0.530536
-6.450082	0.514710
-6.446155	0.499230
-6.442228	0.484280
-6.438301	0.470074
-6.434374	0.456811
-6.430447	0.444646
-6.426520	0.433691
-6.422593	0.424017
-6.418666	0.415661
-6.414739	0.408619
-6.410813	0.402838
-6.406886	0.398203
-6.402959	0.394538
-6.399032	0.391623
-6.395105	0.389211
-6.391178	0.387058
-6.387251	0.384930
-6.383324	0.382608
-6.379397	0.379888
-6.375470	0.376585
-6.371543	0.372545
-6.367616	0.367669
-6.363689	0.361932
-6.359762	0.355398
-6.355835	0.348217
-6.351908	0.340604
-6.347981	0.332812
-6.344054	0.325098
-6.340127	0.317697
-6.336200	0.310799
-6.332273	0.304546
-6.328346	0.299025
-6.324419	0.294274
-6.320492	0.290289
-6.316565	0.287035
-6.312638	0.284461
-6.308711	0.282512
-6.304784	0.281139
-6.300857	0.280309
-6.296930	0.280001
-6.293003	0.280206
-6.289076	0.280926
-6.285149	0.282162
-6.281222	0.283924
-6.277295	0.286222
-6.273368	0.289077
-6.269441	0.292513
-6.265514	0.296563
-6.261587	0.301258
-6.257660	0.306621
-6.253733	0.312660
-6.249806	0.319357
-6.245879	0.326665
-6.241952	0.334511
-6.238025	0.342796
-6.234098	0.351408
-6.230171	0.360243
-6.226244	0.369218
-6.222317	0.378292
-6.218390	0.387473
-6.214463	0.396806
-6.210536	0.406350
-6.206609	0.416143
-6.202682	0.426179
-6.198755	0.436400
-6.194828	0.446707
-6.190901	0.456979
-6.186974	0.467088
-6.183047	0.476904
-6.179120	0.486293
-6.175193	0.495123
-6.171266	0.503272
-6.167339	0.510650
-6.163412	0.517223
-6.159485	0.523044
-6.155558	0.528276
-6.151631	0.533182
-6.147704	0.538092
-6.143777	0.543326
-6.139850	0.549112
-6.135923	0.555518
-6.131996	0.562426
-6.128069	0.569558
-6.124142	0.576530
-6.120215	0.582919
-6.116288	0.588332
-6.112361	0.592462
-6.108434	0.595121
-6.104507	0.596268
-6.100580	0.596004
-6.096653	0.594546
-6.092726	0.592159
-6.088799	0.589078
-6.084872	0.585430
-6.080945	0.581203
-6.077018	0.576254
-6.073091	0.570370
-6.069164	0.563348
-6.065237	0.555073
-6.061310	0.545573
-6.057383	0.535028
-6.053456	0.523745
-6.049529	0.512096
-6.045602	0.500461
-6.041675	0.489173
-6.037748	0.478496
-6.033821	0.468620
-6.029894	0.459666
-6.025967	0.451706
-6.022040	0.444772
-6.018113	0.438868
-6.014186	0.433970
-6.010259	0.430017
-6.006332	0.426914
-6.002405	0.424527
-5.998478	0.422700
-5.994551	0.421263
-5.990624	0.420048
-5.986698	0.418899
-5.982771	0.417672
-5.978844	0.416243
-5.974917	0.414517
-5.970990	0.412428
-5.967063	0.409943
-5.963136	0.407051
-5.959209	0.403754
-5.955282	0.400064
-5.951355	0.396016
-5.947428	0.391702
-5.943501	0.387300
-5.939574	0.383098
-5.935647	0.379474
-5.931720	0.376836
-5.927793	0.375529
-5.923866	0.375737
-5.919939	0.377421
-5.916012	0.380306
-5.912085	0.383943
-5.908158	0.387817
-5.904231	0.391468
-5.900304	0.394586
-5.896377	0.397052
-5.892450	0.398926
-5.888523	0.400390
-5.884596	0.401666
-5.880669	0.402932
-5.876742	0.404248
-5.872815	0.405502
-5.868888	0.406404
-5.864961	0.406526
-5.861034	0.405389
-5.857107	0.402575
-5.853180	0.397824
-5.849253	0.391095
-5.845326	0.382565
-5.841399	0.372587
-5.837472	0.361620
-5.833545	0.350150
-5.829618	0.338634
-5.825691	0.327454
-5.821764	0.316903
-5.817837	0.307179
-5.813910	0.298400
-5.809983	0.290620
-5.806056	0.283851
-5.802129	0.278081
-5.798202	0.273299
-5.794275	0.269499
-5.790348	0.266692
-5.786421	0.264898
-5.782494	0.264133
-5.778567	0.264397
-5.774640	0.265660
-5.770713	0.267866
-5.766786	0.270932
-5.762859	0.274762
-5.758932	0.279251
-5.755005	0.284294
-5.751078	0.289786
-5.747151	0.295627
-5.743224	0.301733
-5.739297	0.308046
-5.735370	0.314548
-5.731443	0.321270
-5.727516	0.328282
-5.723589	0.335694
-5.719662	0.343637
-5.715735	0.352268
-5.711808	0.361779
-5.707881	0.372417
-5.703954	0.384500
-5.700027	0.398394
-5.696100	0.414457
-5.692173	0.432940
-5.688246	0.453868
-5.684319	0.476949
-5.680392	0.501533
-5.676465	0.526667
-5.672538	0.551224
-5.668611	0.574080
-5.664684	0.594290
-5.660757	0.611218
-5.656830	0.624593
-5.652903	0.634516
-5.648976	0.641433
-5.645049	0.646115
-5.641122	0.649633
-5.637195	0.653311
-5.633268	0.658571
-5.629341	0.666625
-5.625414	0.678016
-5.621487	0.692164
-5.617560	0.707161
-5.613633	0.720061
-5.609706	0.727672
-5.605779	0.727563
-5.601852	0.718834
-5.597925	0.702317
-5.593998	0.680151
-5.590071	0.654984
-5.586144	0.629169
-5.582217	0.604224
-5.578290	0.580677
-5.574363	0.558268
-5.570436	0.536379
-5.566509	0.514466
-5.562582	0.492307
-5.558656	0.470026
-5.554729	0.447976
-5.550802	0.426585
-5.546875	0.406244
-5.542948	0.387249
-5.539021	0.369791
-5.535094	0.353968
-5.531167	0.339809
-5.527240	0.327297
-5.523313	0.316388
-5.519386	0.307026
-5.515459	0.299147
-5.511532	0.292694
-5.507605	0.287614
-5.503678	0.283861
-5.499751	0.281401
-5.495824	0.280204
-5.491897	0.280250
-5.487970	0.281524
-5.484043	0.284015
-5.480116	0.287709
-5.476189	0.292591
-5.472262	0.298635
-5.468335	0.305801
-5.464408	0.314023
-5.460481	0.323200
-5.456554	0.333179
-5.452627	0.343742
-5.448700	0.354591
-5.444773	0.365339
-5.440846	0.375521
-5.436919	0.384613
-5.432992	0.392074
-5.429065	0.397406
-5.425138	0.400209
-5.421211	0.400247
-5.417284	0.397473
-5.413357	0.392048
-5.409430	0.384308
-5.405503	0.374722
-5.401576	0.363822
-5.397649	0.352148
-5.393722	0.340191
-5.389795	0.328364
-5.385868	0.316987
-5.381941	0.306291
-5.378014	0.296426
-5.374087	0.287481
-5.370160	0.279497
-5.366233	0.272491
-5.362306	0.266461
-5.358379	0.261401
-5.354452	0.257304
-5.350525	0.254169
-5.346598	0.251998
-5.342671	0.250795
-5.338744	0.250572
-5.334817	0.251345
-5.330890	0.253132
-5.326963	0.255961
-5.323036	0.259861
-5.319109	0.264870
-5.315182	0.271027
-5.311255	0.278376
-5.307328	0.286961
-5.303401	0.296821
-5.299474	0.307984
-5.295547	0.320458
-5.291620	0.334220
-5.287693	0.349200
-5.283766	0.365266
-5.279839	0.382207
-5.275912	0.399714
-5.271985	0.417380
-5.268058	0.434694
-5.264131	0.451069
-5.260204	0.465876
-5.256277	0.478501
-5.252350	0.488409
-5.248423	0.495207
-5.244496	0.498687
-5.240569	0.498844
-5.236642	0.495873
-5.232715	0.490137
-5.228788	0.482129
-5.224861	0.472419
-5.220934	0.461611
-5.217007	0.450299
-5.213080	0.439032
-5.209153	0.428295
-5.205226	0.418490
-5.201299	0.409938
-5.197372	0.402886
-5.193445	0.397515
-5.189518	0.393954
-5.185591	0.392295
-5.181664	0.392603
-5.177737	0.394926
-5.173810	0.399301
-5.169883	0.405758
-5.165956	0.414316
-5.162029	0.424984
-5.158102	0.437752
-5.154175	0.452577
-5.150248	0.469373
-5.146321	0.487992
-5.142394	0.508208
-5.138467	0.529701
-5.134540	0.552055
-5.130614	0.574757
-5.126687	0.597225
-5.122760	0.618843
-5.118833	0.639016
-5.114906	0.657224
-5.110979	0.673071
-5.107052	0.686315
-5.103125	0.696875
-5.099198	0.704816
-5.095271	0.710317
-5.091344	0.713636
-5.087417	0.715074
-5.083490	0.714939
-5.079563	0.713533
-5.075636	0.711129
-5.071709	0.707971
-5.067782	0.704269
-5.063855	0.700198
-5.059928	0.695904
-5.056001	0.691508
-5.052074	0.687106
-5.048147	0.682778
-5.044220	0.678587
-5.040293	0.674580
-5.036366	0.670793
-5.032439	0.667246
-5.028512	0.663941
-5.024585	0.660861
-5.020658	0.657960
-5.016731	0.655168
-5.012804	0.652395
-5.008877	0.649547
-5.004950	0.646552
-5.001023	0.643385
-4.997096	0.640094
-4.993169	0.636792
-4.989242	0.633645
-4.985315	0.630834
-4.981388	0.628514
-4.977461	0.626783
-4.973534	0.625668
-4.969607	0.625118
-4.965680	0.625029
-4.961753	0.625252
-4.957826	0.625622
-4.953899	0.625967
-4.949972	0.626115
-4.946045	0.625898
-4.942118	0.625153
-4.938191	0.623716
-4.934264	0.621420
-4.930337	0.618098
-4.926410	0.613578
-4.922483	0.607695
-4.918556	0.600293
-4.914629	0.591251
-4.910702	0.580498
-4.906775	0.568040
-4.902848	0.553979
-4.898921	0.538522
-4.894994	0.521974
-4.891067	0.504712
-4.887140	0.487158
-4.883213	0.469734
-4.879286	0.452829
-4.875359	0.436773
-4.871432	0.421825
-4.867505	0.408164
-4.863578	0.395900
-4.859651	0.385076
-4.855724	0.375686
-4.851797	0.367682
-4.847870	0.360991
-4.843943	0.355523
-4.840016	0.351188
-4.836089	0.347901
-4.832162	0.345591
-4.828235	0.344209
-4.824308	0.343727
-4.820381	0.344139
-4.816454	0.345458
-4.812527	0.347716
-4.808600	0.350958
-4.804673	0.355243
-4.800746	0.360645
-4.796819	0.367242
-4.792892	0.375117
-4.788965	0.384350
-4.785038	0.395000
-4.781111	0.407093
-4.777184	0.420606
-4.773257	0.435444
-4.769330	0.451425
-4.765403	0.468259
-4.761476	0.485539
-4.757549	0.502736
-4.753622	0.519214
-4.749695	0.534260
-4.745768	0.547138
-4.741841	0.557158
-4.737914	0.563757
-4.733987	0.566575
-4.730060	0.565508
-4.726133	0.560720
-4.722206	0.552622
-4.718279	0.541802
-4.714352	0.528944
-4.710425	0.514747
-4.706498	0.499859
-4.702572	0.484837
-4.698645	0.470142
-4.694718	0.456134
-4.690791	0.443097
-4.686864	0.431251
-4.682937	0.420766
-4.679010	0.411776
-4.675083	0.404384
-4.671156	0.398669
-4.667229	0.394689
-4.663302	0.392492
-4.659375	0.392113
-4.655448	0.393586
-4.651521	0.396943
-4.647594	0.402219
-4.643667	0.409455
-4.639740	0.418696
-4.635813	0.429990
-4.631886	0.443391
-4.627959	0.458947
-4.624032	0.476701
-4.620105	0.496672
-4.616178	0.518847
-4.612251	0.543153
-4.608324	0.569439
-4.604397	0.597442
-4.600470	0.626766
-4.596543	0.656852
-4.592616	0.686965
-4.588689	0.716193
-4.584762	0.743473
-4.580835	0.767661
-4.576908	0.787642
-4.572981	0.802470
-4.569054	0.811506
-4.565127	0.814515
-4.561200	0.811677
-4.557273	0.803516
-4.553346	0.790778
-4.549419	0.774290
-4.545492	0.754858
-4.541565	0.733205
-4.537638	0.709959
-4.533711	0.685661
-4.529784	0.660789
-4.525857	0.635774
-4.521930	0.611003
-4.518003	0.586814
-4.514076	0.563496
-4.510149	0.541280
-4.506222	0.520344
-4.502295	0.500816
-4.498368	0.482787
-4.494441	0.466312
-4.490514	0.451423
-4.486587	0.438126
-4.482660	0.426410
-4.478733	0.416250
-4.474806	0.407608
-4.470879	0.400446
-4.466952	0.394725
-4.463025	0.390416
-4.459098	0.387497
-4.455171	0.385965
-4.451244	0.385823
-4.447317	0.387091
-4.443390	0.389797
-4.439463	0.393980
-4.435536	0.399688
-4.431609	0.406983
-4.427682	0.415941
-4.423755	0.426653
-4.419828	0.439229
-4.415901	0.453800
-4.411974	0.470516
-4.408047	0.489545
-4.404120	0.511071
-4.400193	0.535292
-4.396266	0.562407
-4.392339	0.592610
-4.388412	0.626077
-4.384485	0.662938
-4.380558	0.703259
-4.376631	0.746998
-4.372704	0.793961
-4.368777	0.843752
-4.364850	0.895714
-4.360923	0.948882
-4.356996	1.001947
-4.353069	1.053264
-4.349142	1.100907
-4.345215	1.142784
-4.341288	1.176816
-4.337361	1.201156
-4.333434	1.214404
-4.329507	1.215797
-4.325580	1.205300
-4.321653	1.183612
-4.317726	1.152063
-4.313799	1.112431
-4.309872	1.066730
-4.305945	1.017001
-4.302018	0.965139
-4.298091	0.912784
-4.294164	0.861265
-4.290237	0.811588
-4.286310	0.764468
-4.282383	0.720367
-4.278456	0.679542
-4.274530	0.642095
-4.270603	0.608015
-4.266676	0.577214
-4.262749	0.549558
-4.258822	0.524883
-4.254895	0.503017
-4.250968	0.483790
-4.247041	0.467040
-4.243114	0.452618
-4.239187	0.440390
-4.235260	0.430241
-4.231333	0.422065
-4.227406	0.415768
-4.223479	0.411259
-4.219552	0.408443
-4.215625	0.407214
-4.211698	0.407448
-4.207771	0.409003
-4.203844	0.411718
-4.199917	0.415428
-4.195990	0.419970
-4.192063	0.425200
-4.188136	0.431000
-4.184209	0.437290
-4.180282	0.444030
-4.176355	0.451222
-4.172428	0.458920
-4.168501	0.467226
-4.164574	0.476281
-4.160647	0.486257
-4.156720	0.497323
-4.152793	0.509623
-4.148866	0.523249
-4.144939	0.538219
-4.141012	0.554464
-4.137085	0.571815
-4.133158	0.590005
-4.129231	0.608666
-4.125304	0.627335
-4.121377	0.645465
-4.117450	0.662451
-4.113523	0.677659
-4.109596	0.690477
-4.105669	0.700356
-4.101742	0.706843
-4.097815	0.709596
-4.093888	0.708408
-4.089961	0.703242
-4.086034	0.694285
-4.082107	0.682004
-4.078180	0.667153
-4.074253	0.650730
-4.070326	0.633852
-4.066399	0.617571
-4.062472	0.602668
-4.058545	0.589518
-4.054618	0.578105
-4.050691	0.568198
-4.046764	0.559593
-4.042837	0.552272
-4.038910	0.546418
-4.034983	0.542290
-4.031056	0.540090
-4.027129	0.539855
-4.023202	0.541415
-4.019275	0.544389
-4.015348	0.548235
-4.011421	0.552351
-4.007494	0.556192
-4.003567	0.559394
-3.999640	0.561862
-3.995713	0.563783
-3.991786	0.565571
-3.987859	0.567763
-3.983932	0.570915
-3.980005	0.575521
-3.976078	0.581961
-3.972151	0.590484
-3.968224	0.601199
-3.964297	0.614069
-3.960370	0.628911
-3.956443	0.645389
-3.952516	0.663020
-3.948589	0.681184
-3.944662	0.699154
-3.940735	0.716145
-3.936808	0.731383
-3.932881	0.744177
-3.928954	0.753994
-3.925027	0.760512
-3.921100	0.763644
-3.917173	0.763518
-3.913246	0.760437
-3.909319	0.754815
-3.905392	0.747122
-3.901465	0.737842
-3.897538	0.727450
-3.893611	0.716406
-3.889684	0.705145
-3.885757	0.694084
-3.881830	0.683620
-3.877903	0.674128
-3.873976	0.665956
-3.870049	0.659413
-3.866122	0.654766
-3.862195	0.652241
-3.858268	0.652031
-3.854341	0.654307
-3.850414	0.659221
-3.846488	0.666899
-3.842561	0.677436
-3.838634	0.690884
-3.834707	0.707250
-3.830780	0.726497
-3.826853	0.748545
-3.822926	0.773267
-3.818999	0.800485
-3.815072	0.829955
-3.811145	0.861356
-3.807218	0.894284
-3.803291	0.928243
-3.799364	0.962656
-3.795437	0.996875
-3.791510	1.030204
-3.787583	1.061939
-3.783656	1.091414
-3.779729	1.118054
-3.775802	1.141431
-3.771875	1.161294
-3.767948	1.177584
-3.764021	1.190417
-3.760094	1.200047
-3.756167	1.206823
-3.752240	1.211140
-3.748313	1.213402
-3.744386	1.213991
-3.740459	1.213245
-3.736532	1.211454
-3.732605	1.208848
-3.728678	1.205605
-3.724751	1.201851
-3.720824	1.197673
-3.716897	1.193127
-3.712970	1.188253
-3.709043	1.183084
-3.705116	1.177664
-3.701189	1.172043
-3.697262	1.166282
-3.693335	1.160442
-3.689408	1.154570
-3.685481	1.148686
-3.681554	1.142776
-3.677627	1.136794
-3.673700	1.130667
-3.669773	1.124316
-3.665846	1.117656
-3.661919	1.110605
-3.657992	1.103062
-3.654065	1.094881
-3.650138	1.085837
-3.646211	1.075604
-3.642284	1.063757
-3.638357	1.049820
-3.634430	1.033339
-3.630503	1.013984
-3.626576	0.991637
-3.622649	0.966452
-3.618722	0.938856
-3.614795	0.909498
-3.610868	0.879169
-3.606941	0.848702
-3.603014	0.818885
-3.599087	0.790404
-3.595160	0.763810
-3.591233	0.739510
-3.587306	0.717786
-3.583379	0.698810
-3.579452	0.682676
-3.575525	0.669417
-3.571598	0.659034
-3.567671	0.651508
-3.563744	0.646815
-3.559817	0.644938
-3.555890	0.645870
-3.551963	0.649624
-3.548036	0.656234
-3.544109	0.665755
-3.540182	0.678269
-3.536255	0.693881
-3.532328	0.712718
-3.528401	0.734926
-3.524474	0.760666
-3.520547	0.790102
-3.516620	0.823392
-3.512693	0.860668
-3.508766	0.902014
-3.504839	0.947433
-3.500912	0.996815
-3.496985	1.049891
-3.493058	1.106196
-3.489131	1.165035
-3.485204	1.225469
-3.481277	1.286327
-3.477350	1.346259
-3.473423	1.403823
-3.469496	1.457603
-3.465569	1.506325
-3.461642	1.548973
-3.457715	1.584852
-3.453788	1.613625
-3.449861	1.635298
-3.445934	1.650187
-3.442007	1.658868
-3.438080	1.662121
-3.434153	1.660865
-3.430226	1.656076
-3.426299	1.648698
-3.422372	1.639535
-3.418446	1.629167
-3.414519	1.617883
-3.410592	1.605675
-3.406665	1.592288
-3.402738	1.577324
-3.398811	1.560375
-3.394884	1.541158
-3.390957	1.519613
-3.387030	1.495941
-3.383103	1.470581
-3.379176	1.444122
-3.375249	1.417201
-3.371322	1.390404
-3.367395	1.364199
-3.363468	1.338910
-3.359541	1.314730
-3.355614	1.291750
-3.351687	1.270000
-3.347760	1.249475
-3.343833	1.230164
-3.339906	1.212052
-3.335979	1.195125
-3.332052	1.179373
-3.328125	1.164782
-3.324198	1.151334
-3.320271	1.139006
-3.316344	1.127774
-3.312417	1.117606
-3.308490	1.108470
-3.304563	1.100331
-3.300636	1.093157
-3.296709	1.086912
-3.292782	1.081566
-3.288855	1.077089
-3.284928	1.073454
-3.281001	1.070634
-3.277074	1.068609
-3.273147	1.067356
-3.269220	1.066858
-3.265293	1.067095
-3.261366	1.068050
-3.257439	1.069704
-3.253512	1.072035
-3.249585	1.075018
-3.245658	1.078621
-3.241731	1.082808
-3.237804	1.087529
-3.233877	1.092724
-3.229950	1.098322
-3.226023	1.104237
-3.222096	1.110373
-3.218169	1.116627
-3.214242	1.122904
-3.210315	1.129124
-3.206388	1.135248
-3.202461	1.141301
-3.198534	1.147395
-3.194607	1.153742
-3.190680	1.160656
-3.186753	1.168531
-3.182826	1.177789
-3.178899	1.188804
-3.174972	1.201816
-3.171045	1.216840
-3.167118	1.233589
-3.163191	1.251429
-3.159264	1.269376
-3.155337	1.286151
-3.151410	1.300278
-3.147483	1.310237
-3.143556	1.314632
-3.139629	1.312355
-3.135702	1.302710
-3.131775	1.285476
-3.127848	1.260908
-3.123921	1.229690
-3.119994	1.192848
-3.116067	1.151641
-3.112140	1.107451
-3.108213	1.061667
-3.104286	1.015594
-3.100359	0.970378
-3.096432	0.926967
-3.092505	0.886090
-3.088578	0.848273
-3.084651	0.813861
-3.080724	0.783050
-3.076797	0.755929
-3.072870	0.732505
-3.068943	0.712734
-3.065016	0.696543
-3.061089	0.683840
-3.057162	0.674531
-3.053235	0.668516
-3.049308	0.665694
-3.045381	0.665957
-3.041454	0.669180
-3.037527	0.675214
-3.033600	0.683867
-3.029673	0.694898
-3.025746	0.708002
-3.021819	0.722809
-3.017892	0.738888
-3.013965	0.755770
-3.010038	0.772969
-3.006111	0.790029
-3.002184	0.806550
-2.998257	0.822224
-2.994330	0.836850
-2.990404	0.850328
-2.986477	0.862654
-2.982550	0.873895
-2.978623	0.884165
-2.974696	0.893607
-2.970769	0.902373
-2.966842	0.910611
-2.962915	0.918459
-2.958988	0.926042
-2.955061	0.933467
-2.951134	0.940827
-2.947207	0.948200
-2.943280	0.955651
-2.939353	0.963237
-2.935426	0.971002
-2.931499	0.978987
-2.927572	0.987223
-2.923645	0.995740
-2.919718	1.004561
-2.915791	1.013708
-2.911864	1.023198
-2.907937	1.033049
-2.904010	1.043273
-2.900083	1.053883
-2.896156	1.064889
-2.892229	1.076296
-2.888302	1.088109
-2.884375	1.100328
-2.880448	1.112949
-2.876521	1.125960
-2.872594	1.139343
-2.868667	1.153070
-2.864740	1.167101
-2.860813	1.181379
-2.856886	1.195830
-2.852959	1.210352
-2.849032	1.224817
-2.845105	1.239056
-2.841178	1.252856
-2.837251	1.265950
-2.833324	1.278008
-2.829397	1.288627
-2.825470	1.297325
-2.821543	1.303539
-2.817616	1.306630
-2.813689	1.305897
-2.809762	1.300611
-2.805835	1.290067
-2.801908	1.273645
-2.797981	1.250901
-2.794054	1.221646
-2.790127	1.186013
-2.786200	1.144495
-2.782273	1.097922
-2.778346	1.047396
-2.774419	0.994181
-2.770492	0.939577
-2.766565	0.884809
-2.762638	0.830933
-2.758711	0.778796
-2.754784	0.729016
-2.750857	0.681999
-2.746930	0.637971
-2.743003	0.597013
-2.739076	0.559096
-2.735149	0.524118
-2.731222	0.491928
-2.727295	0.462346
-2.723368	0.435180
-2.719441	0.410235
-2.715514	0.387324
-2.711587	0.366265
-2.707660	0.346890
-2.703733	0.329044
-2.699806	0.312585
-2.695879	0.297383
-2.691952	0.283322
-2.688025	0.270296
-2.684098	0.258210
-2.680171	0.246979
-2.676244	0.236526
-2.672317	0.226781
-2.668390	0.217684
-2.664463	0.209179
-2.660536	0.201215
-2.656609	0.193747
-2.652682	0.186735
-2.648755	0.180142
-2.644828	0.173934
-2.640901	0.168083
-2.636974	0.162559
-2.633047	0.157340
-2.629120	0.152402
-2.625193	0.147725
-2.621266	0.143290
-2.617339	0.139081
-2.613412	0.135081
-2.609485	0.131277
-2.605558	0.127655
-2.601631	0.124204
-2.597704	0.120913
-2.593777	0.117771
-2.589850	0.114769
-2.585923	0.111899
-2.581996	0.109153
-2.578069	0.106523
-2.574142	0.104002
-2.570215	0.101584
-2.566288	0.099264
-2.562362	0.097036
-2.558435	0.094894
-2.554508	0.092835
-2.550581	0.090853
-2.546654	0.088946
-2.542727	0.087107
-2.538800	0.085336
-2.534873	0.083627
-2.530946	0.081978
-2.527019	0.080386
-2.523092	0.078848
-2.519165	0.077362
-2.515238	0.075924
-2.511311	0.074534
-2.507384	0.073188
-2.503457	0.071886
-2.499530	0.070623
-2.495603	0.069400
-2.491676	0.068214
-2.487749	0.067064
-2.483822	0.065948
-2.479895	0.064865
-2.475968	0.063813
-2.472041	0.062791
-2.468114	0.061798
-2.464187	0.060833
-2.460260	0.059895
-2.456333	0.058982
-2.452406	0.058094
-2.448479	0.057229
-2.444552	0.056387
-2.440625	0.055567
-2.436698	0.054769
-2.432771	0.053990
-2.428844	0.053231
-2.424917	0.052491
-2.420990	0.051770
-2.417063	0.051066
-2.413136	0.050379
-2.409209	0.049708
-2.405282	0.049053
-2.401355	0.048414
-2.397428	0.047789
-2.393501	0.047179
-2.389574	0.046582
-2.385647	0.045999
-2.381720	0.045429
-2.377793	0.044872
-2.373866	0.044326
-2.369939	0.043793
-2.366012	0.043271
-2.362085	0.042760
-2.358158	0.042260
-2.354231	0.041770
-2.350304	0.041290
-2.346377	0.040820
-2.342450	0.040360
-2.338523	0.039909
-2.334596	0.039467
-2.330669	0.039033
-2.326742	0.038609
-2.322815	0.038192
-2.318888	0.037783
-2.314961	0.037383
-2.311034	0.036990
-2.307107	0.036604
-2.303180	0.036225
-2.299253	0.035854
-2.295326	0.035489
-2.291399	0.035131
-2.287472	0.034779
-2.283545	0.034434
-2.279618	0.034095
-2.275691	0.033762
-2.271764	0.033434
-2.267837	0.033112
-2.263910	0.032796
-2.259983	0.032486
-2.256056	0.032180
-2.252129	0.031880
-2.248202	0.031585
-2.244275	0.031294
-2.240348	0.031009
-2.236421	0.030728
-2.232494	0.030452
-2.228567	0.030180
-2.224640	0.029912
-2.220713	0.029649
-2.216786	0.029390
-2.212859	0.029135
-2.208932	0.028884
-2.205005	0.028637
-2.201078	0.028394
-2.197151	0.028154
-2.193224	0.027918
-2.189297	0.027686
-2.185370	0.027457
-2.181443	0.027232
-2.177516	0.027010
-2.173589	0.026791
-2.169662	0.026575
-2.165735	0.026363
-2.161808	0.026153
-2.157881	0.025947
-2.153954	0.025743
-2.150027	0.025543
-2.146100	0.025345
-2.142173	0.025150
-2.138246	0.024958
-2.134320	0.024768
-2.130393	0.024581
-2.126466	0.024397
-2.122539	0.024215
-2.118612	0.024036
-2.114685	0.023859
-2.110758	0.023684
-2.106831	0.023512
-2.102904	0.023342
-2.098977	0.023174
-2.095050	0.023008
-2.091123	0.022845
-2.087196	0.022684
-2.083269	0.022524
-2.079342	0.022367
-2.075415	0.022212
-2.071488	0.022059
-2.067561	0.021908
-2.063634	0.021758
-2.059707	0.021611
-2.055780	0.021465
-2.051853	0.021321
-2.047926	0.021179
-2.043999	0.021039
-2.040072	0.020900
-2.036145	0.020763
-2.032218	0.020627
-2.028291	0.020494
-2.024364	0.020362
-2.020437	0.020231
-2.016510	0.020102
-2.012583	0.019975
-2.008656	0.019849
-2.004729	0.019724
-2.000802	0.019601
-1.996875	0.019479
-1.992948	0.019359
-1.989021	0.019240
-1.985094	0.019123
-1.981167	0.019006
-1.977240	0.018891
-1.973313	0.018778
-1.969386	0.018665
-1.965459	0.018554
-1.961532	0.018444
-1.957605	0.018336
-1.953678	0.018228
-1.949751	0.018122
-1.945824	0.018017
-1.941897	0.017913
-1.937970	0.017810
-1.934043	0.017708
-1.930116	0.017608
-1.926189	0.017508
-1.922262	0.017409
-1.918335	0.017312
-1.914408	0.017215
-1.910481	0.017120
-1.906554	0.017025
-1.902627	0.016932
-1.898700	0.016839
-1.894773	0.016748
-1.890846	0.016657
-1.886919	0.016567
-1.882992	0.016479
-1.879065	0.016391
-1.875138	0.016304
-1.871211	0.016218
-1.867284	0.016132
-1.863357	0.016048
-1.859430	0.015964
-1.855503	0.015882
-1.851576	0.015800
-1.847649	0.015719
-1.843722	0.015638
-1.839795	0.015559
-1.835868	0.015480
-1.831941	0.015402
-1.828014	0.015325
-1.824087	0.015248
-1.820160	0.015172
-1.816233	0.015097
-1.812306	0.015023
-1.808379	0.014949
-1.804452	0.014876
-1.800525	0.014804
-1.796598	0.014733
-1.792671	0.014662
-1.788744	0.014591
-1.784817	0.014522
-1.780890	0.014453
-1.776963	0.014384
-1.773036	0.014317
-1.769109	0.014250
-1.765182	0.014183
-1.761255	0.014117
-1.757328	0.014052
-1.753401	0.013988
-1.749474	0.013923
-1.745547	0.013860
-1.741620	0.013797
-1.737693	0.013735
-1.733766	0.013673
-1.729839	0.013612
-1.725912	0.013551
-1.721985	0.013491
-1.718058	0.013431
-1.714131	0.013372
-1.710205	0.013313
-1.706278	0.013255
-1.702351	0.013197
-1.698424	0.013140
-1.694497	0.013084
-1.690570	0.013028
-1.686643	0.012972
-1.682716	0.012917
-1.678789	0.012862
-1.674862	0.012808
-1.670935	0.012754
-1.667008	0.012701
-1.663081	0.012648
-1.659154	0.012595
-1.655227	0.012543
-1.651300	0.012492
-1.647373	0.012441
-1.643446	0.012390
-1.639519	0.012340
-1.635592	0.012290
-1.631665	0.012240
-1.627738	0.012191
-1.623811	0.012143
-1.619884	0.012095
-1.615957	0.012047
-1.612030	0.011999
-1.608103	0.011952
-1.604176	0.011905
-1.600249	0.011859
-1.596322	0.011813
-1.592395	0.011768
-1.588468	0.011722
-1.584541	0.011678
-1.580614	0.011633
-1.576687	0.011589
-1.572760	0.011545
-1.568833	0.011502
-1.564906	0.011459
-1.560979	0.011416
-1.557052	0.011373
-1.553125	0.011331
-1.549198	0.011290
-1.545271	0.011248
-1.541344	0.011207
-1.537417	0.011166
-1.533490	0.011126
-1.529563	0.011086
-1.525636	0.011046
-1.521709	0.011006
-1.517782	0.010967
-1.513855	0.010928
-1.509928	0.010889
-1.506001	0.010851
-1.502074	0.010813
-1.498147	0.010775
-1.494220	0.010738
-1.490293	0.010700
-1.486366	0.010663
-1.482439	0.010627
-1.478512	0.010590
-1.474585	0.010554
-1.470658	0.010519
-1.466731	0.010483
-1.462804	0.010448
-1.458877	0.010413
-1.454950	0.010378
-1.451023	0.010343
-1.447096	0.010309
-1.443169	0.010275
-1.439242	0.010241
-1.435315	0.010208
-1.431388	0.010175
-1.427461	0.010142
-1.423534	0.010109
-1.419607	0.010076
-1.415680	0.010044
-1.411753	0.010012
-1.407826	0.009980
-1.403899	0.009948
-1.399972	0.009917
-1.396045	0.009886
-1.392118	0.009855
-1.388191	0.009824
-1.384264	0.009794
-1.380337	0.009764
-1.376410	0.009734
-1.372483	0.009704
-1.368556	0.009674
-1.364629	0.009645
-1.360702	0.009615
-1.356775	0.009586
-1.352848	0.009558
-1.348921	0.009529
-1.344994	0.009501
-1.341067	0.009473
-1.337140	0.009445
-1.333213	0.009417
-1.329286	0.009389
-1.325359	0.009362
-1.321432	0.009335
-1.317505	0.009308
-1.313578	0.009281
-1.309651	0.009254
-1.305724	0.009228
-1.301797	0.009201
-1.297870	0.009175
-1.293943	0.009149
-1.290016	0.009124
-1.286089	0.009098
-1.282163	0.009073
-1.278236	0.009048
-1.274309	0.009023
-1.270382	0.008998
-1.266455	0.008973
-1.262528	0.008949
-1.258601	0.008924
-1.254674	0.008900
-1.250747	0.008876
-1.246820	0.008852
-1.242893	0.008829
-1.238966	0.008805
-1.235039	0.008782
-1.231112	0.008759
-1.227185	0.008736
-1.223258	0.008713
-1.219331	0.008690
-1.215404	0.008667
-1.211477	0.008645
-1.207550	0.008623
-1.203623	0.008601
-1.199696	0.008579
-1.195769	0.008557
-1.191842	0.008535
-1.187915	0.008514
-1.183988	0.008492
-1.180061	0.008471
-1.176134	0.008450
-1.172207	0.008429
-1.168280	0.008408
-1.164353	0.008388
-1.160426	0.008367
-1.156499	0.008347
-1.152572	0.008326
-1.148645	0.008306
-1.144718	0.008286
-1.140791	0.008266
-1.136864	0.008247
-1.132937	0.008227
-1.129010	0.008208
-1.125083	0.008188
-1.121156	0.008169
-1.117229	0.008150
-1.113302	0.008131
-1.109375	0.008112
-1.105448	0.008094
-1.101521	0.008075
-1.097594	0.008057
-1.093667	0.008038
-1.089740	0.008020
-1.085813	0.008002
-1.081886	0.007984
-1.077959	0.007966
-1.074032	0.007949
-1.070105	0.007931
-1.066178	0.007914
-1.062251	0.007896
-1.058324	0.007879
-1.054397	0.007862
-1.050470	0.007845
-1.046543	0.007828
-1.042616	0.007811
-1.038689	0.007794
-1.034762	0.007778
-1.030835	0.007761
-1.026908	0.007745
-1.022981	0.007729
-1.019054	0.007713
-1.015127	0.007697
-1.011200	0.007681
-1.007273	0.007665
-1.003346	0.007649
-0.999419	0.007634
-0.995492	0.007618
-0.991565	0.007603
-0.987638	0.007587
-0.983711	0.007572
-0.979784	0.007557
-0.975857	0.007542
-0.971930	0.007527
-0.968003	0.007512
-0.964076	0.007498
-0.960149	0.007483
-0.956222	0.007469
-0.952295	0.007454
-0.948368	0.007440
-0.944441	0.007426
-0.940514	0.007412
-0.936587	0.007398
-0.932660	0.007384
-0.928733	0.007370
-0.924806	0.007356
-0.920879	0.007343
-0.916952	0.007329
-0.913025	0.007316
-0.909098	0.007302
-0.905171	0.007289
-0.901244	0.007276
-0.897317	0.007263
-0.893390	0.007250
-0.889463	0.007237
-0.885536	0.007224
-0.881609	0.007211
-0.877682	0.007198
-0.873755	0.007186
-0.869828	0.007173
-0.865901	0.007161
-0.861974	0.007149
-0.858047	0.007136
-0.854121	0.007124
-0.850194	0.007112
-0.846267	0.007100
-0.842340	0.007088
-0.838413	0.007076
-0.834486	0.007065
-0.830559	0.007053
-0.826632	0.007041
-0.822705	0.007030
-0.818778	0.007019
-0.814851	0.007007
-0.810924	0.006996
-0.806997	0.006985
-0.803070	0.006974
-0.799143	0.006963
-0.795216	0.006952
-0.791289	0.006941
-0.787362	0.006930
-0.783435	0.006919
-0.779508	0.006909
-0.775581	0.006898
-0.771654	0.006888
-0.767727	0.006877
-0.763800	0.006867
-0.759873	0.006856
-0.755946	0.006846
-0.752019	0.006836
-0.748092	0.006826
-0.744165	0.006816
-0.740238	0.006806
-0.736311	0.006796
-0.732384	0.006787
-0.728457	0.006777
-0.724530	0.006767
-0.720603	0.006758
-0.716676	0.006748
-0.712749	0.006739
-0.708822	0.006729
-0.704895	0.006720
-0.700968	0.006711
-0.697041	0.006702
-0.693114	0.006693
-0.689187	0.006684
-0.685260	0.006675
-0.681333	0.006666
-0.677406	0.006657
-0.673479	0.006648
-0.669552	0.006640
-0.665625	0.006631
-0.661698	0.006622
-0.657771	0.006614
-0.653844	0.006606
-0.649917	0.006597
-0.645990	0.006589
-0.642063	0.006581
-0.638136	0.006572
-0.634209	0.006564
-0.630282	0.006556
-0.626355	0.006548
-0.622428	0.006540
-0.618501	0.006533
-0.614574	0.006525
-0.610647	0.006517
-0.606720	0.006509
-0.602793	0.006502
-0.598866	0.006494
-0.594939	0.006487
-0.591012	0.006479
-0.587085	0.006472
-0.583158	0.006465
-0.579231	0.006457
-0.575304	0.006450
-0.571377	0.006443
-0.567450	0.006436
-0.563523	0.006429
-0.559596	0.006422
-0.555669	0.006415
-0.551742	0.006408
-0.547815	0.006402
-0.543888	0.006395
-0.539961	0.006388
-0.536034	0.006382
-0.532107	0.006375
-0.528180	0.006369
-0.524253	0.006362
-0.520326	0.006356
-0.516399	0.006350
-0.512472	0.006343
-0.508545	0.006337
-0.504618	0.006331
-0.500691	0.006325
-0.496764	0.006319
-0.492837	0.006313
-0.488910	0.006307
-0.484983	0.006301
-0.481056	0.006295
-0.477129	0.006289
-0.473202	0.006284
-0.469275	0.006278
-0.465348	0.006272
-0.461421	0.006267
-0.457494	0.006261
-0.453567	0.006256
-0.449640	0.006251
-0.445713	0.006245
-0.441786	0.006240
-0.437859	0.006235
-0.433932	0.006229
-0.430005	0.006224
-0.426079	0.006219
-0.422152	0.006214
-0.418225	0.006209
-0.414298	0.006204
-0.410371	0.006199
-0.406444	0.006195
-0.402517	0.006190
-0.398590	0.006185
-0.394663	0.006181
-0.390736	0.006176
-0.386809	0.006171
-0.382882	0.006167
-0.378955	0.006162
-0.375028	0.006158
-0.371101	0.006154
-0.367174	0.006149
-0.363247	0.006145
-0.359320	0.006141
-0.355393	0.006137
-0.351466	0.006132
-0.347539	0.006128
-0.343612	0.006124
-0.339685	0.006120
-0.335758	0.006117
-0.331831	0.006113
-0.327904	0.006109
-0.323977	0.006105
-0.320050	0.006101
-0.316123	0.006098
-0.312196	0.006094
-0.308269	0.006090
-0.304342	0.006087
-0.300415	0.006083
-0.296488	0.006080
-0.292561	0.006077
-0.288634	0.006073
-0.284707	0.006070
-0.280780	0.006067
-0.276853	0.006064
-0.272926	0.006060
-0.268999	0.006057
-0.265072	0.006054
-0.261145	0.006051
-0.257218	0.006048
-0.253291	0.006045
-0.249364	0.006042
-0.245437	0.006040
-0.241510	0.006037
-0.237583	0.006034
-0.233656	0.006031
-0.229729	0.006029
-0.225802	0.006026
-0.221875	0.006024
-0.217948	0.006021
-0.214021	0.006019
-0.210094	0.006016
-0.206167	0.006014
-0.202240	0.006012
-0.198313	0.006009
-0.194386	0.006007
-0.190459	0.006005
-0.186532	0.006003
-0.182605	0.006001
-0.178678	0.005999
-0.174751	0.005997
-0.170824	0.005995
-0.166897	0.005993
-0.162970	0.005991
-0.159043	0.005989
-0.155116	0.005987
-0.151189	0.005986
-0.147262	0.005984
-0.143335	0.005982
-0.139408	0.005981
-0.135481	0.005979
-0.131554	0.005978
-0.127627	0.005976
-0.123700	0.005975
-0.119773	0.005973
-0.115846	0.005972
-0.111919	0.005971
-0.107992	0.005970
-0.104065	0.005968
-0.100138	0.005967
-0.096211	0.005966
-0.092284	0.005965
-0.088357	0.005964
-0.084430	0.005963
-0.080503	0.005962
-0.076576	0.005961
-0.072649	0.005960
-0.068722	0.005960
-0.064795	0.005959
-0.060868	0.005958
-0.056941	0.005958
-0.053014	0.005957
-0.049087	0.005956
-0.045160	0.005956
-0.041233	0.005955
-0.037306	0.005955
-0.033379	0.005954
-0.029452	0.005954
-0.025525	0.005954
-0.021598	0.005954
-0.017671	0.005953
-0.013744	0.005953
-0.009817	0.005953
-0.005890	0.005953
-0.001963	0.005953
0.001963	0.005953
0.005890	0.005953
0.009817	0.005953
0.013744	0.005953
0.017671	0.005953
0.021598	0.005954
0.025525	0.005954
0.029452	0.005954
0.033379	0.005954
0.037306	0.005955
0.041233	0.005955
0.045160	0.005956
0.049087	0.005956
0.053014	0.005957
0.056941	0.005958
0.060868	0.005958
0.064795	0.005959
0.068722	0.005960
0.072649	0.005960
0.076576	0.005961
0.080503	0.005962
0.084430	0.005963
0.088357	0.005964
0.092284	0.005965
0.096211	0.005966
0.100138	0.005967
0.104065	0.005968
0.107992	0.005970
0.111919	0.005971
0.115846	0.005972
0.119773	0.005973
0.123700	0.005975
0.127627	0.005976
0.131554	0.005978
0.135481	0.005979
0.139408	0.005981
0.143335	0.005982
0.147262	0.005984
0.151189	0.005986
0.155116	0.005987
0.159043	0.005989
0.162970	0.005991
0.166897	0.005993
0.170824	0.005995
0.174751	0.005997
0.178678	0.005999
0.182605	0.006001
0.186532	0.006003
0.190459	0.006005
0.194386	0.006007
0.198313	0.006009
0.202240	0.006012
0.206167	0.006014
0.210094	0.006016
0.214021	0.006019
0.217948	0.006021
0.221875	0.006024
0.225802	0.006026
0.229729	0.006029
0.233656	0.006031
0.237583	0.006034
0.241510	0.006037
0.245437	0.006040
0.249364	0.006042
0.253291	0.006045
0.257218	0.006048
0.261145	0.006051
0.265072	0.006054
0.268999	0.006057
0.272926	0.006060
0.276853	0.006064
0.280780	0.006067
0.284707	0.006070
0.288634	0.006073
0.292561	0.006077
0.296488	0.006080
0.300415	0.006083
0.304342	0.006087
0.308269	0.006090
0.312196	0.006094
0.316123	0.006098
0.320050	0.006101
0.323977	0.006105
0.327904	0.006109
0.331831	0.006113
0.335758	0.006117
0.339685	0.006120
0.343612	0.006124
0.347539	0.006128
0.351466	0.006132
0.355393	0.006137
0.359320	0.006141
0.363247	0.006145
0.367174	0.006149
0.371101	0.006154
0.375028	0.006158
0.378955	0.006162
0.382882	0.006167
0.386809	0.006171
0.390736	0.006176
0.394663	0.006180
0.398590	0.006185
0.402517	0.006190
0.406444	0.006195
0.410371	0.006199
0.414298	0.006204
0.418225	0.006209
0.422152	0.006214
0.426079	0.006219
0.430005	0.006224
0.433932	0.006229
0.437859	0.006235
0.441786	0.006240
0.445713	0.006245
0.449640	0.006251
0.453567	0.006256
0.457494	0.006261
0.461421	0.006267
0.465348	0.006272
0.469275	0.006278
0.473202	0.006284
0.477129	0.006289
0.481056	0.006295
0.484983	0.006301
0.488910	0.006307
0.492837	0.006313
0.496764	0.006319
0.500691	0.006325
0.504618	0.006331
0.508545	0.006337
0.512472	0.006343
0.516399	0.006350
0.520326	0.006356
0.524253	0.006362
0.528180	0.006369
0.532107	0.006375
0.536034	0.006382
0.539961	0.006388
0.543888	0.006395
0.547815	0.006402
0.551742	0.006408
0.555669	0.006415
0.559596	0.006422
0.563523	0.006429
0.567450	0.006436
0.571377	0.006443
0.575304	0.006450
0.579231	0.006457
0.583158	0.006465
0.587085	0.006472
0.591012	0.006479
0.594939	0.006487
0.598866	0.006494
0.602793	0.006502
0.606720	0.006509
0.610647	0.006517
0.614574	0.006525
0.618501	0.006533
0.622428	0.006540
0.626355	0.006548
0.630282	0.006556
0.634209	0.006564
0.638136	0.006572
0.642063	0.006581
0.645990	0.006589
0.649917	0.006597
0.653844	0.006606
0.657771	0.006614
0.661698	0.006622
0.665625	0.006631
0.669552	0.006640
0.673479	0.006648
0.677406	0.006657
0.681333	0.006666
0.685260	0.006675
0.689187	0.006684
0.693114	0.006693
0.697041	0.006702
0.700968	0.006711
0.704895	0.006720
0.708822	0.006729
0.712749	0.006739
0.716676	0.006748
0.720603	0.006758
0.724530	0.006767
0.728457	0.006777
0.732384	0.006787
0.736311	0.006796
0.740238	0.006806
0.744165	0.006816
0.748092	0.006826
0.752019	0.006836
0.755946	0.006846
0.759873	0.006856
0.763800	0.006867
0.767727	0.006877
0.771654	0.006888
0.775581	0.006898
0.779508	0.006909
0.783435	0.006919
0.787362	0.006930
0.791289	0.006941
0.795216	0.006952
0.799143	0.006963
0.803070	0.006974
0.806997	0.006985
0.810924	0.006996
0.814851	0.007007
0.818778	0.007019
0.822705	0.007030
0.826632	0.007041
0.830559	0.007053
0.834486	0.007065
0.838413	0.007076
0.842340	0.007088
0.846267	0.007100
0.850194	0.007112
0.854121	0.007124
0.858047	0.007136
0.861974	0.007149
0.865901	0.007161
0.869828	0.007173
0.873755	0.007186
0.877682	0.007198
0.881609	0.007211
0.885536	0.007224
0.889463	0.007237
0.893390	0.007250
0.897317	0.007263
0.901244	0.007276
0.905171	0.007289
0.909098	0.007302
0.913025	0.007316
0.916952	0.007329
0.920879	0.007343
0.924806	0.007356
0.928733	0.007370
0.932660	0.007384
0.936587	0.007398
0.940514	0.007412
0.944441	0.007426
0.948368	0.007440
0.952295	0.007454
0.956222	0.007469
0.960149	0.007483
0.964076	0.007498
0.968003	0.007512
0.971930	0.007527
0.975857	0.007542
0.979784	0.007557
0.983711	0.007572
0.987638	0.007587
0.991565	0.007603
0.995492	0.007618
0.999419	0.007634
1.003346	0.007649
1.007273	0.007665
1.011200	0.007681
1.015127	0.007697
1.019054	0.007713
1.022981	0.007729
1.026908	0.007745
1.030835	0.007761
1.034762	0.007778
1.038689	0.007794
1.042616	0.007811
1.046543	0.007828
1.050470	0.007845
1.054397	0.007862
1.058324	0.007879
1.062251	0.007896
1.066178	0.007913
1.070105	0.007931
1.074032	0.007949
1.077959	0.007966
1.081886	0.007984
1.085813	0.008002
1.089740	0.008020
1.093667	0.008038
1.097594	0.008057
1.101521	0.008075
1.105448	0.008094
1.109375	0.008112
1.113302	0.008131
1.117229	0.008150
1.121156	0.008169
1.125083	0.008188
1.129010	0.008208
1.132937	0.008227
1.136864	0.008247
1.140791	0.008266
1.144718	0.008286
1.148645	0.008306
1.152572	0.008326
1.156499	0.008347
1.160426	0.008367
1.164353	0.008387
1.168280	0.008408
1.172207	0.008429
1.176134	0.008450
1.180061	0.008471
1.183988	0.008492
1.187915	0.008514
1.191842	0.008535
1.195769	0.008557
1.199696	0.008579
1.203623	0.008600
1.207550	0.008623
1.211477	0.008645
1.215404	0.008667
1.219331	0.008690
1.223258	0.008713
1.227185	0.008735
1.231112	0.008758
1.235039	0.008782
1.238966	0.008805
1.242893	0.008829
1.246820	0.008852
1.250747	0.008876
1.254674	0.008900
1.258601	0.008924
1.262528	0.008949
1.266455	0.008973
1.270382	0.008998
1.274309	0.009023
1.278236	0.009048
1.282163	0.009073
1.286089	0.009098
1.290016	0.009124
1.293943	0.009149
1.297870	0.009175
1.301797	0.009201
1.305724	0.009228
1.309651	0.009254
1.313578	0.009281
1.317505	0.009307
1.321432	0.009334
1.325359	0.009362
1.329286	0.009389
1.333213	0.009417
1.337140	0.009444
1.341067	0.009472
1.344994	0.009501
1.348921	0.009529
1.352848	0.009558
1.356775	0.009586
1.360702	0.009615
1.364629	0.009645
1.368556	0.009674
1.372483	0.009704
1.376410	0.009733
1.380337	0.009763
1.384264	0.009794
1.388191	0.009824
1.392118	0.009855
1.396045	0.009886
1.399972	0.009917
1.403899	0.009948
1.407826	0.009980
1.411753	0.010012
1.415680	0.010044
1.419607	0.010076
1.423534	0.010109
1.427461	0.010141
1.431388	0.010174
1.435315	0.010208
1.439242	0.010241
1.443169	0.010275
1.447096	0.010309
1.451023	0.010343
1.454950	0.010378
1.458877	0.010412
1.462804	0.010447
1.466731	0.010483
1.470658	0.010518
1.474585	0.010554
1.478512	0.010590
1.482439	0.010627
1.486366	0.010663
1.490293	0.010700
1.494220	0.010737
1.498147	0.010775
1.502074	0.010813
1.506001	0.010851
1.509928	0.010889
1.513855	0.010928
1.517782	0.010967
1.521709	0.011006
1.525636	0.011045
1.529563	0.011085
1.533490	0.011125
1.537417	0.011166
1.541344	0.011207
1.545271	0.011248
1.549198	0.011289
1.553125	0.011331
1.557052	0.011373
1.560979	0.011416
1.564906	0.011458
1.568833	0.011501
1.572760	0.011545
1.576687	0.011589
1.580614	0.011633
1.584541	0.011677
1.588468	0.011722
1.592395	0.011767
1.596322	0.011813
1.600249	0.011859
1.604176	0.011905
1.608103	0.011952
1.612030	0.011999
1.615957	0.012046
1.619884	0.012094
1.623811	0.012142
1.627738	0.012191
1.631665	0.012240
1.635592	0.012290
1.639519	0.012339
1.643446	0.012390
1.647373	0.012440
1.651300	0.012491
1.655227	0.012543
1.659154	0.012595
1.663081	0.012647
1.667008	0.012700
1.670935	0.012754
1.674862	0.012807
1.678789	0.012862
1.682716	0.012916
1.686643	0.012971
1.690570	0.013027
1.694497	0.013083
1.698424	0.013140
1.702351	0.013197
1.706278	0.013255
1.710205	0.013313
1.714131	0.013371
1.718058	0.013430
1.721985	0.013490
1.725912	0.013550
1.729839	0.013611
1.733766	0.013672
1.737693	0.013734
1.741620	0.013796
1.745547	0.013859
1.749474	0.013923
1.753401	0.013987
1.757328	0.014052
1.761255	0.014117
1.765182	0.014183
1.769109	0.014249
1.773036	0.014316
1.776963	0.014384
1.780890	0.014452
1.784817	0.014521
1.788744	0.014591
1.792671	0.014661
1.796598	0.014732
1.800525	0.014803
1.804452	0.014876
1.808379	0.014948
1.812306	0.015022
1.816233	0.015096
1.820160	0.015171
1.824087	0.015247
1.828014	0.015324
1.831941	0.015401
1.835868	0.015479
1.839795	0.015558
1.843722	0.015637
1.847649	0.015718
1.851576	0.015799
1.855503	0.015881
1.859430	0.015963
1.863357	0.016047
1.867284	0.016131
1.871211	0.016217
1.875138	0.016303
1.879065	0.016390
1.882992	0.016478
1.886919	0.016566
1.890846	0.016656
1.894773	0.016747
1.898700	0.016838
1.902627	0.016931
1.906554	0.017024
1.910481	0.017119
1.914408	0.017214
1.918335	0.017311
1.922262	0.017408
1.926189	0.017507
1.930116	0.017606
1.934043	0.017707
1.937970	0.017809
1.941897	0.017911
1.945824	0.018015
1.949751	0.018120
1.953678	0.018227
1.957605	0.018334
1.961532	0.018443
1.965459	0.018553
1.969386	0.018664
1.973313	0.018776
1.977240	0.018890
1.981167	0.019005
1.985094	0.019121
1.989021	0.019238
1.992948	0.019357
1.996875	0.019477
2.000802	0.019599
2.004729	0.019722
2.008656	0.019847
2.012583	0.019972
2.016510	0.020100
2.020437	0.020229
2.024364	0.020359
2.028291	0.020492
2.032218	0.020625
2.036145	0.020760
2.040072	0.020897
2.043999	0.021036
2.047926	0.021176
2.051853	0.021318
2.055780	0.021462
2.059707	0.021608
2.063634	0.021755
2.067561	0.021905
2.071488	0.022056
2.075415	0.022209
2.079342	0.022364
2.083269	0.022521
2.087196	0.022681
2.091123	0.022842
2.095050	0.023005
2.098977	0.023171
2.102904	0.023338
2.106831	0.023508
2.110758	0.023681
2.114685	0.023855
2.118612	0.024032
2.122539	0.024211
2.126466	0.024393
2.130393	0.024578
2.134320	0.024764
2.138246	0.024954
2.142173	0.025146
2.146100	0.025341
2.150027	0.025538
2.153954	0.025739
2.157881	0.025942
2.161808	0.026149
2.165735	0.026358
2.169662	0.026570
2.173589	0.026786
2.177516	0.027004
2.181443	0.027226
2.185370	0.027452
2.189297	0.027680
2.193224	0.027913
2.197151	0.028148
2.201078	0.028388
2.205005	0.028631
2.208932	0.028878
2.212859	0.029129
2.216786	0.029383
2.220713	0.029642
2.224640	0.029905
2.228567	0.030173
2.232494	0.030444
2.236421	0.030720
2.240348	0.031001
2.244275	0.031286
2.248202	0.031576
2.252129	0.031871
2.256056	0.032172
2.259983	0.032477
2.263910	0.032787
2.267837	0.033103
2.271764	0.033424
2.275691	0.033752
2.279618	0.034084
2.283545	0.034423
2.287472	0.034768
2.291399	0.035120
2.295326	0.035477
2.299253	0.035842
2.303180	0.036213
2.307107	0.036591
2.311034	0.036977
2.314961	0.037369
2.318888	0.037770
2.322815	0.038178
2.326742	0.038594
2.330669	0.039018
2.334596	0.039451
2.338523	0.039893
2.342450	0.040344
2.346377	0.040803
2.350304	0.041273
2.354231	0.041752
2.358158	0.042241
2.362085	0.042741
2.366012	0.043251
2.369939	0.043772
2.373866	0.044305
2.377793	0.044850
2.381720	0.045407
2.385647	0.045976
2.389574	0.046558
2.393501	0.047154
2.397428	0.047763
2.401355	0.048387
2.405282	0.049026
2.409209	0.049679
2.413136	0.050349
2.417063	0.051035
2.420990	0.051738
2.424917	0.052458
2.428844	0.053197
2.432771	0.053955
2.436698	0.054732
2.440625	0.055529
2.444552	0.056348
2.448479	0.057188
2.452406	0.058051
2.456333	0.058937
2.460260	0.059849
2.464187	0.060785
2.468114	0.061748
2.472041	0.062739
2.475968	0.063759
2.479895	0.064808
2.483822	0.065889
2.487749	0.067003
2.491676	0.068150
2.495603	0.069334
2.499530	0.070554
2.503457	0.071813
2.507384	0.073113
2.511311	0.074455
2.515238	0.075842
2.519165	0.077275
2.523092	0.078757
2.527019	0.080291
2.530946	0.081878
2.534873	0.083523
2.538800	0.085226
2.542727	0.086993
2.546654	0.088825
2.550581	0.090727
2.554508	0.092702
2.558435	0.094754
2.562362	0.096888
2.566288	0.099109
2.570215	0.101421
2.574142	0.103829
2.578069	0.106340
2.581996	0.108960
2.585923	0.111696
2.589850	0.114554
2.593777	0.117543
2.597704	0.120672
2.601631	0.123948
2.605558	0.127384
2.609485	0.130988
2.613412	0.134774
2.617339	0.138754
2.621266	0.142942
2.625193	0.147354
2.629120	0.152006
2.633047	0.156917
2.636974	0.162107
2.640901	0.167598
2.644828	0.173414
2.648755	0.179583
2.652682	0.186135
2.656609	0.193101
2.660536	0.200519
2.664463	0.208428
2.668390	0.216872
2.672317	0.225903
2.676244	0.235574
2.680171	0.245946
2.684098	0.257088
2.688025	0.269075
2.691952	0.281991
2.695879	0.295931
2.699806	0.310999
2.703733	0.327309
2.707660	0.344991
2.711587	0.364183
2.715514	0.385041
2.719441	0.407731
2.723368	0.432432
2.727295	0.459333
2.731222	0.488628
2.735149	0.520511
2.739076	0.555163
2.743003	0.592743
2.746930	0.633360
2.750857	0.677057
2.754784	0.723770
2.758711	0.773297
2.762638	0.825259
2.766565	0.879066
2.770492	0.933905
2.774419	0.988744
2.778346	1.042376
2.782273	1.093500
2.786200	1.140838
2.790127	1.183253
2.794054	1.219868
2.797981	1.250140
2.801908	1.273882
2.805835	1.291241
2.809762	1.302632
2.813689	1.308653
2.817616	1.310006
2.821543	1.307422
2.825470	1.301608
2.829397	1.293216
2.833324	1.282823
2.837251	1.270922
2.841178	1.257929
2.845105	1.244184
2.849032	1.229965
2.852959	1.215492
2.856886	1.200938
2.860813	1.186441
2.864740	1.172103
2.868667	1.158004
2.872594	1.144202
2.876521	1.130740
2.880448	1.117648
2.884375	1.104945
2.888302	1.092643
2.892229	1.080747
2.896156	1.069258
2.900083	1.058172
2.904010	1.047483
2.907937	1.037180
2.911864	1.027253
2.915791	1.017687
2.919718	1.008466
2.923645	0.999570
2.927572	0.990979
2.931499	0.982667
2.935426	0.974604
2.939353	0.966758
2.943280	0.959087
2.947207	0.951544
2.951134	0.944071
2.955061	0.936600
2.958988	0.929050
2.962915	0.921325
2.966842	0.913313
2.970769	0.904888
2.974696	0.895906
2.978623	0.886217
2.982550	0.875668
2.986477	0.864118
2.990404	0.851457
2.994330	0.837624
2.998257	0.822639
3.002184	0.806613
3.006111	0.789766
3.010038	0.772424
3.013965	0.754996
3.017892	0.737949
3.021819	0.721769
3.025746	0.706924
3.029673	0.693836
3.033600	0.682868
3.037527	0.674312
3.041454	0.668402
3.045381	0.665322
3.049308	0.665214
3.053235	0.668200
3.057162	0.674386
3.061089	0.683872
3.065016	0.696757
3.068943	0.713142
3.072870	0.733119
3.076797	0.756768
3.080724	0.784138
3.084651	0.815230
3.088578	0.849965
3.092505	0.888151
3.096432	0.929449
3.100359	0.973335
3.104286	1.019068
3.108213	1.065679
3.112140	1.111985
3.116067	1.156627
3.119994	1.198147
3.123921	1.235097
3.127848	1.266160
3.131775	1.290280
3.135702	1.306783
3.139629	1.315466
3.143556	1.316643
3.147483	1.311120
3.151410	1.300116
3.155337	1.285116
3.159264	1.267692
3.163191	1.249337
3.167118	1.231312
3.171045	1.214558
3.174972	1.199654
3.178899	1.186834
3.182826	1.176037
3.186753	1.166988
3.190680	1.159293
3.194607	1.152523
3.198534	1.146289
3.202461	1.140285
3.206388	1.134307
3.210315	1.128255
3.214242	1.122111
3.218169	1.115917
3.222096	1.109753
3.226023	1.103714
3.229950	1.097899
3.233877	1.092402
3.237804	1.087304
3.241731	1.082675
3.245658	1.078572
3.249585	1.075040
3.253512	1.072118
3.257439	1.069833
3.261366	1.068211
3.265293	1.067272
3.269220	1.067034
3.273147	1.067516
3.277074	1.068735
3.281001	1.070711
3.284928	1.073463
3.288855	1.077016
3.292782	1.081394
3.296709	1.086625
3.300636	1.092740
3.304563	1.099772
3.308490	1.107756
3.312417	1.116729
3.316344	1.126727
3.320271	1.137787
3.324198	1.149944
3.328125	1.163230
3.332052	1.177675
3.335979	1.193303
3.339906	1.210137
3.343833	1.228199
3.347760	1.247508
3.351687	1.268087
3.355614	1.289951
3.359541	1.313106
3.363468	1.337517
3.367395	1.363084
3.371322	1.389602
3.375249	1.416729
3.379176	1.443981
3.383103	1.470753
3.387030	1.496392
3.390957	1.520293
3.394884	1.542010
3.398811	1.561334
3.402738	1.578326
3.406665	1.593268
3.410592	1.606574
3.414519	1.618647
3.418446	1.629749
3.422372	1.639895
3.426299	1.648807
3.430226	1.655916
3.434153	1.660433
3.438080	1.661429
3.442007	1.657945
3.445934	1.649079
3.449861	1.634065
3.453788	1.612334
3.457715	1.583574
3.461642	1.547772
3.465569	1.505258
3.469496	1.456707
3.473423	1.403120
3.477350	1.345750
3.481277	1.286002
3.485204	1.225305
3.489131	1.165006
3.493058	1.106274
3.496985	1.050051
3.500912	0.997037
3.504839	0.947701
3.508766	0.902317
3.512693	0.861002
3.516620	0.823755
3.520547	0.790496
3.524474	0.761095
3.528401	0.735397
3.532328	0.713239
3.536255	0.694463
3.540182	0.678924
3.544109	0.666495
3.548036	0.657073
3.551963	0.650578
3.555890	0.646953
3.559817	0.646165
3.563744	0.648199
3.567671	0.653059
3.571598	0.660758
3.575525	0.671310
3.579452	0.684722
3.583379	0.700977
3.587306	0.720014
3.591233	0.741709
3.595160	0.765846
3.599087	0.792096
3.603014	0.819996
3.606941	0.848942
3.610868	0.878204
3.614795	0.906971
3.618722	0.934418
3.622649	0.959805
3.626576	0.982575
3.630503	1.002427
3.634430	1.019359
3.638357	1.033635
3.642284	1.045720
3.646211	1.056167
3.650138	1.065516
3.654065	1.074208
3.657992	1.082552
3.661919	1.090720
3.665846	1.098783
3.669773	1.106749
3.673700	1.114608
3.677627	1.122348
3.681554	1.129968
3.685481	1.137466
3.689408	1.144832
3.693335	1.152042
3.697262	1.159053
3.701189	1.165815
3.705116	1.172278
3.709043	1.178405
3.712970	1.184177
3.716897	1.189588
3.720824	1.194639
3.724751	1.199322
3.728678	1.203612
3.732605	1.207444
3.736532	1.210707
3.740459	1.213235
3.744386	1.214795
3.748313	1.215094
3.752240	1.213777
3.756167	1.210443
3.760094	1.204664
3.764021	1.196018
3.767948	1.184127
3.771875	1.168703
3.775802	1.149594
3.779729	1.126812
3.783656	1.100551
3.787583	1.071181
3.791510	1.039217
3.795437	1.005288
3.799364	0.970090
3.803291	0.934352
3.807218	0.898799
3.811145	0.864121
3.815072	0.830944
3.818999	0.799808
3.822926	0.771147
3.826853	0.745282
3.830780	0.722425
3.834707	0.702689
3.838634	0.686103
3.842561	0.672625
3.846488	0.662164
3.850414	0.654591
3.854341	0.649754
3.858268	0.647493
3.862195	0.647644
3.866122	0.650050
3.870049	0.654553
3.873976	0.660988
3.877903	0.669166
3.881830	0.678863
3.885757	0.689808
3.889684	0.701684
3.893611	0.714124
3.897538	0.726713
3.901465	0.738979
3.905392	0.750389
3.909319	0.760339
3.913246	0.768162
3.917173	0.773170
3.921100	0.774728
3.925027	0.772375
3.928954	0.765929
3.932881	0.755553
3.936808	0.741743
3.940735	0.725253
3.944662	0.706975
3.948589	0.687826
3.952516	0.668652
3.956443	0.650179
3.960370	0.632980
3.964297	0.617478
3.968224	0.603948
3.972151	0.592527
3.976078	0.583217
3.980005	0.575883
3.983932	0.570245
3.987859	0.565871
3.991786	0.562189
3.995713	0.558525
3.999640	0.554201
4.003567	0.548688
4.007494	0.541807
4.011421	0.533894
4.015348	0.525861
4.019275	0.519044
4.023202	0.514855
4.027129	0.514332
4.031056	0.517819
4.034983	0.524915
4.038910	0.534716
4.042837	0.546168
4.046764	0.558327
4.050691	0.570499
4.054618	0.582306
4.058545	0.593735
4.062472	0.605106
4.066399	0.616924
4.070326	0.629630
4.074253	0.643380
4.078180	0.657936
4.082107	0.672691
4.086034	0.686759
4.089961	0.699107
4.093888	0.708687
4.097815	0.714582
4.101742	0.716141
4.105669	0.713085
4.109596	0.705539
4.113523	0.693992
4.117450	0.679192
4.121377	0.662010
4.125304	0.643318
4.129231	0.623903
4.133158	0.604421
4.137085	0.585390
4.141012	0.567200
4.144939	0.550128
4.148866	0.534341
4.152793	0.519911
4.156720	0.506818
4.160647	0.494969
4.164574	0.484215
4.168501	0.474384
4.172428	0.465312
4.176355	0.456867
4.180282	0.448977
4.184209	0.441631
4.188136	0.434879
4.192063	0.428814
4.195990	0.423556
4.199917	0.419236
4.203844	0.415987
4.207771	0.413932
4.211698	0.413185
4.215625	0.413849
4.219552	0.416021
4.223479	0.419792
4.227406	0.425255
4.231333	0.432506
4.235260	0.441648
4.239187	0.452796
4.243114	0.466074
4.247041	0.481622
4.250968	0.499592
4.254895	0.520147
4.258822	0.543460
4.262749	0.569705
4.266676	0.599051
4.270603	0.631643
4.274530	0.667588
4.278456	0.706925
4.282383	0.749596
4.286310	0.795401
4.290237	0.843960
4.294164	0.894661
4.298091	0.946620
4.302018	0.998649
4.305945	1.049251
4.309872	1.096652
4.313799	1.138883
4.317726	1.173921
4.321653	1.199872
4.325580	1.215187
4.329507	1.218860
4.333434	1.210575
4.337361	1.190761
4.341288	1.160542
4.345215	1.121592
4.349142	1.075923
4.353069	1.025663
4.356996	0.972848
4.360923	0.919274
4.364850	0.866410
4.368777	0.815375
4.372704	0.766953
4.376631	0.721646
4.380558	0.679721
4.384485	0.641274
4.388412	0.606276
4.392339	0.574616
4.396266	0.546130
4.400193	0.520628
4.404120	0.497909
4.408047	0.477774
4.411974	0.460031
4.415901	0.444503
4.419828	0.431031
4.423755	0.419476
4.427682	0.409719
4.431609	0.401662
4.435536	0.395224
4.439463	0.390338
4.443390	0.386954
4.447317	0.385031
4.451244	0.384537
4.455171	0.385451
4.459098	0.387762
4.463025	0.391469
4.466952	0.396585
4.470879	0.403136
4.474806	0.411156
4.478733	0.420691
4.482660	0.431784
4.486587	0.444472
4.490514	0.458777
4.494441	0.474699
4.498368	0.492209
4.502295	0.511243
4.506222	0.531703
4.510149	0.553451
4.514076	0.576307
4.518003	0.600043
4.521930	0.624382
4.525857	0.648998
4.529784	0.673520
4.533711	0.697540
4.537638	0.720617
4.541565	0.742278
4.545492	0.762007
4.549419	0.779234
4.553346	0.793330
4.557273	0.803622
4.561200	0.809445
4.565127	0.810228
4.569054	0.805599
4.572981	0.795473
4.576908	0.780099
4.580835	0.760048
4.584762	0.736134
4.588689	0.709321
4.592616	0.680613
4.596543	0.650972
4.600470	0.621260
4.604397	0.592202
4.608324	0.564374
4.612251	0.538207
4.616178	0.514001
4.620105	0.491941
4.624032	0.472130
4.627959	0.454599
4.631886	0.439339
4.635813	0.426312
4.639740	0.415464
4.643667	0.406739
4.647594	0.400081
4.651521	0.395443
4.655448	0.392787
4.659375	0.392083
4.663302	0.393311
4.667229	0.396453
4.671156	0.401495
4.675083	0.408409
4.679010	0.417152
4.682937	0.427648
4.686864	0.439776
4.690791	0.453350
4.694718	0.468104
4.698645	0.483679
4.702572	0.499612
4.706498	0.515338
4.710425	0.530201
4.714352	0.543487
4.718279	0.554475
4.722206	0.562500
4.726133	0.567030
4.730060	0.567740
4.733987	0.564560
4.737914	0.557689
4.741841	0.547557
4.745768	0.534762
4.749695	0.519988
4.753622	0.503921
4.757549	0.487195
4.761476	0.470354
4.765403	0.453848
4.769330	0.438026
4.773257	0.423152
4.777184	0.409414
4.781111	0.396928
4.785038	0.385753
4.788965	0.375900
4.792892	0.367339
4.796819	0.360013
4.800746	0.353851
4.804673	0.348774
4.808600	0.344711
4.812527	0.341597
4.816454	0.339382
4.820381	0.338027
4.824308	0.337511
4.828235	0.337824
4.832162	0.338978
4.836089	0.341000
4.840016	0.343941
4.843943	0.347867
4.847870	0.352861
4.851797	0.359017
4.855724	0.366428
4.859651	0.375178
4.863578	0.385330
4.867505	0.396918
4.871432	0.409929
4.875359	0.424294
4.879286	0.439879
4.883213	0.456471
4.887140	0.473780
4.891067	0.491448
4.894994	0.509062
4.898921	0.526193
4.902848	0.542424
4.906775	0.557396
4.910702	0.570838
4.914629	0.582581
4.918556	0.592565
4.922483	0.600826
4.926410	0.607475
4.930337	0.612676
4.934264	0.616622
4.938191	0.619521
4.942118	0.621578
4.946045	0.622986
4.949972	0.623924
4.953899	0.624549
4.957826	0.625001
4.961753	0.625401
4.965680	0.625851
4.969607	0.626440
4.973534	0.627236
4.977461	0.628291
4.981388	0.629638
4.985315	0.631287
4.989242	0.633226
4.993169	0.635425
4.997096	0.637841
5.001023	0.640433
5.004950	0.643162
5.008877	0.646004
5.012804	0.648946
5.016731	0.651988
5.020658	0.655137
5.024585	0.658402
5.028512	0.661797
5.032439	0.665330
5.036366	0.669006
5.040293	0.672828
5.044220	0.676789
5.048147	0.680877
5.052074	0.685066
5.056001	0.689320
5.059928	0.693582
5.063855	0.697779
5.067782	0.701813
5.071709	0.705560
5.075636	0.708863
5.079563	0.711535
5.083490	0.713351
5.087417	0.714053
5.091344	0.713354
5.095271	0.710947
5.099198	0.706523
5.103125	0.699799
5.107052	0.690552
5.110979	0.678654
5.114906	0.664110
5.118833	0.647078
5.122760	0.627879
5.126687	0.606974
5.130614	0.584927
5.134540	0.562349
5.138467	0.539844
5.142394	0.517963
5.146321	0.497174
5.150248	0.477845
5.154175	0.460249
5.158102	0.444574
5.162029	0.430936
5.165956	0.419400
5.169883	0.409994
5.173810	0.402721
5.177737	0.397571
5.181664	0.394524
5.185591	0.393553
5.189518	0.394622
5.193445	0.397680
5.197372	0.402650
5.201299	0.409420
5.205226	0.417821
5.209153	0.427618
5.213080	0.438490
5.217007	0.450026
5.220934	0.461726
5.224861	0.473006
5.228788	0.483231
5.232715	0.491745
5.236642	0.497920
5.240569	0.501217
5.244496	0.501239
5.248423	0.497788
5.252350	0.490886
5.256277	0.480779
5.260204	0.467902
5.264131	0.452824
5.268058	0.436182
5.271985	0.418618
5.275912	0.400722
5.279839	0.383000
5.283766	0.365859
5.287693	0.349601
5.291620	0.334432
5.295547	0.320483
5.299474	0.307820
5.303401	0.296465
5.307328	0.286408
5.311255	0.277619
5.315182	0.270059
5.319109	0.263684
5.323036	0.258451
5.326963	0.254319
5.330890	0.251256
5.334817	0.249235
5.338744	0.248235
5.342671	0.248245
5.346598	0.249257
5.350525	0.251269
5.354452	0.254282
5.358379	0.258299
5.362306	0.263320
5.366233	0.269341
5.370160	0.276351
5.374087	0.284326
5.378014	0.293229
5.381941	0.302997
5.385868	0.313540
5.389795	0.324721
5.393722	0.336346
5.397649	0.348150
5.401576	0.359788
5.405503	0.370838
5.409430	0.380822
5.413357	0.389242
5.417284	0.395637
5.421211	0.399637
5.425138	0.401023
5.429065	0.399755
5.432992	0.395978
5.436919	0.390000
5.440846	0.382241
5.444773	0.373180
5.448700	0.363299
5.452627	0.353042
5.456554	0.342793
5.460481	0.332868
5.464408	0.323514
5.468335	0.314924
5.472262	0.307241
5.476189	0.300571
5.480116	0.294991
5.484043	0.290558
5.487970	0.287312
5.491897	0.285288
5.495824	0.284520
5.499751	0.285044
5.503678	0.286907
5.507605	0.290175
5.511532	0.294932
5.515459	0.301292
5.519386	0.309401
5.523313	0.319440
5.527240	0.331627
5.531167	0.346204
5.535094	0.363419
5.539021	0.383478
5.542948	0.406469
5.546875	0.432259
5.550802	0.460355
5.554729	0.489774
5.558656	0.518970
5.562582	0.545892
5.566509	0.568264
5.570436	0.584137
5.574363	0.592660
5.578290	0.594854
5.582217	0.593949
5.586144	0.594823
5.590071	0.602375
5.593998	0.619326
5.597925	0.644568
5.601852	0.673182
5.605779	0.698423
5.609706	0.714761
5.613633	0.720226
5.617560	0.716690
5.621487	0.708209
5.625414	0.698820
5.629341	0.691088
5.633268	0.685785
5.637195	0.682309
5.641122	0.679328
5.645049	0.675304
5.648976	0.668822
5.652903	0.658736
5.656830	0.644245
5.660757	0.624935
5.664684	0.600831
5.668611	0.572448
5.672538	0.540793
5.676465	0.507319
5.680392	0.473774
5.684319	0.441984
5.688246	0.413585
5.692173	0.389762
5.696100	0.371078
5.700027	0.357425
5.703954	0.348143
5.707881	0.342234
5.711808	0.338601
5.715735	0.336247
5.719662	0.334379
5.723589	0.332437
5.727516	0.330070
5.731443	0.327094
5.735370	0.323442
5.739297	0.319123
5.743224	0.314198
5.747151	0.308758
5.751078	0.302919
5.755005	0.296817
5.758932	0.290610
5.762859	0.284479
5.766786	0.278625
5.770713	0.273261
5.774640	0.268604
5.778567	0.264861
5.782494	0.262208
5.786421	0.260785
5.790348	0.260690
5.794275	0.261983
5.798202	0.264692
5.802129	0.268826
5.806056	0.274382
5.809983	0.281340
5.813910	0.289665
5.817837	0.299297
5.821764	0.310139
5.825691	0.322038
5.829618	0.334775
5.833545	0.348047
5.837472	0.361463
5.841399	0.374540
5.845326	0.386736
5.849253	0.397484
5.853180	0.406265
5.857107	0.412687
5.861034	0.416563
5.864961	0.417964
5.868888	0.417213
5.872815	0.414832
5.876742	0.411426
5.880669	0.407545
5.884596	0.403578
5.888523	0.399696
5.892450	0.395873
5.896377	0.391964
5.900304	0.387813
5.904231	0.383343
5.908158	0.378622
5.912085	0.373867
5.916012	0.369405
5.919939	0.365612
5.923866	0.362840
5.927793	0.361374
5.931720	0.361401
5.935647	0.363008
5.939574	0.366190
5.943501	0.370859
5.947428	0.376851
5.951355	0.383938
5.955282	0.391828
5.959209	0.400181
5.963136	0.408607
5.967063	0.416693
5.970990	0.424030
5.974917	0.430261
5.978844	0.435123
5.982771	0.438480
5.986698	0.440330
5.990624	0.440793
5.994551	0.440081
5.998478	0.438457
6.002405	0.436205
6.006332	0.433611
6.010259	0.430967
6.014186	0.428594
6.018113	0.426883
6.022040	0.426319
6.025967	0.427492
6.029894	0.431045
6.033821	0.437565
6.037748	0.447381
6.041675	0.460328
6.045602	0.475620
6.049529	0.492043
6.053456	0.508442
6.057383	0.524122
6.061310	0.538870
6.065237	0.552721
6.069164	0.565750
6.073091	0.577978
6.077018	0.589361
6.080945	0.599823
6.084872	0.609283
6.088799	0.617655
6.092726	0.624817
6.096653	0.630563
6.100580	0.634560
6.104507	0.636363
6.108434	0.635497
6.112361	0.631587
6.116288	0.624508
6.120215	0.614466
6.124142	0.601980
6.128069	0.587763
6.131996	0.572536
6.135923	0.556870
6.139850	0.541110
6.143777	0.525411
6.147704	0.509857
6.151631	0.494605
6.155558	0.480028
6.159485	0.466795
6.163412	0.455872
6.167339	0.448393
6.171266	0.445334
6.175193	0.446952
6.179120	0.452224
6.183047	0.458916
6.186974	0.464610
6.190901	0.467778
6.194828	0.467919
6.198755	0.465101
6.202682	0.459593
6.206609	0.451721
6.210536	0.441837
6.214463	0.430312
6.218390	0.417541
6.222317	0.403937
6.226244	0.389917
6.230171	0.375878
6.234098	0.362175
6.238025	0.349098
6.241952	0.336866
6.245879	0.325623
6.249806	0.315446
6.253733	0.306353
6.257660	0.298321
6.261587	0.291300
6.265514	0.285227
6.269441	0.280043
6.273368	0.275704
6.277295	0.272185
6.281222	0.269481
6.285149	0.267603
6.289076	0.266571
6.293003	0.266405
6.296930	0.267117
6.300857	0.268703
6.304784	0.271142
6.308711	0.274394
6.312638	0.278406
6.316565	0.283114
6.320492	0.288450
6.324419	0.294347
6.328346	0.300740
6.332273	0.307568
6.336200	0.314773
6.340127	0.322296
6.344054	0.330071
6.347981	0.338011
6.351908	0.345999
6.355835	0.353882
6.359762	0.361472
6.363689	0.368563
6.367616	0.374964
6.371543	0.380527
6.375470	0.385171
6.379397	0.388896
6.383324	0.391778
6.387251	0.393966
6.391178	0.395664
6.395105	0.397125
6.399032	0.398634
6.402959	0.400490
6.406886	0.402983
6.410813	0.406369
6.414739	0.410846
6.418666	0.416544
6.422593	0.423527
6.426520	0.431809
6.430447	0.441370
6.434374	0.452179
6.438301	0.464188
6.442228	0.477332
6.446155	0.491521
6.450082	0.506649
6.454009	0.522607
6.457936	0.539308
6.461863	0.556685
6.465790	0.574663
6.469717	0.593095
6.473644	0.611687
6.477571	0.629931
6.481498	0.647086
6.485425	0.662236
6.489352	0.674420
6.493279	0.682815
6.497206	0.686901
6.501133	0.686564
6.505060	0.682113
6.508987	0.674230
6.512914	0.663894
6.516841	0.652278
6.520768	0.640646
6.524695	0.630215
6.528622	0.621996
6.532549	0.616656
6.536476	0.614420
6.540403	0.615066
6.544330	0.618005
6.548257	0.622441
6.552184	0.627540
6.556111	0.632577
6.560038	0.637013
6.563965	0.640517
6.567892	0.642932
6.571819	0.644226
6.575746	0.644442
6.579673	0.643657
6.583600	0.641948
6.587527	0.639377
6.591454	0.635982
6.595381	0.631795
6.599308	0.626860
6.603235	0.621261
6.607162	0.615123
6.611089	0.608597
6.615016	0.601823
6.618943	0.594894
6.622870	0.587836
6.626797	0.580614
6.630724	0.573154
6.634651	0.565381
6.638578	0.557250
6.642505	0.548765
6.646432	0.539991
6.650359	0.531054
6.654286	0.522135
6.658213	0.513460
6.662140	0.505286
6.666067	0.497889
6.669994	0.491547
6.673921	0.486535
6.677848	0.483107
6.681775	0.481499
6.685702	0.481919
6.689629	0.484549
6.693556	0.489546
6.697483	0.497040
6.701410	0.507136
6.705337	0.519909
6.709264	0.535403
6.713191	0.553613
6.717118	0.574475
6.721045	0.597851
6.724972	0.623511
6.728899	0.651127
6.732826	0.680277
6.736753	0.710467
6.740680	0.741183
6.744607	0.771958
6.748534	0.802448
6.752461	0.832480
6.756388	0.862044
6.760315	0.891196
6.764242	0.919899
6.768169	0.947836
6.772096	0.974298
6.776023	0.998203
6.779950	1.018246
6.783877	1.033121
6.787804	1.041705
6.791731	1.043170
6.795658	1.037032
6.799585	1.023165
6.803512	1.001818
6.807439	0.973606
6.811366	0.939471
6.815293	0.900590
6.819220	0.858273
6.823147	0.813847
6.827074	0.768552
6.831001	0.723471
6.834928	0.679489
6.838855	0.637278
6.842781	0.597307
6.846708	0.559866
6.850635	0.525099
6.854562	0.493033
6.858489	0.463614
6.862416	0.436729
6.866343	0.412228
6.870270	0.389942
6.874197	0.369697
6.878124	0.351317
6.882051	0.334640
6.885978	0.319512
6.889905	0.305800
6.893832	0.293384
6.897759	0.282164
6.901686	0.272054
6.905613	0.262984
6.909540	0.254895
6.913467	0.247736
6.917394	0.241466
6.921321	0.236049
6.925248	0.231454
6.929175	0.227656
6.933102	0.224634
6.937029	0.222373
6.940956	0.220860
6.944883	0.220092
6.948810	0.220070
6.952737	0.220803
6.956664	0.222311
6.960591	0.224620
6.964518	0.227767
6.968445	0.231795
6.972372	0.236754
6.976299	0.242695
6.980226	0.249666
6.984153	0.257710
6.988080	0.266853
6.992007	0.277101
6.995934	0.288429
6.999861	0.300771
7.003788	0.314015
7.007715	0.327990
7.011642	0.342466
7.015569	0.357154
7.019496	0.371709
7.023423	0.385745
7.027350	0.398844
7.031277	0.410578
7.035204	0.420525
7.039131	0.428292
7.043058	0.433538
7.046985	0.436002
7.050912	0.435521
7.054839	0.432049
7.058766	0.425666
7.062693	0.416571
7.066620	0.405076
7.070547	0.391575
7.074474	0.376516
7.078401	0.360365
7.082328	0.343573
7.086255	0.326545
7.090182	0.309621
7.094109	0.293074
7.098036	0.277109
7.101963	0.261870
7.105890	0.247457
7.109817	0.233928
7.113744	0.221314
7.117671	0.209622
7.121598	0.198840
7.125525	0.188944
7.129452	0.179900
7.133379	0.171665
7.137306	0.164194
7.141233	0.157441
7.145160	0.151359
7.149087	0.145904
7.153014	0.141035
7.156941	0.136715
7.160868	0.132910
7.164795	0.129592
7.168722	0.126736
7.172649	0.124322
7.176576	0.122334
7.180503	0.120762
7.184430	0.119597
7.188357	0.118838
7.192284	0.118486
7.196211	0.118545
7.200138	0.119027
7.204065	0.119943
7.207992	0.121313
7.211919	0.123156
7.215846	0.125498
7.219773	0.128366
7.223700	0.131788
7.227627	0.135792
7.231554	0.140405
7.235481	0.145645
7.239408	0.151521
7.243335	0.158024
7.247262	0.165122
7.251189	0.172746
7.255116	0.180785
7.259043	0.189074
7.262970	0.197392
7.266897	0.205454
7.270823	0.212928
7.274750	0.219444
7.278677	0.224633
7.282604	0.228157
7.286531	0.229753
7.290458	0.229270
7.294385	0.226685
7.298312	0.222112
7.302239	0.215781
7.306166	0.208007
7.310093	0.199151
7.314020	0.189578
7.317947	0.179630
7.321874	0.169601
7.325801	0.159726
7.329728	0.150182
7.333655	0.141091
7.337582	0.132529
7.341509	0.124532
7.345436	0.117112
7.349363	0.110259
7.353290	0.103949
7.357217	0.098152
7.361144	0.092833
7.365071	0.087953
7.368998	0.083476
7.372925	0.079368
7.376852	0.075593
7.380779	0.072121
7.384706	0.068924
7.388633	0.065974
7.392560	0.063250
7.396487	0.060729
7.400414	0.058392
7.404341	0.056222
7.408268	0.054203
7.412195	0.052322
7.416122	0.050567
7.420049	0.048925
7.423976	0.047387
7.427903	0.045944
7.431830	0.044589
7.435757	0.043313
7.439684	0.042110
7.443611	0.040975
7.447538	0.039902
7.451465	0.038886
7.455392	0.037924
7.459319	0.037011
7.463246	0.036145
7.467173	0.035321
7.471100	0.034536
7.475027	0.033789
7.478954	0.033076
7.482881	0.032396
7.486808	0.031746
7.490735	0.031124
7.494662	0.030529
7.498589	0.029959
7.502516	0.029413
7.506443	0.028889
7.510370	0.028386
7.514297	0.027903
7.518224	0.027438
7.522151	0.026992
7.526078	0.026563
7.530005	0.026150
7.533932	0.025752
7.537859	0.025370
7.541786	0.025002
7.545713	0.024647
7.549640	0.024306
7.553567	0.023978
7.557494	0.023662
7.561421	0.023358
7.565348	0.023066
7.569275	0.022786
7.573202	0.022518
7.577129	0.022261
7.581056	0.022015
7.584983	0.021780
7.588910	0.021556
7.592837	0.021342
7.596764	0.021138
7.600691	0.020945
7.604618	0.020760
7.608545	0.020582
7.612472	0.020411
7.616399	0.020244
7.620326	0.020080
7.624253	0.019915
7.628180	0.019746
7.632107	0.019572
7.636034	0.019391
7.639961	0.019200
7.643888	0.019000
7.647815	0.018791
7.651742	0.018575
7.655669	0.018354
7.659596	0.018130
7.663523	0.017905
7.667450	0.017683
7.671377	0.017463
7.675304	0.017248
7.679231	0.017038
7.683158	0.016835
7.687085	0.016637
7.691012	0.016446
7.694939	0.016262
7.698865	0.016083
7.702792	0.015910
7.706719	0.015743
7.710646	0.015582
7.714573	0.015425
7.718500	0.015273
7.722427	0.015125
7.726354	0.014982
7.730281	0.014842
7.734208	0.014707
7.738135	0.014575
7.742062	0.014446
7.745989	0.014321
7.749916	0.014199
7.753843	0.014079
7.757770	0.013963
7.761697	0.013849
7.765624	0.013738
7.769551	0.013629
7.773478	0.013523
7.777405	0.013418
7.781332	0.013316
7.785259	0.013215
7.789186	0.013115
7.793113	0.013017
7.797040	0.012920
7.800967	0.012823
7.804894	0.012728
7.808821	0.012633
7.812748	0.012539
7.816675	0.012445
7.820602	0.012353
7.824529	0.012262
7.828456	0.012171
7.832383	0.012082
7.836310	0.011995
7.840237	0.011909
7.844164	0.011824
7.848091	0.011740
7.852018	0.011658
7.855945	0.011577
7.859872	0.011498
7.863799	0.011420
7.867726	0.011343
7.871653	0.011267
7.875580	0.011192
7.879507	0.011119
7.883434	0.011046
7.887361	0.010975
7.891288	0.010904
7.895215	0.010835
7.899142	0.010766
7.903069	0.010699
7.906996	0.010632
7.910923	0.010566
7.914850	0.010501
7.918777	0.010437
7.922704	0.010374
7.926631	0.010311
7.930558	0.010250
7.934485	0.010189
7.938412	0.010129
7.942339	0.010069
7.946266	0.010010
7.950193	0.009952
7.954120	0.009895
7.958047	0.009838
7.961974	0.009782
7.965901	0.009726
7.969828	0.009672
7.973755	0.009617
7.977682	0.009564
7.981609	0.009511
7.985536	0.009458
7.989463	0.009407
7.993390	0.009355
7.997317	0.009304
8.001244	0.009254
8.005171	0.009205
8.009098	0.009155
8.013025	0.009107
8.016952	0.009059
8.020879	0.009011
8.024806	0.008964
8.028733	0.008917
8.032660	0.008871
8.036587	0.008825
8.040514	0.008780
8.044441	0.008735
8.048368	0.008691
8.052295	0.008647
8.056222	0.008603
8.060149	0.008560
8.064076	0.008517
8.068003	0.008475
8.071930	0.008433
8.075857	0.008392
8.079784	0.008351
8.083711	0.008310
8.087638	0.008270
8.091565	0.008230
8.095492	0.008190
8.099419	0.008151
8.103346	0.008112
8.107273	0.008074
8.111200	0.008035
8.115127	0.007998
8.119054	0.007960
8.122981	0.007923
8.126907	0.007886
8.130834	0.007850
8.134761	0.007813
8.138688	0.007778
8.142615	0.007742
8.146542	0.007707
8.150469	0.007672
8.154396	0.007637
8.158323	0.007603
8.162250	0.007569
8.166177	0.007535
8.170104	0.007502
8.174031	0.007469
8.177958	0.007436
8.181885	0.007403
8.185812	0.007371
8.189739	0.007339
8.193666	0.007307
8.197593	0.007275
8.201520	0.007244
8.205447	0.007213
8.209374	0.007182
8.213301	0.007151
8.217228	0.007121
8.221155	0.007091
8.225082	0.007061
8.229009	0.007032
8.232936	0.007002
8.236863	0.006973
8.240790	0.006944
8.244717	0.006915
8.248644	0.006887
8.252571	0.006859
8.256498	0.006831
8.260425	0.006803
8.264352	0.006775
8.268279	0.006748
8.272206	0.006721
8.276133	0.006694
8.280060	0.006667
8.283987	0.006640
8.287914	0.006614
8.291841	0.006588
8.295768	0.006562
8.299695	0.006536
8.303622	0.006510
8.307549	0.006485
8.311476	0.006460
8.315403	0.006435
8.319330	0.006410
8.323257	0.006385
8.327184	0.006360
8.331111	0.006336
8.335038	0.006312
8.338965	0.006288
8.342892	0.006264
8.346819	0.006240
8.350746	0.006217
8.354673	0.006193
8.358600	0.006170
8.362527	0.006147
8.366454	0.006124
8.370381	0.006102
8.374308	0.006079
8.378235	0.006057
8.382162	0.006035
8.386089	0.006012
8.390016	0.005990
8.393943	0.005969
8.397870	0.005947
8.401797	0.005926
8.405724	0.005904
8.409651	0.005883
8.413578	0.005862
8.417505	0.005841
8.421432	0.005820
8.425359	0.005799
8.429286	0.005779
8.433213	0.005759
8.437140	0.005738
8.441067	0.005718
8.444994	0.005698
8.448921	0.005678
8.452848	0.005659
8.456775	0.005639
8.460702	0.005619
8.464629	0.005600
8.468556	0.005581
8.472483	0.005562
8.476410	0.005543
8.480337	0.005524
8.484264	0.005505
8.488191	0.005486
8.492118	0.005468
8.496045	0.005449
8.499972	0.005431
8.503899	0.005413
8.507826	0.005395
8.511753	0.005377
8.515680	0.005359
8.519607	0.005341
8.523534	0.005324
8.527461	0.005306
8.531388	0.005289
8.535315	0.005271
8.539242	0.005254
8.543169	0.005237
8.547096	0.005220
8.551023	0.005203
8.554949	0.005186
8.558876	0.005169
8.562803	0.005153
8.566730	0.005136
8.570657	0.005120
8.574584	0.005104
8.578511	0.005087
8.582438	0.005071
8.586365	0.005055
8.590292	0.005039
8.594219	0.005023
8.598146	0.005008
8.602073	0.004992
8.606000	0.004976
8.609927	0.004961
8.613854	0.004945
8.617781	0.004930
8.621708	0.004915
8.625635	0.004900
8.629562	0.004885
8.633489	0.004870
8.637416	0.004855
8.641343	0.004840
8.645270	0.004825
8.649197	0.004811
8.653124	0.004796
8.657051	0.004781
8.660978	0.004767
8.664905	0.004753
8.668832	0.004738
8.672759	0.004724
8.676686	0.004710
8.680613	0.004696
8.684540	0.004682
8.688467	0.004668
8.692394	0.004655
8.696321	0.004641
8.700248	0.004627
8.704175	0.004614
8.708102	0.004600
8.712029	0.004587
8.715956	0.004573
8.719883	0.004560
8.723810	0.004547
8.727737	0.004534
8.731664	0.004521
8.735591	0.004508
8.739518	0.004495
8.743445	0.004482
8.747372	0.004469
8.751299	0.004457
8.755226	0.004444
8.759153	0.004431
8.763080	0.004419
8.767007	0.004406
8.770934	0.004394
8.774861	0.004382
8.778788	0.004369
8.782715	0.004357
8.786642	0.004345
8.790569	0.004333
8.794496	0.004321
8.798423	0.004309
8.802350	0.004297
8.806277	0.004285
8.810204	0.004274
8.814131	0.004262
8.818058	0.004250
8.821985	0.004239
8.825912	0.004227
8.829839	0.004216
8.833766	0.004204
8.837693	0.004193
8.841620	0.004182
8.845547	0.004171
8.849474	0.004160
8.853401	0.004149
8.857328	0.004138
8.861255	0.004127
8.865182	0.004116
8.869109	0.004105
8.873036	0.004094
8.876963	0.004083
8.880890	0.004073
8.884817	0.004062
8.888744	0.004052
8.892671	0.004041
8.896598	0.004031
8.900525	0.004021
8.904452	0.004011
8.908379	0.004001
8.912306	0.003990
8.916233	0.003981
8.920160	0.003971
8.924087	0.003961
8.928014	0.003951
8.931941	0.003942
8.935868	0.003932
8.939795	0.003923
8.943722	0.003913
8.947649	0.003904
8.951576	0.003895
8.955503	0.003886
8.959430	0.003877
8.963357	0.003869
8.967284	0.003860
8.971211	0.003852
8.975138	0.003843
8.979065	0.003835
8.982991	0.003827
8.986918	0.003819
8.990845	0.003810
8.994772	0.003802
8.998699	0.003794
9.002626	0.003785
9.006553	0.003776
9.010480	0.003767
9.014407	0.003758
9.018334	0.003748
9.022261	0.003739
9.026188	0.003729
9.030115	0.003719
9.034042	0.003709
9.037969	0.003699
9.041896	0.003689
9.045823	0.003680
9.049750	0.003670
9.053677	0.003660
9.057604	0.003651
9.061531	0.003642
9.065458	0.003633
9.069385	0.003624
9.073312	0.003615
9.077239	0.003606
9.081166	0.003598
9.085093	0.003589
9.089020	0.003581
9.092947	0.003573
9.096874	0.003565
9.100801	0.003557
9.104728	0.003550
9.108655	0.003542
9.112582	0.003535
9.116509	0.003528
9.120436	0.003521
9.124363	0.003514
9.128290	0.003508
9.132217	0.003501
9.136144	0.003495
9.140071	0.003489
9.143998	0.003484
9.147925	0.003478
9.151852	0.003473
9.155779	0.003468
9.159706	0.003463
9.163633	0.003459
9.167560	0.003454
9.171487	0.003449
9.175414	0.003444
9.179341	0.003439
9.183268	0.003433
9.187195	0.003427
9.191122	0.003420
9.195049	0.003413
9.198976	0.003405
9.202903	0.003396
9.206830	0.003387
9.210757	0.003378
9.214684	0.003368
9.218611	0.003359
9.222538	0.003349
9.226465	0.003340
9.230392	0.003331
9.234319	0.003321
9.238246	0.003313
9.242173	0.003304
9.246100	0.003296
9.250027	0.003288
9.253954	0.003280
9.257881	0.003273
9.261808	0.003266
9.265735	0.003259
9.269662	0.003253
9.273589	0.003247
9.277516	0.003241
9.281443	0.003236
9.285370	0.003230
9.289297	0.003226
9.293224	0.003221
9.297151	0.003217
9.301078	0.003213
9.305005	0.003210
9.308932	0.003207
9.312859	0.003203
9.316786	0.003200
9.320713	0.003197
9.324640	0.003194
9.328567	0.003190
9.332494	0.003186
9.336421	0.003181
9.340348	0.003176
9.344275	0.003169
9.348202	0.003161
9.352129	0.003153
9.356056	0.003144
9.359983	0.003134
9.363910	0.003124
9.367837	0.003113
9.371764	0.003103
9.375691	0.003092
9.379618	0.003082
9.383545	0.003072
9.387472	0.003062
9.391399	0.003053
9.395326	0.003044
9.399253	0.003035
9.403180	0.003027
9.407107	0.003018
9.411033	0.003010
9.414960	0.003003
9.418887	0.002996
9.422814	0.002988
9.426741	0.002982
9.430668	0.002975
9.434595	0.002969
9.438522	0.002963
9.442449	0.002957
9.446376	0.002951
9.450303	0.002945
9.454230	0.002940
9.458157	0.002935
9.462084	0.002930
9.466011	0.002926
9.469938	0.002921
9.473865	0.002917
9.477792	0.002914
9.481719	0.002910
9.485646	0.002907
9.489573	0.002904
9.493500	0.002902
9.497427	0.002900
9.501354	0.002898
9.505281	0.002897
9.509208	0.002896
9.513135	0.002895
9.517062	0.002895
9.520989	0.002895
9.524916	0.002895
9.528843	0.002895
9.532770	0.002895
9.536697	0.002895
9.540624	0.002894
9.544551	0.002893
9.548478	0.002890
9.552405	0.002886
9.556332	0.002881
9.560259	0.002875
9.564186	0.002867
9.568113	0.002858
9.572040	0.002848
9.575967	0.002838
9.579894	0.002827
9.583821	0.002816
9.587748	0.002804
9.591675	0.002793
9.595602	0.002783
9.599529	0.002772
9.603456	0.002762
9.607383	0.002753
9.611310	0.002743
9.615237	0.002734
9.619164	0.002726
9.623091	0.002718
9.627018	0.002710
9.630945	0.002702
9.634872	0.002695
9.638799	0.002688
9.642726	0.002681
9.646653	0.002675
9.650580	0.002668
9.654507	0.002662
9.658434	0.002656
9.662361	0.002651
9.666288	0.002646
9.670215	0.002640
9.674142	0.002635
9.678069	0.002631
9.681996	0.002626
9.685923	0.002622
9.689850	0.002617
9.693777	0.002613
9.697704	0.002610
9.701631	0.002606
9.705558	0.002603
9.709485	0.002599
9.713412	0.002596
9.717339	0.002594
9.721266	0.002591
9.725193	0.002589
9.729120	0.002587
9.733047	0.002585
9.736974	0.002584
9.740901	0.002582
9.744828	0.002581
9.748755	0.002581
9.752682	0.002580
9.756609	0.002579
9.760536	0.002578
9.764463	0.002577
9.768390	0.002575
9.772317	0.002572
9.776244	0.002569
9.780171	0.002565
9.784098	0.002560
9.788025	0.002554
9.791952	0.002547
9.795879	0.002539
9.799806	0.002531
9.803733	0.002523
9.807660	0.002514
9.811587	0.002506
9.815514	0.002497
9.819441	0.002489
