-9.819441	0.003298
-9.815514	0.003230
-9.811587	0.003159
-9.807660	0.003087
-9.803733	0.003017
-9.799806	0.002949
-9.795879	0.002885
-9.791952	0.002825
-9.788025	0.002770
-9.784098	0.002720
-9.780171	0.002676
-9.776244	0.002636
-9.772317	0.002601
-9.768390	0.002571
-9.764463	0.002546
-9.760536	0.002524
-9.756609	0.002507
-9.752682	0.002494
-9.748755	0.002484
-9.744828	0.002478
-9.740901	0.002476
-9.736974	0.002477
-9.733047	0.002481
-9.729120	0.002489
-9.725193	0.002501
-9.721266	0.002516
-9.717339	0.002535
-9.713412	0.002558
-9.709485	0.002585
-9.705558	0.002616
-9.701631	0.002652
-9.697704	0.002692
-9.693777	0.002737
-9.689850	0.002786
-9.685923	0.002839
-9.681996	0.002896
-9.678069	0.002957
-9.674142	0.003020
-9.670215	0.003084
-9.666288	0.003149
-9.662361	0.003212
-9.658434	0.003273
-9.654507	0.003329
-9.650580	0.003379
-9.646653	0.003424
-9.642726	0.003462
-9.638799	0.003493
-9.634872	0.003519
-9.630945	0.003540
-9.627018	0.003558
-9.623091	0.003575
-9.619164	0.003591
-9.615237	0.003609
-9.611310	0.003628
-9.607383	0.003649
-9.603456	0.003672
-9.599529	0.003696
-9.595602	0.003719
-9.591675	0.003739
-9.587748	0.003755
-9.583821	0.003765
-9.579894	0.003766
-9.575967	0.003758
-9.572040	0.003741
-9.568113	0.003714
-9.564186	0.003678
-9.560259	0.003633
-9.556332	0.003580
-9.552405	0.003520
-9.548478	0.003456
-9.544551	0.003387
-9.540624	0.003317
-9.536697	0.003247
-9.532770	0.003178
-9.528843	0.003112
-9.524916	0.003049
-9.520989	0.002992
-9.517062	0.002939
-9.513135	0.002891
-9.509208	0.002848
-9.505281	0.002811
-9.501354	0.002778
-9.497427	0.002750
-9.493500	0.002727
-9.489573	0.002708
-9.485646	0.002694
-9.481719	0.002683
-9.477792	0.002677
-9.473865	0.002675
-9.469938	0.002676
-9.466011	0.002682
-9.462084	0.002691
-9.458157	0.002704
-9.454230	0.002722
-9.450303	0.002743
-9.446376	0.002769
-9.442449	0.002800
-9.438522	0.002836
-9.434595	0.002877
-9.430668	0.002923
-9.426741	0.002975
-9.422814	0.003033
-9.418887	0.003098
-9.414960	0.003169
-9.411033	0.003246
-9.407107	0.003329
-9.403180	0.003417
-9.399253	0.003509
-9.395326	0.003604
-9.391399	0.003700
-9.387472	0.003793
-9.383545	0.003881
-9.379618	0.003960
-9.375691	0.004028
-9.371764	0.004081
-9.367837	0.004118
-9.363910	0.004138
-9.359983	0.004141
-9.356056	0.004128
-9.352129	0.004102
-9.348202	0.004065
-9.344275	0.004021
-9.340348	0.003973
-9.336421	0.003922
-9.332494	0.003871
-9.328567	0.003819
-9.324640	0.003768
-9.320713	0.003716
-9.316786	0.003664
-9.312859	0.003610
-9.308932	0.003554
-9.305005	0.003497
-9.301078	0.003438
-9.297151	0.003377
-9.293224	0.003315
-9.289297	0.003254
-9.285370	0.003193
-9.281443	0.003134
-9.277516	0.003078
-9.273589	0.003025
-9.269662	0.002975
-9.265735	0.002930
-9.261808	0.002889
-9.257881	0.002852
-9.253954	0.002819
-9.250027	0.002789
-9.246100	0.002764
-9.242173	0.002743
-9.238246	0.002725
-9.234319	0.002710
-9.230392	0.002698
-9.226465	0.002690
-9.222538	0.002684
-9.218611	0.002681
-9.214684	0.002682
-9.210757	0.002685
-9.206830	0.002691
-9.202903	0.002700
-9.198976	0.002712
-9.195049	0.002727
-9.191122	0.002745
-9.187195	0.002767
-9.183268	0.002792
-9.179341	0.002821
-9.175414	0.002854
-9.171487	0.002892
-9.167560	0.002933
-9.163633	0.002979
-9.159706	0.003029
-9.155779	0.003084
-9.151852	0.003143
-9.147925	0.003205
-9.143998	0.003270
-9.140071	0.003336
-9.136144	0.003403
-9.132217	0.003469
-9.128290	0.003532
-9.124363	0.003589
-9.120436	0.003641
-9.116509	0.003685
-9.112582	0.003720
-9.108655	0.003747
-9.104728	0.003765
-9.100801	0.003775
-9.096874	0.003777
-9.092947	0.003772
-9.089020	0.003760
-9.085093	0.003742
-9.081166	0.003719
-9.077239	0.003690
-9.073312	0.003655
-9.069385	0.003616
-9.065458	0.003571
-9.061531	0.003522
-9.057604	0.003470
-9.053677	0.003415
-9.049750	0.003358
-9.045823	0.003300
-9.041896	0.003243
-9.037969	0.003187
-9.034042	0.003134
-9.030115	0.003084
-9.026188	0.003036
-9.022261	0.002993
-9.018334	0.002953
-9.014407	0.002917
-9.010480	0.002884
-9.006553	0.002856
-9.002626	0.002830
-8.998699	0.002808
-8.994772	0.002788
-8.990845	0.002772
-8.986918	0.002758
-8.982991	0.002746
-8.979065	0.002737
-8.975138	0.002731
-8.971211	0.002726
-8.967284	0.002723
-8.963357	0.002723
-8.959430	0.002724
-8.955503	0.002727
-8.951576	0.002733
-8.947649	0.002740
-8.943722	0.002750
-8.939795	0.002761
-8.935868	0.002775
-8.931941	0.002791
-8.928014	0.002810
-8.924087	0.002831
-8.920160	0.002855
-8.916233	0.002881
-8.912306	0.002911
-8.908379	0.002945
-8.904452	0.002981
-8.900525	0.003022
-8.896598	0.003066
-8.892671	0.003114
-8.888744	0.003166
-8.884817	0.003221
-8.880890	0.003279
-8.876963	0.003340
-8.873036	0.003402
-8.869109	0.003465
-8.865182	0.003526
-8.861255	0.003586
-8.857328	0.003641
-8.853401	0.003692
-8.849474	0.003736
-8.845547	0.003773
-8.841620	0.003803
-8.837693	0.003825
-8.833766	0.003839
-8.829839	0.003846
-8.825912	0.003846
-8.821985	0.003838
-8.818058	0.003823
-8.814131	0.003801
-8.810204	0.003774
-8.806277	0.003741
-8.802350	0.003703
-8.798423	0.003662
-8.794496	0.003618
-8.790569	0.003573
-8.786642	0.003529
-8.782715	0.003485
-8.778788	0.003444
-8.774861	0.003405
-8.770934	0.003370
-8.767007	0.003338
-8.763080	0.003308
-8.759153	0.003281
-8.755226	0.003256
-8.751299	0.003232
-8.747372	0.003209
-8.743445	0.003186
-8.739518	0.003163
-8.735591	0.003140
-8.731664	0.003117
-8.727737	0.003094
-8.723810	0.003072
-8.719883	0.003051
-8.715956	0.003032
-8.712029	0.003013
-8.708102	0.002997
-8.704175	0.002983
-8.700248	0.002970
-8.696321	0.002960
-8.692394	0.002951
-8.688467	0.002945
-8.684540	0.002940
-8.680613	0.002937
-8.676686	0.002936
-8.672759	0.002937
-8.668832	0.002940
-8.664905	0.002944
-8.660978	0.002950
-8.657051	0.002958
-8.653124	0.002968
-8.649197	0.002979
-8.645270	0.002993
-8.641343	0.003009
-8.637416	0.003026
-8.633489	0.003046
-8.629562	0.003068
-8.625635	0.003093
-8.621708	0.003120
-8.617781	0.003149
-8.613854	0.003181
-8.609927	0.003214
-8.606000	0.003250
-8.602073	0.003287
-8.598146	0.003325
-8.594219	0.003364
-8.590292	0.003402
-8.586365	0.003440
-8.582438	0.003475
-8.578511	0.003509
-8.574584	0.003540
-8.570657	0.003568
-8.566730	0.003594
-8.562803	0.003617
-8.558876	0.003638
-8.554949	0.003658
-8.551023	0.003678
-8.547096	0.003698
-8.543169	0.003719
-8.539242	0.003742
-8.535315	0.003767
-8.531388	0.003795
-8.527461	0.003825
-8.523534	0.003856
-8.519607	0.003887
-8.515680	0.003917
-8.511753	0.003943
-8.507826	0.003964
-8.503899	0.003977
-8.499972	0.003981
-8.496045	0.003975
-8.492118	0.003960
-8.488191	0.003935
-8.484264	0.003903
-8.480337	0.003866
-8.476410	0.003825
-8.472483	0.003782
-8.468556	0.003739
-8.464629	0.003698
-8.460702	0.003659
-8.456775	0.003624
-8.452848	0.003592
-8.448921	0.003564
-8.444994	0.003541
-8.441067	0.003521
-8.437140	0.003505
-8.433213	0.003494
-8.429286	0.003486
-8.425359	0.003481
-8.421432	0.003481
-8.417505	0.003484
-8.413578	0.003491
-8.409651	0.003501
-8.405724	0.003515
-8.401797	0.003532
-8.397870	0.003553
-8.393943	0.003579
-8.390016	0.003608
-8.386089	0.003641
-8.382162	0.003680
-8.378235	0.003723
-8.374308	0.003771
-8.370381	0.003824
-8.366454	0.003883
-8.362527	0.003947
-8.358600	0.004017
-8.354673	0.004092
-8.350746	0.004173
-8.346819	0.004257
-8.342892	0.004345
-8.338965	0.004435
-8.335038	0.004524
-8.331111	0.004612
-8.327184	0.004695
-8.323257	0.004771
-8.319330	0.004837
-8.315403	0.004890
-8.311476	0.004928
-8.307549	0.004949
-8.303622	0.004952
-8.299695	0.004937
-8.295768	0.004906
-8.291841	0.004861
-8.287914	0.004804
-8.283987	0.004738
-8.280060	0.004666
-8.276133	0.004591
-8.272206	0.004516
-8.268279	0.004441
-8.264352	0.004369
-8.260425	0.004301
-8.256498	0.004237
-8.252571	0.004178
-8.248644	0.004125
-8.244717	0.004078
-8.240790	0.004036
-8.236863	0.004000
-8.232936	0.003970
-8.229009	0.003945
-8.225082	0.003924
-8.221155	0.003909
-8.217228	0.003897
-8.213301	0.003890
-8.209374	0.003885
-8.205447	0.003883
-8.201520	0.003883
-8.197593	0.003883
-8.193666	0.003884
-8.189739	0.003884
-8.185812	0.003882
-8.181885	0.003879
-8.177958	0.003873
-8.174031	0.003865
-8.170104	0.003855
-8.166177	0.003844
-8.162250	0.003832
-8.158323	0.003820
-8.154396	0.003809
-8.150469	0.003799
-8.146542	0.003791
-8.142615	0.003784
-8.138688	0.003780
-8.134761	0.003778
-8.130834	0.003778
-8.126907	0.003781
-8.122981	0.003786
-8.119054	0.003794
-8.115127	0.003804
-8.111200	0.003817
-8.107273	0.003833
-8.103346	0.003852
-8.099419	0.003873
-8.095492	0.003898
-8.091565	0.003925
-8.087638	0.003956
-8.083711	0.003990
-8.079784	0.004026
-8.075857	0.004066
-8.071930	0.004109
-8.068003	0.004154
-8.064076	0.004201
-8.060149	0.004250
-8.056222	0.004299
-8.052295	0.004347
-8.048368	0.004394
-8.044441	0.004439
-8.040514	0.004480
-8.036587	0.004516
-8.032660	0.004547
-8.028733	0.004572
-8.024806	0.004591
-8.020879	0.004603
-8.016952	0.004610
-8.013025	0.004613
-8.009098	0.004612
-8.005171	0.004609
-8.001244	0.004605
-7.997317	0.004603
-7.993390	0.004601
-7.989463	0.004602
-7.985536	0.004605
-7.981609	0.004609
-7.977682	0.004614
-7.973755	0.004618
-7.969828	0.004620
-7.965901	0.004620
-7.961974	0.004615
-7.958047	0.004605
-7.954120	0.004590
-7.950193	0.004570
-7.946266	0.004546
-7.942339	0.004518
-7.938412	0.004490
-7.934485	0.004460
-7.930558	0.004431
-7.926631	0.004404
-7.922704	0.004378
-7.918777	0.004355
-7.914850	0.004335
-7.910923	0.004319
-7.906996	0.004305
-7.903069	0.004294
-7.899142	0.004286
-7.895215	0.004282
-7.891288	0.004280
-7.887361	0.004281
-7.883434	0.004285
-7.879507	0.004291
-7.875580	0.004300
-7.871653	0.004312
-7.867726	0.004326
-7.863799	0.004343
-7.859872	0.004363
-7.855945	0.004385
-7.852018	0.004410
-7.848091	0.004439
-7.844164	0.004471
-7.840237	0.004506
-7.836310	0.004545
-7.832383	0.004588
-7.828456	0.004635
-7.824529	0.004686
-7.820602	0.004741
-7.816675	0.004801
-7.812748	0.004866
-7.808821	0.004936
-7.804894	0.005009
-7.800967	0.005087
-7.797040	0.005168
-7.793113	0.005252
-7.789186	0.005337
-7.785259	0.005423
-7.781332	0.005508
-7.777405	0.005590
-7.773478	0.005669
-7.769551	0.005742
-7.765624	0.005809
-7.761697	0.005868
-7.757770	0.005918
-7.753843	0.005960
-7.749916	0.005992
-7.745989	0.006017
-7.742062	0.006035
-7.738135	0.006048
-7.734208	0.006056
-7.730281	0.006060
-7.726354	0.006059
-7.722427	0.006053
-7.718500	0.006041
-7.714573	0.006022
-7.710646	0.005993
-7.706719	0.005955
-7.702792	0.005909
-7.698865	0.005854
-7.694939	0.005793
-7.691012	0.005728
-7.687085	0.005660
-7.683158	0.005593
-7.679231	0.005527
-7.675304	0.005465
-7.671377	0.005407
-7.667450	0.005354
-7.663523	0.005307
-7.659596	0.005264
-7.655669	0.005228
-7.651742	0.005196
-7.647815	0.005170
-7.643888	0.005149
-7.639961	0.005132
-7.636034	0.005120
-7.632107	0.005112
-7.628180	0.005109
-7.624253	0.005109
-7.620326	0.005113
-7.616399	0.005121
-7.612472	0.005133
-7.608545	0.005148
-7.604618	0.005166
-7.600691	0.005188
-7.596764	0.005213
-7.592837	0.005241
-7.588910	0.005272
-7.584983	0.005305
-7.581056	0.005340
-7.577129	0.005377
-7.573202	0.005415
-7.569275	0.005454
-7.565348	0.005493
-7.561421	0.005534
-7.557494	0.005574
-7.553567	0.005615
-7.549640	0.005655
-7.545713	0.005696
-7.541786	0.005736
-7.537859	0.005775
-7.533932	0.005813
-7.530005	0.005850
-7.526078	0.005885
-7.522151	0.005918
-7.518224	0.005950
-7.514297	0.005981
-7.510370	0.006012
-7.506443	0.006044
-7.502516	0.006076
-7.498589	0.006108
-7.494662	0.006140
-7.490735	0.006171
-7.486808	0.006200
-7.482881	0.006223
-7.478954	0.006240
-7.475027	0.006248
-7.471100	0.006247
-7.467173	0.006237
-7.463246	0.006218
-7.459319	0.006191
-7.455392	0.006157
-7.451465	0.006120
-7.447538	0.006080
-7.443611	0.006040
-7.439684	0.006002
-7.435757	0.005965
-7.431830	0.005932
-7.427903	0.005902
-7.423976	0.005877
-7.420049	0.005855
-7.416122	0.005838
-7.412195	0.005825
-7.408268	0.005815
-7.404341	0.005809
-7.400414	0.005807
-7.396487	0.005808
-7.392560	0.005813
-7.388633	0.005820
-7.384706	0.005831
-7.380779	0.005845
-7.376852	0.005862
-7.372925	0.005881
-7.368998	0.005904
-7.365071	0.005930
-7.361144	0.005959
-7.357217	0.005992
-7.353290	0.006027
-7.349363	0.006067
-7.345436	0.006110
-7.341509	0.006157
-7.337582	0.006208
-7.333655	0.006264
-7.329728	0.006324
-7.325801	0.006389
-7.321874	0.006459
-7.317947	0.006534
-7.314020	0.006612
-7.310093	0.006695
-7.306166	0.006782
-7.302239	0.006871
-7.298312	0.006962
-7.294385	0.007054
-7.290458	0.007144
-7.286531	0.007232
-7.282604	0.007315
-7.278677	0.007391
-7.274750	0.007457
-7.270823	0.007512
-7.266897	0.007554
-7.262970	0.007580
-7.259043	0.007590
-7.255116	0.007585
-7.251189	0.007565
-7.247262	0.007532
-7.243335	0.007489
-7.239408	0.007438
-7.235481	0.007382
-7.231554	0.007324
-7.227627	0.007266
-7.223700	0.007210
-7.219773	0.007157
-7.215846	0.007107
-7.211919	0.007063
-7.207992	0.007024
-7.204065	0.006990
-7.200138	0.006961
-7.196211	0.006937
-7.192284	0.006917
-7.188357	0.006902
-7.184430	0.006891
-7.180503	0.006884
-7.176576	0.006881
-7.172649	0.006881
-7.168722	0.006884
-7.164795	0.006890
-7.160868	0.006899
-7.156941	0.006910
-7.153014	0.006924
-7.149087	0.006940
-7.145160	0.006958
-7.141233	0.006979
-7.137306	0.007002
-7.133379	0.007027
-7.129452	0.007054
-7.125525	0.007084
-7.121598	0.007116
-7.117671	0.007150
-7.113744	0.007186
-7.109817	0.007225
-7.105890	0.007267
-7.101963	0.007312
-7.098036	0.007359
-7.094109	0.007409
-7.090182	0.007462
-7.086255	0.007518
-7.082328	0.007578
-7.078401	0.007640
-7.074474	0.007704
-7.070547	0.007771
-7.066620	0.007840
-7.062693	0.007909
-7.058766	0.007978
-7.054839	0.008045
-7.050912	0.008111
-7.046985	0.008172
-7.043058	0.008228
-7.039131	0.008279
-7.035204	0.008323
-7.031277	0.008361
-7.027350	0.008392
-7.023423	0.008417
-7.019496	0.008436
-7.015569	0.008451
-7.011642	0.008463
-7.007715	0.008471
-7.003788	0.008477
-6.999861	0.008482
-6.995934	0.008485
-6.992007	0.008489
-6.988080	0.008493
-6.984153	0.008498
-6.980226	0.008505
-6.976299	0.008513
-6.972372	0.008523
-6.968445	0.008535
-6.964518	0.008550
-6.960591	0.008567
-6.956664	0.008587
-6.952737	0.008610
-6.948810	0.008635
-6.944883	0.008663
-6.940956	0.008694
-6.937029	0.008728
-6.933102	0.008764
-6.929175	0.008803
-6.925248	0.008844
-6.921321	0.008888
-6.917394	0.008935
-6.913467	0.008984
-6.909540	0.009036
-6.905613	0.009090
-6.901686	0.009148
-6.897759	0.009208
-6.893832	0.009271
-6.889905	0.009337
-6.885978	0.009407
-6.882051	0.009479
-6.878124	0.009556
-6.874197	0.009636
-6.870270	0.009719
-6.866343	0.009807
-6.862416	0.009898
-6.858489	0.009993
-6.854562	0.010091
-6.850635	0.010191
-6.846708	0.010294
-6.842781	0.010399
-6.838855	0.010504
-6.834928	0.010609
-6.831001	0.010712
-6.827074	0.010814
-6.823147	0.010915
-6.819220	0.011013
-6.815293	0.011111
-6.811366	0.011210
-6.807439	0.011309
-6.803512	0.011410
-6.799585	0.011513
-6.795658	0.011619
-6.791731	0.011726
-6.787804	0.011835
-6.783877	0.011942
-6.779950	0.012048
-6.776023	0.012150
-6.772096	0.012247
-6.768169	0.012337
-6.764242	0.012421
-6.760315	0.012497
-6.756388	0.012567
-6.752461	0.012631
-6.748534	0.012690
-6.744607	0.012744
-6.740680	0.012793
-6.736753	0.012838
-6.732826	0.012879
-6.728899	0.012917
-6.724972	0.012953
-6.721045	0.012987
-6.717118	0.013022
-6.713191	0.013058
-6.709264	0.013098
-6.705337	0.013140
-6.701410	0.013188
-6.697483	0.013241
-6.693556	0.013300
-6.689629	0.013365
-6.685702	0.013437
-6.681775	0.013514
-6.677848	0.013598
-6.673921	0.013689
-6.669994	0.013785
-6.666067	0.013887
-6.662140	0.013996
-6.658213	0.014110
-6.654286	0.014230
-6.650359	0.014356
-6.646432	0.014488
-6.642505	0.014625
-6.638578	0.014769
-6.634651	0.014918
-6.630724	0.015074
-6.626797	0.015235
-6.622870	0.015404
-6.618943	0.015578
-6.615016	0.015760
-6.611089	0.015948
-6.607162	0.016144
-6.603235	0.016348
-6.599308	0.016559
-6.595381	0.016778
-6.591454	0.017006
-6.587527	0.017243
-6.583600	0.017489
-6.579673	0.017745
-6.575746	0.018010
-6.571819	0.018286
-6.567892	0.018572
-6.563965	0.018869
-6.560038	0.019179
-6.556111	0.019501
-6.552184	0.019837
-6.548257	0.020188
-6.544330	0.020556
-6.540403	0.020941
-6.536476	0.021345
-6.532549	0.021769
-6.528622	0.022216
-6.524695	0.022686
-6.520768	0.023180
-6.516841	0.023701
-6.512914	0.024248
-6.508987	0.024822
-6.505060	0.025425
-6.501133	0.026056
-6.497206	0.026715
-6.493279	0.027404
-6.489352	0.028122
-6.485425	0.028871
-6.481498	0.029654
-6.477571	0.030474
-6.473644	0.031336
-6.469717	0.032244
-6.465790	0.033206
-6.461863	0.034227
-6.457936	0.035313
-6.454009	0.036471
-6.450082	0.037706
-6.446155	0.039025
-6.442228	0.040434
-6.438301	0.041940
-6.434374	0.043549
-6.430447	0.045272
-6.426520	0.047118
-6.422593	0.049099
-6.418666	0.051229
-6.414739	0.053524
-6.410813	0.056001
-6.406886	0.058681
-6.402959	0.061587
-6.399032	0.064742
-6.395105	0.068172
-6.391178	0.071901
-6.387251	0.075955
-6.383324	0.080353
-6.379397	0.085113
-6.375470	0.090240
-6.371543	0.095728
-6.367616	0.101549
-6.363689	0.107648
-6.359762	0.113936
-6.355835	0.120280
-6.351908	0.126505
-6.347981	0.132390
-6.344054	0.137683
-6.340127	0.142123
-6.336200	0.145462
-6.332273	0.147502
-6.328346	0.148127
-6.324419	0.147314
-6.320492	0.145145
-6.316565	0.141785
-6.312638	0.137460
-6.308711	0.132422
-6.304784	0.126923
-6.300857	0.121194
-6.296930	0.115427
-6.293003	0.109775
-6.289076	0.104352
-6.285149	0.099236
-6.281222	0.094475
-6.277295	0.090093
-6.273368	0.086100
-6.269441	0.082490
-6.265514	0.079251
-6.261587	0.076364
-6.257660	0.073809
-6.253733	0.071565
-6.249806	0.069609
-6.245879	0.067921
-6.241952	0.066481
-6.238025	0.065272
-6.234098	0.064279
-6.230171	0.063487
-6.226244	0.062885
-6.222317	0.062462
-6.218390	0.062210
-6.214463	0.062123
-6.210536	0.062195
-6.206609	0.062422
-6.202682	0.062802
-6.198755	0.063335
-6.194828	0.064021
-6.190901	0.064863
-6.186974	0.065863
-6.183047	0.067028
-6.179120	0.068363
-6.175193	0.069877
-6.171266	0.071579
-6.167339	0.073482
-6.163412	0.075599
-6.159485	0.077946
-6.155558	0.080542
-6.151631	0.083408
-6.147704	0.086566
-6.143777	0.090045
-6.139850	0.093873
-6.135923	0.098084
-6.131996	0.102716
-6.128069	0.107807
-6.124142	0.113403
-6.120215	0.119548
-6.116288	0.126292
-6.112361	0.133683
-6.108434	0.141767
-6.104507	0.150583
-6.100580	0.160164
-6.096653	0.170520
-6.092726	0.181640
-6.088799	0.193474
-6.084872	0.205926
-6.080945	0.218840
-6.077018	0.231990
-6.073091	0.245080
-6.069164	0.257745
-6.065237	0.269567
-6.061310	0.280106
-6.057383	0.288930
-6.053456	0.295657
-6.049529	0.299989
-6.045602	0.301740
-6.041675	0.300851
-6.037748	0.297396
-6.033821	0.291576
-6.029894	0.283704
-6.025967	0.274174
-6.022040	0.263424
-6.018113	0.251902
-6.014186	0.240027
-6.010259	0.228161
-6.006332	0.216600
-6.002405	0.205567
-5.998478	0.195216
-5.994551	0.185641
-5.990624	0.176893
-5.986698	0.168985
-5.982771	0.161907
-5.978844	0.155632
-5.974917	0.150127
-5.970990	0.145351
-5.967063	0.141264
-5.963136	0.137826
-5.959209	0.135002
-5.955282	0.132756
-5.951355	0.131059
-5.947428	0.129883
-5.943501	0.129201
-5.939574	0.128988
-5.935647	0.129219
-5.931720	0.129864
-5.927793	0.130892
-5.923866	0.132265
-5.919939	0.133938
-5.916012	0.135861
-5.912085	0.137980
-5.908158	0.140243
-5.904231	0.142601
-5.900304	0.145022
-5.896377	0.147490
-5.892450	0.150012
-5.888523	0.152617
-5.884596	0.155347
-5.880669	0.158255
-5.876742	0.161390
-5.872815	0.164789
-5.868888	0.168473
-5.864961	0.172439
-5.861034	0.176661
-5.857107	0.181091
-5.853180	0.185666
-5.849253	0.190312
-5.845326	0.194958
-5.841399	0.199541
-5.837472	0.204020
-5.833545	0.208384
-5.829618	0.212655
-5.825691	0.216893
-5.821764	0.221183
-5.817837	0.225635
-5.813910	0.230361
-5.809983	0.235472
-5.806056	0.241059
-5.802129	0.247193
-5.798202	0.253920
-5.794275	0.261261
-5.790348	0.269214
-5.786421	0.277749
-5.782494	0.286805
-5.778567	0.296284
-5.774640	0.306054
-5.770713	0.315947
-5.766786	0.325785
-5.762859	0.335397
-5.758932	0.344663
-5.755005	0.353543
-5.751078	0.362101
-5.747151	0.370513
-5.743224	0.379051
-5.739297	0.388056
-5.735370	0.397895
-5.731443	0.408923
-5.727516	0.421448
-5.723589	0.435710
-5.719662	0.451857
-5.715735	0.469939
-5.711808	0.489898
-5.707881	0.511563
-5.703954	0.534647
-5.700027	0.558755
-5.696100	0.583394
-5.692173	0.607998
-5.688246	0.631942
-5.684319	0.654572
-5.680392	0.675222
-5.676465	0.693236
-5.672538	0.708005
-5.668611	0.719015
-5.664684	0.725917
-5.660757	0.728579
-5.656830	0.727114
-5.652903	0.721864
-5.648976	0.713327
-5.645049	0.702052
-5.641122	0.688536
-5.637195	0.673154
-5.633268	0.656156
-5.629341	0.637714
-5.625414	0.617993
-5.621487	0.597205
-5.617560	0.575639
-5.613633	0.553646
-5.609706	0.531623
-5.605779	0.509973
-5.601852	0.489081
-5.597925	0.469286
-5.593998	0.450869
-5.590071	0.434044
-5.586144	0.418956
-5.582217	0.405684
-5.578290	0.394249
-5.574363	0.384626
-5.570436	0.376749
-5.566509	0.370521
-5.562582	0.365829
-5.558656	0.362551
-5.554729	0.360565
-5.550802	0.359765
-5.546875	0.360069
-5.542948	0.361420
-5.539021	0.363796
-5.535094	0.367199
-5.531167	0.371654
-5.527240	0.377195
-5.523313	0.383850
-5.519386	0.391622
-5.515459	0.400476
-5.511532	0.410321
-5.507605	0.421000
-5.503678	0.432292
-5.499751	0.443926
-5.495824	0.455595
-5.491897	0.466996
-5.487970	0.477856
-5.484043	0.487952
-5.480116	0.497128
-5.476189	0.505288
-5.472262	0.512392
-5.468335	0.518456
-5.464408	0.523563
-5.460481	0.527856
-5.456554	0.531533
-5.452627	0.534796
-5.448700	0.537813
-5.444773	0.540674
-5.440846	0.543393
-5.436919	0.545923
-5.432992	0.548177
-5.429065	0.550039
-5.425138	0.551364
-5.421211	0.551974
-5.417284	0.551694
-5.413357	0.550389
-5.409430	0.548002
-5.405503	0.544545
-5.401576	0.540061
-5.397649	0.534576
-5.393722	0.528060
-5.389795	0.520438
-5.385868	0.511640
-5.381941	0.501656
-5.378014	0.490578
-5.374087	0.478601
-5.370160	0.465991
-5.366233	0.453050
-5.362306	0.440087
-5.358379	0.427401
-5.354452	0.415262
-5.350525	0.403898
-5.346598	0.393474
-5.342671	0.384079
-5.338744	0.375724
-5.334817	0.368348
-5.330890	0.361834
-5.326963	0.356021
-5.323036	0.350732
-5.319109	0.345785
-5.315182	0.341019
-5.311255	0.336304
-5.307328	0.331550
-5.303401	0.326698
-5.299474	0.321718
-5.295547	0.316592
-5.291620	0.311314
-5.287693	0.305884
-5.283766	0.300318
-5.279839	0.294652
-5.275912	0.288949
-5.271985	0.283294
-5.268058	0.277795
-5.264131	0.272570
-5.260204	0.267740
-5.256277	0.263414
-5.252350	0.259683
-5.248423	0.256614
-5.244496	0.254241
-5.240569	0.252571
-5.236642	0.251588
-5.232715	0.251254
-5.228788	0.251521
-5.224861	0.252344
-5.220934	0.253689
-5.217007	0.255546
-5.213080	0.257937
-5.209153	0.260912
-5.205226	0.264552
-5.201299	0.268960
-5.197372	0.274249
-5.193445	0.280536
-5.189518	0.287933
-5.185591	0.296539
-5.181664	0.306439
-5.177737	0.317689
-5.173810	0.330315
-5.169883	0.344296
-5.165956	0.359556
-5.162029	0.375944
-5.158102	0.393224
-5.154175	0.411061
-5.150248	0.429027
-5.146321	0.446611
-5.142394	0.463253
-5.138467	0.478377
-5.134540	0.491434
-5.130614	0.501941
-5.126687	0.509512
-5.122760	0.513882
-5.118833	0.514935
-5.114906	0.512709
-5.110979	0.507404
-5.107052	0.499350
-5.103125	0.488983
-5.099198	0.476797
-5.095271	0.463318
-5.091344	0.449073
-5.087417	0.434568
-5.083490	0.420274
-5.079563	0.406608
-5.075636	0.393923
-5.071709	0.382500
-5.067782	0.372556
-5.063855	0.364246
-5.059928	0.357676
-5.056001	0.352912
-5.052074	0.349987
-5.048147	0.348911
-5.044220	0.349667
-5.040293	0.352215
-5.036366	0.356482
-5.032439	0.362361
-5.028512	0.369699
-5.024585	0.378298
-5.020658	0.387906
-5.016731	0.398223
-5.012804	0.408912
-5.008877	0.419609
-5.004950	0.429940
-5.001023	0.439534
-4.997096	0.448036
-4.993169	0.455123
-4.989242	0.460528
-4.985315	0.464080
-4.981388	0.465753
-4.977461	0.465700
-4.973534	0.464260
-4.969607	0.461909
-4.965680	0.459178
-4.961753	0.456559
-4.957826	0.454416
-4.953899	0.452936
-4.949972	0.452118
-4.946045	0.451810
-4.942118	0.451778
-4.938191	0.451785
-4.934264	0.451658
-4.930337	0.451326
-4.926410	0.450824
-4.922483	0.450271
-4.918556	0.449842
-4.914629	0.449731
-4.910702	0.450118
-4.906775	0.451134
-4.902848	0.452832
-4.898921	0.455151
-4.894994	0.457883
-4.891067	0.460662
-4.887140	0.462970
-4.883213	0.464182
-4.879286	0.463648
-4.875359	0.460796
-4.871432	0.455225
-4.867505	0.446776
-4.863578	0.435551
-4.859651	0.421881
-4.855724	0.406266
-4.851797	0.389291
-4.847870	0.371551
-4.843943	0.353590
-4.840016	0.335863
-4.836089	0.318724
-4.832162	0.302427
-4.828235	0.287133
-4.824308	0.272933
-4.820381	0.259860
-4.816454	0.247907
-4.812527	0.237041
-4.808600	0.227210
-4.804673	0.218353
-4.800746	0.210407
-4.796819	0.203307
-4.792892	0.196992
-4.788965	0.191403
-4.785038	0.186487
-4.781111	0.182196
-4.777184	0.178488
-4.773257	0.175324
-4.769330	0.172673
-4.765403	0.170505
-4.761476	0.168799
-4.757549	0.167535
-4.753622	0.166697
-4.749695	0.166276
-4.745768	0.166264
-4.741841	0.166657
-4.737914	0.167456
-4.733987	0.168665
-4.730060	0.170291
-4.726133	0.172345
-4.722206	0.174844
-4.718279	0.177806
-4.714352	0.181255
-4.710425	0.185220
-4.706498	0.189734
-4.702572	0.194834
-4.698645	0.200565
-4.694718	0.206975
-4.690791	0.214119
-4.686864	0.222058
-4.682937	0.230858
-4.679010	0.240590
-4.675083	0.251330
-4.671156	0.263155
-4.667229	0.276143
-4.663302	0.290368
-4.659375	0.305892
-4.655448	0.322763
-4.651521	0.341000
-4.647594	0.360589
-4.643667	0.381466
-4.639740	0.403513
-4.635813	0.426548
-4.631886	0.450326
-4.627959	0.474553
-4.624032	0.498897
-4.620105	0.523021
-4.616178	0.546609
-4.612251	0.569384
-4.608324	0.591117
-4.604397	0.611616
-4.600470	0.630705
-4.596543	0.648217
-4.592616	0.663995
-4.588689	0.677924
-4.584762	0.689973
-4.580835	0.700229
-4.576908	0.708907
-4.572981	0.716314
-4.569054	0.722785
-4.565127	0.728602
-4.561200	0.733913
-4.557273	0.738672
-4.553346	0.742600
-4.549419	0.745185
-4.545492	0.745711
-4.541565	0.743359
-4.537638	0.737372
-4.533711	0.727262
-4.529784	0.712979
-4.525857	0.694956
-4.521930	0.673985
-4.518003	0.650966
-4.514076	0.626656
-4.510149	0.601509
-4.506222	0.575646
-4.502295	0.548952
-4.498368	0.521266
-4.494441	0.492601
-4.490514	0.463323
-4.486587	0.434204
-4.482660	0.406286
-4.478733	0.380593
-4.474806	0.357810
-4.470879	0.338093
-4.466952	0.321092
-4.463025	0.306148
-4.459098	0.292540
-4.455171	0.279669
-4.451244	0.267148
-4.447317	0.254812
-4.443390	0.242692
-4.439463	0.230982
-4.435536	0.219999
-4.431609	0.210145
-4.427682	0.201841
-4.423755	0.195434
-4.419828	0.191101
-4.415901	0.188777
-4.411974	0.188163
-4.408047	0.188812
-4.404120	0.190260
-4.400193	0.192137
-4.396266	0.194201
-4.392339	0.196335
-4.388412	0.198509
-4.384485	0.200754
-4.380558	0.203134
-4.376631	0.205729
-4.372704	0.208626
-4.368777	0.211908
-4.364850	0.215652
-4.360923	0.219928
-4.356996	0.224802
-4.353069	0.230337
-4.349142	0.236596
-4.345215	0.243640
-4.341288	0.251518
-4.337361	0.260262
-4.333434	0.269863
-4.329507	0.280263
-4.325580	0.291330
-4.321653	0.302855
-4.317726	0.314542
-4.313799	0.326014
-4.309872	0.336830
-4.305945	0.346516
-4.302018	0.354618
-4.298091	0.360750
-4.294164	0.364648
-4.290237	0.366191
-4.286310	0.365402
-4.282383	0.362421
-4.278456	0.357470
-4.274530	0.350830
-4.270603	0.342818
-4.266676	0.333778
-4.262749	0.324068
-4.258822	0.314040
-4.254895	0.304023
-4.250968	0.294300
-4.247041	0.285101
-4.243114	0.276594
-4.239187	0.268893
-4.235260	0.262063
-4.231333	0.256133
-4.227406	0.251109
-4.223479	0.246980
-4.219552	0.243731
-4.215625	0.241345
-4.211698	0.239808
-4.207771	0.239112
-4.203844	0.239254
-4.199917	0.240236
-4.195990	0.242065
-4.192063	0.244755
-4.188136	0.248326
-4.184209	0.252802
-4.180282	0.258217
-4.176355	0.264611
-4.172428	0.272034
-4.168501	0.280543
-4.164574	0.290203
-4.160647	0.301087
-4.156720	0.313277
-4.152793	0.326856
-4.148866	0.341909
-4.144939	0.358514
-4.141012	0.376736
-4.137085	0.396616
-4.133158	0.418156
-4.129231	0.441302
-4.125304	0.465926
-4.121377	0.491810
-4.117450	0.518628
-4.113523	0.545944
-4.109596	0.573219
-4.105669	0.599839
-4.101742	0.625162
-4.097815	0.648572
-4.093888	0.669545
-4.089961	0.687698
-4.086034	0.702815
-4.082107	0.714857
-4.078180	0.723938
-4.074253	0.730288
-4.070326	0.734217
-4.066399	0.736071
-4.062472	0.736201
-4.058545	0.734944
-4.054618	0.732604
-4.050691	0.729448
-4.046764	0.725701
-4.042837	0.721551
-4.038910	0.717147
-4.034983	0.712604
-4.031056	0.708006
-4.027129	0.703405
-4.023202	0.698828
-4.019275	0.694273
-4.015348	0.689720
-4.011421	0.685132
-4.007494	0.680467
-4.003567	0.675695
-3.999640	0.670818
-3.995713	0.665888
-3.991786	0.661026
-3.987859	0.656423
-3.983932	0.652329
-3.980005	0.649020
-3.976078	0.646743
-3.972151	0.645667
-3.968224	0.645837
-3.964297	0.647162
-3.960370	0.649424
-3.956443	0.652333
-3.952516	0.655579
-3.948589	0.658889
-3.944662	0.662074
-3.940735	0.665048
-3.936808	0.667832
-3.932881	0.670536
-3.928954	0.673326
-3.925027	0.676381
-3.921100	0.679859
-3.917173	0.683868
-3.913246	0.688442
-3.909319	0.693538
-3.905392	0.699037
-3.901465	0.704757
-3.897538	0.710461
-3.893611	0.715877
-3.889684	0.720712
-3.885757	0.724669
-3.881830	0.727471
-3.877903	0.728877
-3.873976	0.728707
-3.870049	0.726854
-3.866122	0.723294
-3.862195	0.718080
-3.858268	0.711327
-3.854341	0.703191
-3.850414	0.693839
-3.846488	0.683429
-3.842561	0.672092
-3.838634	0.659920
-3.834707	0.646972
-3.830780	0.633274
-3.826853	0.618843
-3.822926	0.603700
-3.818999	0.587888
-3.815072	0.571477
-3.811145	0.554562
-3.807218	0.537255
-3.803291	0.519680
-3.799364	0.501964
-3.795437	0.484247
-3.791510	0.466682
-3.787583	0.449437
-3.783656	0.432688
-3.779729	0.416617
-3.775802	0.401392
-3.771875	0.387164
-3.767948	0.374052
-3.764021	0.362141
-3.760094	0.351485
-3.756167	0.342106
-3.752240	0.334003
-3.748313	0.327158
-3.744386	0.321546
-3.740459	0.317135
-3.736532	0.313896
-3.732605	0.311809
-3.728678	0.310859
-3.724751	0.311042
-3.720824	0.312368
-3.716897	0.314855
-3.712970	0.318533
-3.709043	0.323444
-3.705116	0.329636
-3.701189	0.337166
-3.697262	0.346095
-3.693335	0.356486
-3.689408	0.368400
-3.685481	0.381886
-3.681554	0.396976
-3.677627	0.413668
-3.673700	0.431917
-3.669773	0.451614
-3.665846	0.472571
-3.661919	0.494506
-3.657992	0.517037
-3.654065	0.539693
-3.650138	0.561942
-3.646211	0.583246
-3.642284	0.603132
-3.638357	0.621268
-3.634430	0.637519
-3.630503	0.651962
-3.626576	0.664862
-3.622649	0.676597
-3.618722	0.687579
-3.614795	0.698167
-3.610868	0.708604
-3.606941	0.718969
-3.603014	0.729137
-3.599087	0.738761
-3.595160	0.747279
-3.591233	0.753960
-3.587306	0.757989
-3.583379	0.758591
-3.579452	0.755166
-3.575525	0.747391
-3.571598	0.735268
-3.567671	0.719109
-3.563744	0.699465
-3.559817	0.677037
-3.555890	0.652583
-3.551963	0.626854
-3.548036	0.600543
-3.544109	0.574260
-3.540182	0.548510
-3.536255	0.523691
-3.532328	0.500096
-3.528401	0.477925
-3.524474	0.457300
-3.520547	0.438281
-3.516620	0.420889
-3.512693	0.405112
-3.508766	0.390923
-3.504839	0.378286
-3.500912	0.367157
-3.496985	0.357490
-3.493058	0.349239
-3.489131	0.342359
-3.485204	0.336802
-3.481277	0.332525
-3.477350	0.329484
-3.473423	0.327637
-3.469496	0.326942
-3.465569	0.327351
-3.461642	0.328815
-3.457715	0.331275
-3.453788	0.334662
-3.449861	0.338898
-3.445934	0.343890
-3.442007	0.349538
-3.438080	0.355734
-3.434153	0.362375
-3.430226	0.369370
-3.426299	0.376647
-3.422372	0.384165
-3.418446	0.391920
-3.414519	0.399948
-3.410592	0.408319
-3.406665	0.417139
-3.402738	0.426538
-3.398811	0.436662
-3.394884	0.447668
-3.390957	0.459725
-3.387030	0.473004
-3.383103	0.487678
-3.379176	0.503916
-3.375249	0.521869
-3.371322	0.541656
-3.367395	0.563340
-3.363468	0.586903
-3.359541	0.612230
-3.355614	0.639086
-3.351687	0.667110
-3.347760	0.695818
-3.343833	0.724631
-3.339906	0.752911
-3.335979	0.780020
-3.332052	0.805386
-3.328125	0.828554
-3.324198	0.849222
-3.320271	0.867257
-3.316344	0.882676
-3.312417	0.895621
-3.308490	0.906320
-3.304563	0.915055
-3.300636	0.922132
-3.296709	0.927868
-3.292782	0.932583
-3.288855	0.936590
-3.284928	0.940183
-3.281001	0.943622
-3.277074	0.947103
-3.273147	0.950730
-3.269220	0.954498
-3.265293	0.958288
-3.261366	0.961883
-3.257439	0.964992
-3.253512	0.967287
-3.249585	0.968435
-3.245658	0.968128
-3.241731	0.966109
-3.237804	0.962204
-3.233877	0.956358
-3.229950	0.948664
-3.226023	0.939389
-3.222096	0.928973
-3.218169	0.918004
-3.214242	0.907165
-3.210315	0.897177
-3.206388	0.888740
-3.202461	0.882486
-3.198534	0.878944
-3.194607	0.878516
-3.190680	0.881454
-3.186753	0.887835
-3.182826	0.897535
-3.178899	0.910197
-3.174972	0.925208
-3.171045	0.941679
-3.167118	0.958448
-3.163191	0.974127
-3.159264	0.987184
-3.155337	0.996078
-3.151410	0.999433
-3.147483	0.996218
-3.143556	0.985895
-3.139629	0.968497
-3.135702	0.944607
-3.131775	0.915256
-3.127848	0.881751
-3.123921	0.845497
-3.119994	0.807842
-3.116067	0.769964
-3.112140	0.732817
-3.108213	0.697113
-3.104286	0.663345
-3.100359	0.631820
-3.096432	0.602701
-3.092505	0.576046
-3.088578	0.551843
-3.084651	0.530036
-3.080724	0.510541
-3.076797	0.493262
-3.072870	0.478095
-3.068943	0.464933
-3.065016	0.453672
-3.061089	0.444213
-3.057162	0.436463
-3.053235	0.430335
-3.049308	0.425751
-3.045381	0.422634
-3.041454	0.420909
-3.037527	0.420495
-3.033600	0.421305
-3.029673	0.423250
-3.025746	0.426245
-3.021819	0.430222
-3.017892	0.435145
-3.013965	0.441016
-3.010038	0.447868
-3.006111	0.455735
-3.002184	0.464603
-2.998257	0.474361
-2.994330	0.484767
-2.990404	0.495468
-2.986477	0.506072
-2.982550	0.516251
-2.978623	0.525844
-2.974696	0.534918
-2.970769	0.543758
-2.966842	0.552783
-2.962915	0.562419
-2.958988	0.572960
-2.955061	0.584458
-2.951134	0.596682
-2.947207	0.609153
-2.943280	0.621241
-2.939353	0.632300
-2.935426	0.641793
-2.931499	0.649376
-2.927572	0.654926
-2.923645	0.658509
-2.919718	0.660305
-2.915791	0.660523
-2.911864	0.659320
-2.907937	0.656758
-2.904010	0.652796
-2.900083	0.647328
-2.896156	0.640241
-2.892229	0.631488
-2.888302	0.621143
-2.884375	0.609425
-2.880448	0.596685
-2.876521	0.583373
-2.872594	0.569978
-2.868667	0.556985
-2.864740	0.544825
-2.860813	0.533862
-2.856886	0.524375
-2.852959	0.516570
-2.849032	0.510588
-2.845105	0.506524
-2.841178	0.504435
-2.837251	0.504362
-2.833324	0.506333
-2.829397	0.510378
-2.825470	0.516530
-2.821543	0.524833
-2.817616	0.535341
-2.813689	0.548120
-2.809762	0.563249
-2.805835	0.580815
-2.801908	0.600914
-2.797981	0.623642
-2.794054	0.649092
-2.790127	0.677347
-2.786200	0.708477
-2.782273	0.742529
-2.778346	0.779525
-2.774419	0.819462
-2.770492	0.862306
-2.766565	0.907984
-2.762638	0.956371
-2.758711	1.007253
-2.754784	1.060297
-2.750857	1.115003
-2.746930	1.170675
-2.743003	1.226415
-2.739076	1.281157
-2.735149	1.333742
-2.731222	1.383027
-2.727295	1.428007
-2.723368	1.467921
-2.719441	1.502321
-2.715514	1.531087
-2.711587	1.554392
-2.707660	1.572634
-2.703733	1.586355
-2.699806	1.596151
-2.695879	1.602606
-2.691952	1.606230
-2.688025	1.607419
-2.684098	1.606429
-2.680171	1.603352
-2.676244	1.598106
-2.672317	1.590429
-2.668390	1.579889
-2.664463	1.565912
-2.660536	1.547841
-2.656609	1.525022
-2.652682	1.496926
-2.648755	1.463276
-2.644828	1.424150
-2.640901	1.380037
-2.636974	1.331816
-2.633047	1.280663
-2.629120	1.227915
-2.625193	1.174929
-2.621266	1.122947
-2.617339	1.073023
-2.613412	1.025974
-2.609485	0.982387
-2.605558	0.942639
-2.601631	0.906937
-2.597704	0.875358
-2.593777	0.847888
-2.589850	0.824457
-2.585923	0.804962
-2.581996	0.789290
-2.578069	0.777333
-2.574142	0.768996
-2.570215	0.764207
-2.566288	0.762921
-2.562362	0.765123
-2.558435	0.770830
-2.554508	0.780093
-2.550581	0.792998
-2.546654	0.809666
-2.542727	0.830247
-2.538800	0.854925
-2.534873	0.883907
-2.530946	0.917419
-2.527019	0.955693
-2.523092	0.998946
-2.519165	1.047364
-2.515238	1.101059
-2.511311	1.160027
-2.507384	1.224094
-2.503457	1.292846
-2.499530	1.365558
-2.495603	1.441126
-2.491676	1.518022
-2.487749	1.594281
-2.483822	1.667563
-2.479895	1.735282
-2.475968	1.794817
-2.472041	1.843790
-2.468114	1.880350
-2.464187	1.903432
-2.460260	1.912913
-2.456333	1.909637
-2.452406	1.895294
-2.448479	1.872177
-2.444552	1.842866
-2.440625	1.809903
-2.436698	1.775512
-2.432771	1.741404
-2.428844	1.708680
-2.424917	1.677831
-2.420990	1.648821
-2.417063	1.621227
-2.413136	1.594419
-2.409209	1.567736
-2.405282	1.540636
-2.401355	1.512793
-2.397428	1.484129
-2.393501	1.454791
-2.389574	1.425086
-2.385647	1.395407
-2.381720	1.366156
-2.377793	1.337694
-2.373866	1.310308
-2.369939	1.284200
-2.366012	1.259494
-2.362085	1.236251
-2.358158	1.214482
-2.354231	1.194164
-2.350304	1.175256
-2.346377	1.157699
-2.342450	1.141432
-2.338523	1.126388
-2.334596	1.112497
-2.330669	1.099693
-2.326742	1.087909
-2.322815	1.077081
-2.318888	1.067149
-2.314961	1.058055
-2.311034	1.049746
-2.307107	1.042173
-2.303180	1.035289
-2.299253	1.029055
-2.295326	1.023433
-2.291399	1.018389
-2.287472	1.013893
-2.283545	1.009919
-2.279618	1.006444
-2.275691	1.003448
-2.271764	1.000912
-2.267837	0.998824
-2.263910	0.997169
-2.259983	0.995939
-2.256056	0.995125
-2.252129	0.994721
-2.248202	0.994724
-2.244275	0.995131
-2.240348	0.995941
-2.236421	0.997155
-2.232494	0.998774
-2.228567	1.000800
-2.224640	1.003236
-2.220713	1.006085
-2.216786	1.009349
-2.212859	1.013029
-2.208932	1.017124
-2.205005	1.021632
-2.201078	1.026545
-2.197151	1.031848
-2.193224	1.037521
-2.189297	1.043535
-2.185370	1.049848
-2.181443	1.056405
-2.177516	1.063137
-2.173589	1.069958
-2.169662	1.076771
-2.165735	1.083467
-2.161808	1.089936
-2.157881	1.096086
-2.153954	1.101855
-2.150027	1.107242
-2.146100	1.112332
-2.142173	1.117323
-2.138246	1.122528
-2.134320	1.128376
-2.130393	1.135368
-2.126466	1.144023
-2.122539	1.154793
-2.118612	1.167980
-2.114685	1.183649
-2.110758	1.201566
-2.106831	1.221160
-2.102904	1.241525
-2.098977	1.261470
-2.095050	1.279609
-2.091123	1.294496
-2.087196	1.304771
-2.083269	1.309302
-2.079342	1.307284
-2.075415	1.298287
-2.071488	1.282253
-2.067561	1.259457
-2.063634	1.230449
-2.059707	1.196002
-2.055780	1.157059
-2.051853	1.114688
-2.047926	1.070022
-2.043999	1.024204
-2.040072	0.978320
-2.036145	0.933345
-2.032218	0.890095
-2.028291	0.849217
-2.024364	0.811178
-2.020437	0.776290
-2.016510	0.744728
-2.012583	0.716567
-2.008656	0.691805
-2.004729	0.670390
-2.000802	0.652242
-1.996875	0.637266
-1.992948	0.625363
-1.989021	0.616439
-1.985094	0.610402
-1.981167	0.607165
-1.977240	0.606643
-1.973313	0.608741
-1.969386	0.613349
-1.965459	0.620330
-1.961532	0.629504
-1.957605	0.640640
-1.953678	0.653446
-1.949751	0.667570
-1.945824	0.682609
-1.941897	0.698125
-1.937970	0.713681
-1.934043	0.728871
-1.930116	0.743354
-1.926189	0.756877
-1.922262	0.769284
-1.918335	0.780514
-1.914408	0.790585
-1.910481	0.799575
-1.906554	0.807599
-1.902627	0.814792
-1.898700	0.821292
-1.894773	0.827234
-1.890846	0.832739
-1.886919	0.837915
-1.882992	0.842855
-1.879065	0.847637
-1.875138	0.852327
-1.871211	0.856980
-1.867284	0.861640
-1.863357	0.866344
-1.859430	0.871122
-1.855503	0.876001
-1.851576	0.881001
-1.847649	0.886140
-1.843722	0.891434
-1.839795	0.896897
-1.835868	0.902539
-1.831941	0.908373
-1.828014	0.914408
-1.824087	0.920654
-1.820160	0.927120
-1.816233	0.933816
-1.812306	0.940751
-1.808379	0.947934
-1.804452	0.955374
-1.800525	0.963081
-1.796598	0.971064
-1.792671	0.979333
-1.788744	0.987899
-1.784817	0.996772
-1.780890	1.005961
-1.776963	1.015478
-1.773036	1.025333
-1.769109	1.035535
-1.765182	1.046095
-1.761255	1.057021
-1.757328	1.068320
-1.753401	1.079999
-1.749474	1.092062
-1.745547	1.104509
-1.741620	1.117336
-1.737693	1.130536
-1.733766	1.144094
-1.729839	1.157984
-1.725912	1.172173
-1.721985	1.186610
-1.718058	1.201227
-1.714131	1.215936
-1.710205	1.230617
-1.706278	1.245118
-1.702351	1.259243
-1.698424	1.272746
-1.694497	1.285320
-1.690570	1.296589
-1.686643	1.306100
-1.682716	1.313319
-1.678789	1.317630
-1.674862	1.318350
-1.670935	1.314753
-1.667008	1.306113
-1.663081	1.291767
-1.659154	1.271193
-1.655227	1.244094
-1.651300	1.210479
-1.647373	1.170708
-1.643446	1.125494
-1.639519	1.075856
-1.635592	1.023022
-1.631665	0.968303
-1.627738	0.912974
-1.623811	0.858172
-1.619884	0.804832
-1.615957	0.753665
-1.612030	0.705157
-1.608103	0.659601
-1.604176	0.617127
-1.600249	0.577745
-1.596322	0.541374
-1.592395	0.507879
-1.588468	0.477087
-1.584541	0.448807
-1.580614	0.422843
-1.576687	0.399001
-1.572760	0.377096
-1.568833	0.356953
-1.564906	0.338410
-1.560979	0.321319
-1.557052	0.305544
-1.553125	0.290963
-1.549198	0.277466
-1.545271	0.264951
-1.541344	0.253331
-1.537417	0.242523
-1.533490	0.232456
-1.529563	0.223065
-1.525636	0.214291
-1.521709	0.206081
-1.517782	0.198389
-1.513855	0.191170
-1.509928	0.184388
-1.506001	0.178007
-1.502074	0.171996
-1.498147	0.166326
-1.494220	0.160971
-1.490293	0.155909
-1.486366	0.151117
-1.482439	0.146575
-1.478512	0.142268
-1.474585	0.138177
-1.470658	0.134289
-1.466731	0.130589
-1.462804	0.127066
-1.458877	0.123708
-1.454950	0.120503
-1.451023	0.117444
-1.447096	0.114520
-1.443169	0.111723
-1.439242	0.109047
-1.435315	0.106483
-1.431388	0.104025
-1.427461	0.101667
-1.423534	0.099404
-1.419607	0.097230
-1.415680	0.095141
-1.411753	0.093131
-1.407826	0.091197
-1.403899	0.089334
-1.399972	0.087540
-1.396045	0.085810
-1.392118	0.084142
-1.388191	0.082531
-1.384264	0.080976
-1.380337	0.079474
-1.376410	0.078023
-1.372483	0.076619
-1.368556	0.075261
-1.364629	0.073946
-1.360702	0.072673
-1.356775	0.071440
-1.352848	0.070245
-1.348921	0.069087
-1.344994	0.067963
-1.341067	0.066873
-1.337140	0.065814
-1.333213	0.064787
-1.329286	0.063789
-1.325359	0.062819
-1.321432	0.061876
-1.317505	0.060959
-1.313578	0.060068
-1.309651	0.059200
-1.305724	0.058356
-1.301797	0.057534
-1.297870	0.056733
-1.293943	0.055953
-1.290016	0.055193
-1.286089	0.054452
-1.282163	0.053730
-1.278236	0.053026
-1.274309	0.052339
-1.270382	0.051668
-1.266455	0.051014
-1.262528	0.050375
-1.258601	0.049751
-1.254674	0.049142
-1.250747	0.048547
-1.246820	0.047965
-1.242893	0.047396
-1.238966	0.046841
-1.235039	0.046297
-1.231112	0.045766
-1.227185	0.045246
-1.223258	0.044737
-1.219331	0.044239
-1.215404	0.043752
-1.211477	0.043275
-1.207550	0.042808
-1.203623	0.042351
-1.199696	0.041903
-1.195769	0.041464
-1.191842	0.041034
-1.187915	0.040612
-1.183988	0.040199
-1.180061	0.039794
-1.176134	0.039397
-1.172207	0.039007
-1.168280	0.038625
-1.164353	0.038251
-1.160426	0.037883
-1.156499	0.037522
-1.152572	0.037168
-1.148645	0.036821
-1.144718	0.036479
-1.140791	0.036145
-1.136864	0.035816
-1.132937	0.035493
-1.129010	0.035175
-1.125083	0.034864
-1.121156	0.034557
-1.117229	0.034256
-1.113302	0.033961
-1.109375	0.033670
-1.105448	0.033384
-1.101521	0.033104
-1.097594	0.032828
-1.093667	0.032556
-1.089740	0.032289
-1.085813	0.032026
-1.081886	0.031768
-1.077959	0.031514
-1.074032	0.031264
-1.070105	0.031018
-1.066178	0.030776
-1.062251	0.030538
-1.058324	0.030304
-1.054397	0.030073
-1.050470	0.029846
-1.046543	0.029622
-1.042616	0.029402
-1.038689	0.029185
-1.034762	0.028972
-1.030835	0.028761
-1.026908	0.028554
-1.022981	0.028350
-1.019054	0.028149
-1.015127	0.027951
-1.011200	0.027756
-1.007273	0.027564
-1.003346	0.027375
-0.999419	0.027188
-0.995492	0.027004
-0.991565	0.026823
-0.987638	0.026644
-0.983711	0.026468
-0.979784	0.026294
-0.975857	0.026123
-0.971930	0.025954
-0.968003	0.025788
-0.964076	0.025624
-0.960149	0.025462
-0.956222	0.025302
-0.952295	0.025145
-0.948368	0.024989
-0.944441	0.024836
-0.940514	0.024685
-0.936587	0.024536
-0.932660	0.024388
-0.928733	0.024243
-0.924806	0.024100
-0.920879	0.023959
-0.916952	0.023819
-0.913025	0.023681
-0.909098	0.023545
-0.905171	0.023411
-0.901244	0.023279
-0.897317	0.023148
-0.893390	0.023019
-0.889463	0.022892
-0.885536	0.022766
-0.881609	0.022642
-0.877682	0.022519
-0.873755	0.022398
-0.869828	0.022279
-0.865901	0.022161
-0.861974	0.022044
-0.858047	0.021929
-0.854121	0.021815
-0.850194	0.021703
-0.846267	0.021592
-0.842340	0.021483
-0.838413	0.021374
-0.834486	0.021268
-0.830559	0.021162
-0.826632	0.021058
-0.822705	0.020955
-0.818778	0.020853
-0.814851	0.020752
-0.810924	0.020653
-0.806997	0.020555
-0.803070	0.020458
-0.799143	0.020362
-0.795216	0.020267
-0.791289	0.020173
-0.787362	0.020081
-0.783435	0.019989
-0.779508	0.019899
-0.775581	0.019810
-0.771654	0.019721
-0.767727	0.019634
-0.763800	0.019548
-0.759873	0.019463
-0.755946	0.019378
-0.752019	0.019295
-0.748092	0.019213
-0.744165	0.019131
-0.740238	0.019051
-0.736311	0.018971
-0.732384	0.018893
-0.728457	0.018815
-0.724530	0.018738
-0.720603	0.018662
-0.716676	0.018587
-0.712749	0.018513
-0.708822	0.018440
-0.704895	0.018367
-0.700968	0.018295
-0.697041	0.018224
-0.693114	0.018154
-0.689187	0.018085
-0.685260	0.018016
-0.681333	0.017948
-0.677406	0.017881
-0.673479	0.017815
-0.669552	0.017749
-0.665625	0.017684
-0.661698	0.017620
-0.657771	0.017557
-0.653844	0.017494
-0.649917	0.017432
-0.645990	0.017371
-0.642063	0.017310
-0.638136	0.017250
-0.634209	0.017191
-0.630282	0.017132
-0.626355	0.017074
-0.622428	0.017017
-0.618501	0.016960
-0.614574	0.016904
-0.610647	0.016849
-0.606720	0.016794
-0.602793	0.016740
-0.598866	0.016686
-0.594939	0.016633
-0.591012	0.016581
-0.587085	0.016529
-0.583158	0.016478
-0.579231	0.016427
-0.575304	0.016377
-0.571377	0.016327
-0.567450	0.016278
-0.563523	0.016230
-0.559596	0.016182
-0.555669	0.016134
-0.551742	0.016088
-0.547815	0.016041
-0.543888	0.015995
-0.539961	0.015950
-0.536034	0.015905
-0.532107	0.015861
-0.528180	0.015817
-0.524253	0.015774
-0.520326	0.015731
-0.516399	0.015689
-0.512472	0.015647
-0.508545	0.015606
-0.504618	0.015565
-0.500691	0.015524
-0.496764	0.015484
-0.492837	0.015445
-0.488910	0.015406
-0.484983	0.015367
-0.481056	0.015329
-0.477129	0.015291
-0.473202	0.015254
-0.469275	0.015217
-0.465348	0.015181
-0.461421	0.015145
-0.457494	0.015109
-0.453567	0.015074
-0.449640	0.015039
-0.445713	0.015005
-0.441786	0.014971
-0.437859	0.014938
-0.433932	0.014905
-0.430005	0.014872
-0.426079	0.014840
-0.422152	0.014808
-0.418225	0.014776
-0.414298	0.014745
-0.410371	0.014715
-0.406444	0.014684
-0.402517	0.014654
-0.398590	0.014625
-0.394663	0.014595
-0.390736	0.014567
-0.386809	0.014538
-0.382882	0.014510
-0.378955	0.014482
-0.375028	0.014455
-0.371101	0.014428
-0.367174	0.014401
-0.363247	0.014375
-0.359320	0.014349
-0.355393	0.014323
-0.351466	0.014298
-0.347539	0.014273
-0.343612	0.014248
-0.339685	0.014224
-0.335758	0.014200
-0.331831	0.014177
-0.327904	0.014153
-0.323977	0.014130
-0.320050	0.014108
-0.316123	0.014086
-0.312196	0.014064
-0.308269	0.014042
-0.304342	0.014021
-0.300415	0.014000
-0.296488	0.013979
-0.292561	0.013959
-0.288634	0.013938
-0.284707	0.013919
-0.280780	0.013899
-0.276853	0.013880
-0.272926	0.013861
-0.268999	0.013843
-0.265072	0.013825
-0.261145	0.013807
-0.257218	0.013789
-0.253291	0.013772
-0.249364	0.013755
-0.245437	0.013738
-0.241510	0.013722
-0.237583	0.013705
-0.233656	0.013690
-0.229729	0.013674
-0.225802	0.013659
-0.221875	0.013644
-0.217948	0.013629
-0.214021	0.013615
-0.210094	0.013600
-0.206167	0.013587
-0.202240	0.013573
-0.198313	0.013560
-0.194386	0.013547
-0.190459	0.013534
-0.186532	0.013521
-0.182605	0.013509
-0.178678	0.013497
-0.174751	0.013486
-0.170824	0.013474
-0.166897	0.013463
-0.162970	0.013452
-0.159043	0.013442
-0.155116	0.013432
-0.151189	0.013422
-0.147262	0.013412
-0.143335	0.013402
-0.139408	0.013393
-0.135481	0.013384
-0.131554	0.013375
-0.127627	0.013367
-0.123700	0.013359
-0.119773	0.013351
-0.115846	0.013343
-0.111919	0.013336
-0.107992	0.013329
-0.104065	0.013322
-0.100138	0.013315
-0.096211	0.013309
-0.092284	0.013303
-0.088357	0.013297
-0.084430	0.013291
-0.080503	0.013286
-0.076576	0.013281
-0.072649	0.013276
-0.068722	0.013272
-0.064795	0.013267
-0.060868	0.013263
-0.056941	0.013260
-0.053014	0.013256
-0.049087	0.013253
-0.045160	0.013250
-0.041233	0.013247
-0.037306	0.013244
-0.033379	0.013242
-0.029452	0.013240
-0.025525	0.013238
-0.021598	0.013237
-0.017671	0.013236
-0.013744	0.013235
-0.009817	0.013234
-0.005890	0.013233
-0.001963	0.013233
0.001963	0.013233
0.005890	0.013233
0.009817	0.013234
0.013744	0.013235
0.017671	0.013236
0.021598	0.013237
0.025525	0.013238
0.029452	0.013240
0.033379	0.013242
0.037306	0.013244
0.041233	0.013247
0.045160	0.013250
0.049087	0.013253
0.053014	0.013256
0.056941	0.013260
0.060868	0.013263
0.064795	0.013267
0.068722	0.013272
0.072649	0.013276
0.076576	0.013281
0.080503	0.013286
0.084430	0.013291
0.088357	0.013297
0.092284	0.013303
0.096211	0.013309
0.100138	0.013315
0.104065	0.013322
0.107992	0.013329
0.111919	0.013336
0.115846	0.013343
0.119773	0.013351
0.123700	0.013359
0.127627	0.013367
0.131554	0.013375
0.135481	0.013384
0.139408	0.013393
0.143335	0.013402
0.147262	0.013412
0.151189	0.013422
0.155116	0.013432
0.159043	0.013442
0.162970	0.013452
0.166897	0.013463
0.170824	0.013474
0.174751	0.013486
0.178678	0.013497
0.182605	0.013509
0.186532	0.013521
0.190459	0.013534
0.194386	0.013547
0.198313	0.013560
0.202240	0.013573
0.206167	0.013587
0.210094	0.013600
0.214021	0.013615
0.217948	0.013629
0.221875	0.013644
0.225802	0.013659
0.229729	0.013674
0.233656	0.013690
0.237583	0.013705
0.241510	0.013722
0.245437	0.013738
0.249364	0.013755
0.253291	0.013772
0.257218	0.013789
0.261145	0.013807
0.265072	0.013825
0.268999	0.013843
0.272926	0.013861
0.276853	0.013880
0.280780	0.013899
0.284707	0.013919
0.288634	0.013938
0.292561	0.013959
0.296488	0.013979
0.300415	0.014000
0.304342	0.014021
0.308269	0.014042
0.312196	0.014064
0.316123	0.014085
0.320050	0.014108
0.323977	0.014130
0.327904	0.014153
0.331831	0.014177
0.335758	0.014200
0.339685	0.014224
0.343612	0.014248
0.347539	0.014273
0.351466	0.014298
0.355393	0.014323
0.359320	0.014349
0.363247	0.014375
0.367174	0.014401
0.371101	0.014428
0.375028	0.014455
0.378955	0.014482
0.382882	0.014510
0.386809	0.014538
0.390736	0.014567
0.394663	0.014595
0.398590	0.014625
0.402517	0.014654
0.406444	0.014684
0.410371	0.014715
0.414298	0.014745
0.418225	0.014776
0.422152	0.014808
0.426079	0.014840
0.430005	0.014872
0.433932	0.014905
0.437859	0.014938
0.441786	0.014971
0.445713	0.015005
0.449640	0.015039
0.453567	0.015074
0.457494	0.015109
0.461421	0.015145
0.465348	0.015181
0.469275	0.015217
0.473202	0.015254
0.477129	0.015291
0.481056	0.015329
0.484983	0.015367
0.488910	0.015406
0.492837	0.015445
0.496764	0.015484
0.500691	0.015524
0.504618	0.015565
0.508545	0.015606
0.512472	0.015647
0.516399	0.015689
0.520326	0.015731
0.524253	0.015774
0.528180	0.015817
0.532107	0.015861
0.536034	0.015905
0.539961	0.015950
0.543888	0.015995
0.547815	0.016041
0.551742	0.016088
0.555669	0.016134
0.559596	0.016182
0.563523	0.016230
0.567450	0.016278
0.571377	0.016327
0.575304	0.016377
0.579231	0.016427
0.583158	0.016478
0.587085	0.016529
0.591012	0.016581
0.594939	0.016633
0.598866	0.016686
0.602793	0.016740
0.606720	0.016794
0.610647	0.016849
0.614574	0.016904
0.618501	0.016960
0.622428	0.017017
0.626355	0.017074
0.630282	0.017132
0.634209	0.017191
0.638136	0.017250
0.642063	0.017310
0.645990	0.017371
0.649917	0.017432
0.653844	0.017494
0.657771	0.017557
0.661698	0.017620
0.665625	0.017684
0.669552	0.017749
0.673479	0.017815
0.677406	0.017881
0.681333	0.017948
0.685260	0.018016
0.689187	0.018085
0.693114	0.018154
0.697041	0.018224
0.700968	0.018295
0.704895	0.018367
0.708822	0.018439
0.712749	0.018513
0.716676	0.018587
0.720603	0.018662
0.724530	0.018738
0.728457	0.018815
0.732384	0.018893
0.736311	0.018971
0.740238	0.019051
0.744165	0.019131
0.748092	0.019213
0.752019	0.019295
0.755946	0.019378
0.759873	0.019462
0.763800	0.019548
0.767727	0.019634
0.771654	0.019721
0.775581	0.019809
0.779508	0.019899
0.783435	0.019989
0.787362	0.020081
0.791289	0.020173
0.795216	0.020267
0.799143	0.020361
0.803070	0.020457
0.806997	0.020554
0.810924	0.020653
0.814851	0.020752
0.818778	0.020853
0.822705	0.020954
0.826632	0.021057
0.830559	0.021162
0.834486	0.021267
0.838413	0.021374
0.842340	0.021482
0.846267	0.021592
0.850194	0.021703
0.854121	0.021815
0.858047	0.021929
0.861974	0.022044
0.865901	0.022161
0.869828	0.022279
0.873755	0.022398
0.877682	0.022519
0.881609	0.022642
0.885536	0.022766
0.889463	0.022892
0.893390	0.023019
0.897317	0.023148
0.901244	0.023279
0.905171	0.023411
0.909098	0.023545
0.913025	0.023681
0.916952	0.023819
0.920879	0.023958
0.924806	0.024100
0.928733	0.024243
0.932660	0.024388
0.936587	0.024535
0.940514	0.024684
0.944441	0.024836
0.948368	0.024989
0.952295	0.025144
0.956222	0.025302
0.960149	0.025461
0.964076	0.025623
0.968003	0.025788
0.971930	0.025954
0.975857	0.026123
0.979784	0.026294
0.983711	0.026468
0.987638	0.026644
0.991565	0.026823
0.995492	0.027004
0.999419	0.027188
1.003346	0.027375
1.007273	0.027564
1.011200	0.027756
1.015127	0.027951
1.019054	0.028149
1.022981	0.028350
1.026908	0.028554
1.030835	0.028761
1.034762	0.028971
1.038689	0.029185
1.042616	0.029402
1.046543	0.029622
1.050470	0.029845
1.054397	0.030072
1.058324	0.030303
1.062251	0.030538
1.066178	0.030776
1.070105	0.031018
1.074032	0.031264
1.077959	0.031514
1.081886	0.031768
1.085813	0.032026
1.089740	0.032288
1.093667	0.032555
1.097594	0.032827
1.101521	0.033103
1.105448	0.033384
1.109375	0.033669
1.113302	0.033960
1.117229	0.034256
1.121156	0.034557
1.125083	0.034863
1.129010	0.035174
1.132937	0.035492
1.136864	0.035815
1.140791	0.036144
1.144718	0.036479
1.148645	0.036820
1.152572	0.037167
1.156499	0.037521
1.160426	0.037882
1.164353	0.038250
1.168280	0.038624
1.172207	0.039006
1.176134	0.039396
1.180061	0.039793
1.183988	0.040198
1.187915	0.040611
1.191842	0.041033
1.195769	0.041463
1.199696	0.041901
1.203623	0.042349
1.207550	0.042807
1.211477	0.043274
1.215404	0.043751
1.219331	0.044238
1.223258	0.044736
1.227185	0.045244
1.231112	0.045764
1.235039	0.046296
1.238966	0.046839
1.242893	0.047395
1.246820	0.047963
1.250747	0.048545
1.254674	0.049140
1.258601	0.049749
1.262528	0.050373
1.266455	0.051012
1.270382	0.051666
1.274309	0.052336
1.278236	0.053023
1.282163	0.053728
1.286089	0.054450
1.290016	0.055190
1.293943	0.055950
1.297870	0.056730
1.301797	0.057531
1.305724	0.058353
1.309651	0.059197
1.313578	0.060064
1.317505	0.060956
1.321432	0.061872
1.325359	0.062815
1.329286	0.063785
1.333213	0.064783
1.337140	0.065810
1.341067	0.066868
1.344994	0.067958
1.348921	0.069082
1.352848	0.070240
1.356775	0.071435
1.360702	0.072668
1.364629	0.073940
1.368556	0.075255
1.372483	0.076613
1.376410	0.078016
1.380337	0.079468
1.384264	0.080969
1.388191	0.082524
1.392118	0.084134
1.396045	0.085802
1.399972	0.087532
1.403899	0.089326
1.407826	0.091188
1.411753	0.093121
1.415680	0.095130
1.419607	0.097219
1.423534	0.099393
1.427461	0.101655
1.431388	0.104012
1.435315	0.106470
1.439242	0.109033
1.443169	0.111709
1.447096	0.114505
1.451023	0.117428
1.454950	0.120486
1.458877	0.123689
1.462804	0.127047
1.466731	0.130569
1.470658	0.134267
1.474585	0.138154
1.478512	0.142243
1.482439	0.146550
1.486366	0.151089
1.490293	0.155879
1.494220	0.160940
1.498147	0.166293
1.502074	0.171960
1.506001	0.177969
1.509928	0.184347
1.513855	0.191126
1.517782	0.198341
1.521709	0.206030
1.525636	0.214236
1.529563	0.223006
1.533490	0.232392
1.537417	0.242454
1.541344	0.253256
1.545271	0.264870
1.549198	0.277377
1.553125	0.290867
1.557052	0.305439
1.560979	0.321204
1.564906	0.338284
1.568833	0.356815
1.572760	0.376945
1.576687	0.398836
1.580614	0.422662
1.584541	0.448609
1.588468	0.476871
1.592395	0.507643
1.596322	0.541116
1.600249	0.577464
1.604176	0.616823
1.608103	0.659273
1.612030	0.704807
1.615957	0.753295
1.619884	0.804446
1.623811	0.857775
1.627738	0.912575
1.631665	0.967911
1.635592	1.022649
1.639519	1.075514
1.643446	1.125193
1.647373	1.170460
1.651300	1.210291
1.655227	1.243970
1.659154	1.271133
1.663081	1.291770
1.667008	1.306174
1.670935	1.314866
1.674862	1.318507
1.678789	1.317824
1.682716	1.313543
1.686643	1.306348
1.690570	1.296854
1.694497	1.285598
1.698424	1.273033
1.702351	1.259536
1.706278	1.245414
1.710205	1.230914
1.714131	1.216232
1.718058	1.201522
1.721985	1.186901
1.725912	1.172461
1.729839	1.158268
1.733766	1.144374
1.737693	1.130812
1.741620	1.117607
1.745547	1.104774
1.749474	1.092322
1.753401	1.080255
1.757328	1.068571
1.761255	1.057267
1.765182	1.046337
1.769109	1.035773
1.773036	1.025566
1.776963	1.015707
1.780890	1.006186
1.784817	0.996993
1.788744	0.988117
1.792671	0.979547
1.796598	0.971275
1.800525	0.963288
1.804452	0.955578
1.808379	0.948135
1.812306	0.940950
1.816233	0.934012
1.820160	0.927313
1.824087	0.920844
1.828014	0.914595
1.831941	0.908558
1.835868	0.902722
1.839795	0.897077
1.843722	0.891612
1.847649	0.886316
1.851576	0.881174
1.855503	0.876171
1.859430	0.871290
1.863357	0.866508
1.867284	0.861800
1.871211	0.857137
1.875138	0.852480
1.879065	0.847784
1.882992	0.842996
1.886919	0.838049
1.890846	0.832864
1.894773	0.827349
1.898700	0.821395
1.902627	0.814880
1.906554	0.807671
1.910481	0.799627
1.914408	0.790615
1.918335	0.780520
1.922262	0.769265
1.926189	0.756831
1.930116	0.743283
1.934043	0.728776
1.937970	0.713566
1.941897	0.697994
1.945824	0.682467
1.949751	0.667424
1.953678	0.653300
1.957605	0.640499
1.961532	0.629373
1.965459	0.620211
1.969386	0.613246
1.973313	0.608654
1.977240	0.606574
1.981167	0.607115
1.985094	0.610370
1.989021	0.616427
1.992948	0.625371
1.996875	0.637294
2.000802	0.652291
2.004729	0.670461
2.008656	0.691900
2.012583	0.716688
2.016510	0.744878
2.020437	0.776471
2.024364	0.811396
2.028291	0.849476
2.032218	0.890401
2.036145	0.933702
2.040072	0.978734
2.043999	1.024677
2.047926	1.070554
2.051853	1.115275
2.055780	1.157690
2.059707	1.196657
2.063634	1.231105
2.067561	1.260084
2.071488	1.282817
2.075415	1.298755
2.079342	1.307629
2.083269	1.309504
2.087196	1.304820
2.091123	1.294396
2.095050	1.279373
2.098977	1.261121
2.102904	1.241090
2.106831	1.220668
2.110758	1.201043
2.114685	1.183119
2.118612	1.167460
2.122539	1.154296
2.126466	1.143557
2.130393	1.134938
2.134320	1.127983
2.138246	1.122172
2.142173	1.117002
2.146100	1.112046
2.150027	1.106988
2.153954	1.101632
2.157881	1.095893
2.161808	1.089771
2.165735	1.083327
2.169662	1.076657
2.173589	1.069868
2.177516	1.063069
2.181443	1.056358
2.185370	1.049820
2.189297	1.043525
2.193224	1.037528
2.197151	1.031869
2.201078	1.026580
2.205005	1.021680
2.208932	1.017183
2.212859	1.013097
2.216786	1.009426
2.220713	1.006169
2.224640	1.003327
2.228567	1.000896
2.232494	0.998875
2.236421	0.997259
2.240348	0.996048
2.244275	0.995239
2.248202	0.994833
2.252129	0.994830
2.256056	0.995232
2.259983	0.996044
2.263910	0.997271
2.267837	0.998922
2.271764	1.001006
2.275691	1.003536
2.279618	1.006526
2.283545	1.009994
2.287472	1.013960
2.291399	1.018447
2.295326	1.023482
2.299253	1.029094
2.303180	1.035318
2.307107	1.042190
2.311034	1.049753
2.314961	1.058051
2.318888	1.067135
2.322815	1.077057
2.326742	1.087877
2.330669	1.099654
2.334596	1.112454
2.338523	1.126344
2.342450	1.141392
2.346377	1.157666
2.350304	1.175234
2.354231	1.194160
2.358158	1.214498
2.362085	1.236291
2.366012	1.259558
2.369939	1.284285
2.373866	1.310409
2.377793	1.337801
2.381720	1.366253
2.385647	1.395477
2.389574	1.425109
2.393501	1.454745
2.397428	1.483994
2.401355	1.512550
2.405282	1.540269
2.409209	1.567236
2.413136	1.593780
2.417063	1.620451
2.420990	1.647916
2.424917	1.676809
2.428844	1.707559
2.432771	1.740206
2.436698	1.774265
2.440625	1.808640
2.444552	1.841626
2.448479	1.871003
2.452406	1.894232
2.456333	1.908732
2.460260	1.912205
2.464187	1.902952
2.468114	1.880114
2.472041	1.843800
2.475968	1.795060
2.479895	1.735728
2.483822	1.668176
2.487749	1.595018
2.491676	1.518839
2.495603	1.441984
2.499530	1.366423
2.503457	1.293691
2.507384	1.224898
2.511311	1.160777
2.515238	1.101746
2.519165	1.047983
2.523092	0.999496
2.527019	0.956173
2.530946	0.917831
2.534873	0.884253
2.538800	0.855206
2.542727	0.830466
2.546654	0.809825
2.550581	0.793099
2.554508	0.780136
2.558435	0.770816
2.562362	0.765052
2.566288	0.762794
2.570215	0.764022
2.574142	0.768751
2.578069	0.777026
2.581996	0.788919
2.585923	0.804524
2.589850	0.823950
2.593777	0.847310
2.597704	0.874707
2.601631	0.906213
2.605558	0.941844
2.609485	0.981526
2.613412	1.025055
2.617339	1.072060
2.621266	1.121960
2.625193	1.173944
2.629120	1.226964
2.633047	1.279781
2.636974	1.331042
2.640901	1.379408
2.644828	1.423696
2.648755	1.463020
2.652682	1.496879
2.656609	1.525182
2.660536	1.548196
2.664463	1.566442
2.668390	1.580568
2.672317	1.591230
2.676244	1.599002
2.680171	1.604317
2.684098	1.607438
2.688025	1.608450
2.691952	1.607262
2.695879	1.603621
2.699806	1.597129
2.703733	1.587278
2.707660	1.573484
2.711587	1.555153
2.715514	1.531745
2.719441	1.502865
2.723368	1.468343
2.727295	1.428306
2.731222	1.383209
2.735149	1.333816
2.739076	1.281137
2.743003	1.226318
2.746930	1.170519
2.750857	1.114805
2.754784	1.060071
2.758711	1.007011
2.762638	0.956122
2.766565	0.907734
2.770492	0.862057
2.774419	0.819217
2.778346	0.779284
2.782273	0.742291
2.786200	0.708242
2.790127	0.677112
2.794054	0.648854
2.797981	0.623400
2.801908	0.600666
2.805835	0.580558
2.809762	0.562981
2.813689	0.547838
2.817616	0.535044
2.821543	0.524518
2.825470	0.516194
2.829397	0.510019
2.833324	0.505949
2.837251	0.503949
2.841178	0.503992
2.845105	0.506045
2.849032	0.510070
2.852959	0.516006
2.856886	0.523761
2.860813	0.533194
2.864740	0.544104
2.868667	0.556215
2.872594	0.569176
2.876521	0.582563
2.880448	0.595906
2.884375	0.608719
2.888302	0.620553
2.892229	0.631048
2.896156	0.639966
2.900083	0.647209
2.904010	0.652797
2.907937	0.656821
2.911864	0.659377
2.915791	0.660515
2.919718	0.660204
2.923645	0.658341
2.927572	0.654779
2.931499	0.649398
2.935426	0.642161
2.939353	0.633177
2.943280	0.622709
2.947207	0.611164
2.951134	0.599028
2.955061	0.586795
2.958988	0.574880
2.962915	0.563558
2.966842	0.552930
2.970769	0.542930
2.974696	0.533367
2.978623	0.523998
2.982550	0.514604
2.986477	0.505050
2.990404	0.495317
2.994330	0.485500
2.998257	0.475770
3.002184	0.466333
3.006111	0.457387
3.010038	0.449103
3.013965	0.441618
3.017892	0.435044
3.021819	0.429475
3.025746	0.424998
3.029673	0.421690
3.033600	0.419621
3.037527	0.418850
3.041454	0.419425
3.045381	0.421387
3.049308	0.424775
3.053235	0.429629
3.057162	0.435996
3.061089	0.443935
3.065016	0.453520
3.068943	0.464838
3.072870	0.477986
3.076797	0.493071
3.080724	0.510205
3.084651	0.529502
3.088578	0.551074
3.092505	0.575020
3.096432	0.601419
3.100359	0.630306
3.104286	0.661648
3.108213	0.695305
3.112140	0.730992
3.116067	0.768232
3.119994	0.806319
3.123921	0.844294
3.127848	0.880959
3.131775	0.914932
3.135702	0.944761
3.139629	0.969092
3.143556	0.986854
3.147483	0.997439
3.151410	1.000817
3.155337	0.997544
3.159264	0.988686
3.163191	0.975655
3.167118	0.960024
3.171045	0.943340
3.174972	0.926999
3.178899	0.912152
3.182826	0.899668
3.186753	0.890137
3.190680	0.883883
3.194607	0.880995
3.198534	0.881368
3.202461	0.884726
3.206388	0.890665
3.210315	0.898675
3.214242	0.908175
3.218169	0.918541
3.222096	0.929134
3.226023	0.939341
3.229950	0.948609
3.233877	0.956491
3.237804	0.962679
3.241731	0.967023
3.245658	0.969528
3.249585	0.970322
3.253512	0.969618
3.257439	0.967665
3.261366	0.964722
3.265293	0.961040
3.269220	0.956854
3.273147	0.952384
3.277074	0.947821
3.281001	0.943307
3.284928	0.938909
3.288855	0.934593
3.292782	0.930207
3.296709	0.925490
3.300636	0.920088
3.304563	0.913584
3.308490	0.905535
3.312417	0.895507
3.316344	0.883115
3.320271	0.868061
3.324198	0.850171
3.328125	0.829436
3.332052	0.806026
3.335979	0.780298
3.339906	0.752768
3.343833	0.724065
3.347760	0.694870
3.351687	0.665848
3.355614	0.637592
3.359541	0.610588
3.363468	0.585191
3.367395	0.561628
3.371322	0.540006
3.375249	0.520332
3.379176	0.502535
3.383103	0.486489
3.387030	0.472032
3.390957	0.458986
3.394884	0.447164
3.398811	0.436381
3.402738	0.426459
3.406665	0.417229
3.410592	0.408540
3.414519	0.400259
3.418446	0.392286
3.422372	0.384554
3.426299	0.377036
3.430226	0.369746
3.434153	0.362731
3.438080	0.356067
3.442007	0.349849
3.445934	0.344182
3.449861	0.339173
3.453788	0.334920
3.457715	0.331516
3.461642	0.329041
3.465569	0.327561
3.469496	0.327136
3.473423	0.327817
3.477350	0.329652
3.481277	0.332685
3.485204	0.336962
3.489131	0.342526
3.493058	0.349426
3.496985	0.357711
3.500912	0.367428
3.504839	0.378626
3.508766	0.391353
3.512693	0.405650
3.516620	0.421555
3.520547	0.439090
3.524474	0.458264
3.528401	0.479053
3.532328	0.501390
3.536255	0.525147
3.540182	0.550113
3.544109	0.575980
3.548036	0.602329
3.551963	0.628629
3.555890	0.654244
3.559817	0.678458
3.563744	0.700509
3.567671	0.719647
3.571598	0.735206
3.575525	0.746691
3.579452	0.753860
3.583379	0.756778
3.587306	0.755822
3.591233	0.751623
3.595160	0.744960
3.599087	0.736629
3.603014	0.727326
3.606941	0.717564
3.610868	0.707630
3.614795	0.697590
3.618722	0.687316
3.622649	0.676536
3.626576	0.664888
3.630503	0.651992
3.634430	0.637517
3.638357	0.621250
3.642284	0.603149
3.646211	0.583358
3.650138	0.562198
3.654065	0.540113
3.657992	0.517611
3.661919	0.495200
3.665846	0.473337
3.669773	0.452400
3.673700	0.432676
3.677627	0.414359
3.681554	0.397569
3.685481	0.382359
3.689408	0.368739
3.693335	0.356685
3.697262	0.346153
3.701189	0.337090
3.705116	0.329438
3.709043	0.323140
3.712970	0.318147
3.716897	0.314414
3.720824	0.311908
3.724751	0.310601
3.728678	0.310481
3.732605	0.311540
3.736532	0.313783
3.740459	0.317220
3.744386	0.321869
3.748313	0.327753
3.752240	0.334890
3.756167	0.343298
3.760094	0.352978
3.764021	0.363913
3.767948	0.376060
3.771875	0.389337
3.775802	0.403625
3.779729	0.418766
3.783656	0.434571
3.787583	0.450835
3.791510	0.467361
3.795437	0.483983
3.799364	0.500586
3.803291	0.517113
3.807218	0.533557
3.811145	0.549939
3.815072	0.566284
3.818999	0.582587
3.822926	0.598801
3.826853	0.614830
3.830780	0.630533
3.834707	0.645740
3.838634	0.660260
3.842561	0.673890
3.846488	0.686417
3.850414	0.697618
3.854341	0.707273
3.858268	0.715182
3.862195	0.721195
3.866122	0.725246
3.870049	0.727368
3.873976	0.727697
3.877903	0.726449
3.881830	0.723894
3.885757	0.720328
3.889684	0.716048
3.893611	0.711333
3.897538	0.706437
3.901465	0.701569
3.905392	0.696890
3.909319	0.692502
3.913246	0.688448
3.917173	0.684713
3.921100	0.681238
3.925027	0.677932
3.928954	0.674692
3.932881	0.671417
3.936808	0.668035
3.940735	0.664512
3.944662	0.660872
3.948589	0.657205
3.952516	0.653672
3.956443	0.650490
3.960370	0.647911
3.964297	0.646190
3.968224	0.645534
3.972151	0.646067
3.976078	0.647795
3.980005	0.650602
3.983932	0.654277
3.987859	0.658553
3.991786	0.663164
3.995713	0.667881
3.999640	0.672543
4.003567	0.677059
4.007494	0.681401
4.011421	0.685588
4.015348	0.689668
4.019275	0.693697
4.023202	0.697728
4.027129	0.701801
4.031056	0.705936
4.034983	0.710128
4.038910	0.714345
4.042837	0.718523
4.046764	0.722565
4.050691	0.726338
4.054618	0.729669
4.058545	0.732344
4.062472	0.734100
4.066399	0.734633
4.070326	0.733592
4.074253	0.730592
4.078180	0.725236
4.082107	0.717141
4.086034	0.705982
4.089961	0.691551
4.093888	0.673805
4.097815	0.652909
4.101742	0.629249
4.105669	0.603400
4.109596	0.576066
4.113523	0.547997
4.117450	0.519903
4.121377	0.492395
4.125304	0.465951
4.129231	0.440910
4.133158	0.417484
4.137085	0.395779
4.141012	0.375823
4.144939	0.357586
4.148866	0.341007
4.152793	0.326002
4.156720	0.312479
4.160647	0.300346
4.164574	0.289515
4.168501	0.279906
4.172428	0.271447
4.176355	0.264073
4.180282	0.257730
4.184209	0.252371
4.188136	0.247957
4.192063	0.244456
4.195990	0.241843
4.199917	0.240100
4.203844	0.239217
4.207771	0.239186
4.211698	0.240009
4.215625	0.241691
4.219552	0.244244
4.223479	0.247683
4.227406	0.252025
4.231333	0.257284
4.235260	0.263464
4.239187	0.270552
4.243114	0.278504
4.247041	0.287236
4.250968	0.296607
4.254895	0.306416
4.258822	0.316397
4.262749	0.326228
4.266676	0.335549
4.270603	0.343990
4.274530	0.351209
4.278456	0.356912
4.282383	0.360866
4.286310	0.362899
4.290237	0.362895
4.294164	0.360795
4.298091	0.356624
4.302018	0.350503
4.305945	0.342666
4.309872	0.333438
4.313799	0.323211
4.317726	0.312396
4.321653	0.301386
4.325580	0.290524
4.329507	0.280084
4.333434	0.270262
4.337361	0.261178
4.341288	0.252887
4.345215	0.245395
4.349142	0.238673
4.353069	0.232678
4.356996	0.227357
4.360923	0.222660
4.364850	0.218531
4.368777	0.214914
4.372704	0.211739
4.376631	0.208929
4.380558	0.206396
4.384485	0.204044
4.388412	0.201777
4.392339	0.199512
4.396266	0.197192
4.400193	0.194813
4.404120	0.192457
4.408047	0.190328
4.411974	0.188765
4.415901	0.188200
4.419828	0.189059
4.423755	0.191642
4.427682	0.196050
4.431609	0.202211
4.435536	0.209963
4.439463	0.219155
4.443390	0.229717
4.447317	0.241675
4.451244	0.255138
4.455171	0.270250
4.459098	0.287133
4.463025	0.305849
4.466952	0.326364
4.470879	0.348548
4.474806	0.372186
4.478733	0.397013
4.482660	0.422759
4.486587	0.449179
4.490514	0.476076
4.494441	0.503278
4.498368	0.530586
4.502295	0.557703
4.506222	0.584179
4.510149	0.609424
4.514076	0.632793
4.518003	0.653722
4.521930	0.671835
4.525857	0.686986
4.529784	0.699232
4.533711	0.708787
4.537638	0.715977
4.541565	0.721216
4.545492	0.724975
4.549419	0.727739
4.553346	0.729925
4.557273	0.731791
4.561200	0.733345
4.565127	0.734296
4.569054	0.734075
4.572981	0.731931
4.576908	0.727096
4.580835	0.718975
4.584762	0.707303
4.588689	0.692218
4.592616	0.674212
4.596543	0.653997
4.600470	0.632319
4.604397	0.609804
4.608324	0.586866
4.612251	0.563708
4.616178	0.540385
4.620105	0.516905
4.624032	0.493305
4.627959	0.469697
4.631886	0.446267
4.635813	0.423248
4.639740	0.400887
4.643667	0.379407
4.647594	0.358989
4.651521	0.339764
4.655448	0.321809
4.659375	0.305155
4.663302	0.289795
4.667229	0.275695
4.671156	0.262802
4.675083	0.251049
4.679010	0.240365
4.682937	0.230676
4.686864	0.221910
4.690791	0.213998
4.694718	0.206877
4.698645	0.200486
4.702572	0.194774
4.706498	0.189691
4.710425	0.185196
4.714352	0.181251
4.718279	0.177823
4.722206	0.174884
4.726133	0.172410
4.730060	0.170382
4.733987	0.168783
4.737914	0.167602
4.741841	0.166830
4.745768	0.166463
4.749695	0.166500
4.753622	0.166946
4.757549	0.167806
4.761476	0.169092
4.765403	0.170820
4.769330	0.173008
4.773257	0.175682
4.777184	0.178867
4.781111	0.182599
4.785038	0.186913
4.788965	0.191853
4.792892	0.197465
4.796819	0.203802
4.800746	0.210919
4.804673	0.218875
4.808600	0.227728
4.812527	0.237537
4.816454	0.248351
4.820381	0.260208
4.824308	0.273126
4.828235	0.287091
4.832162	0.302047
4.836089	0.317881
4.840016	0.334411
4.843943	0.351382
4.847870	0.368459
4.851797	0.385247
4.855724	0.401310
4.859651	0.416212
4.863578	0.429559
4.867505	0.441037
4.871432	0.450441
4.875359	0.457679
4.879286	0.462778
4.883213	0.465880
4.887140	0.467225
4.891067	0.467141
4.894994	0.466002
4.898921	0.464185
4.902848	0.462033
4.906775	0.459814
4.910702	0.457715
4.914629	0.455838
4.918556	0.454212
4.922483	0.452809
4.926410	0.451566
4.930337	0.450411
4.934264	0.449286
4.938191	0.448177
4.942118	0.447133
4.946045	0.446272
4.949972	0.445770
4.953899	0.445835
4.957826	0.446663
4.961753	0.448383
4.965680	0.450998
4.969607	0.454329
4.973534	0.457988
4.977461	0.461394
4.981388	0.463871
4.985315	0.464776
4.989242	0.463629
4.993169	0.460189
4.997096	0.454469
5.001023	0.446693
5.004950	0.437242
5.008877	0.426595
5.012804	0.415271
5.016731	0.403783
5.020658	0.392605
5.024585	0.382151
5.028512	0.372759
5.032439	0.364691
5.036366	0.358145
5.040293	0.353260
5.044220	0.350131
5.048147	0.348818
5.052074	0.349354
5.056001	0.351752
5.059928	0.356005
5.063855	0.362085
5.067782	0.369937
5.071709	0.379474
5.075636	0.390566
5.079563	0.403031
5.083490	0.416626
5.087417	0.431036
5.091344	0.445874
5.095271	0.460677
5.099198	0.474910
5.103125	0.487985
5.107052	0.499290
5.110979	0.508238
5.114906	0.514317
5.118833	0.517148
5.122760	0.516518
5.126687	0.512399
5.130614	0.504926
5.134540	0.494387
5.138467	0.481188
5.142394	0.465832
5.146321	0.448890
5.150248	0.430964
5.154175	0.412642
5.158102	0.394456
5.162029	0.376852
5.165956	0.360174
5.169883	0.344659
5.173810	0.330454
5.177737	0.317626
5.181664	0.306183
5.185591	0.296089
5.189518	0.287278
5.193445	0.279661
5.197372	0.273132
5.201299	0.267580
5.205226	0.262893
5.209153	0.258961
5.213080	0.255691
5.217007	0.253008
5.220934	0.250869
5.224861	0.249260
5.228788	0.248199
5.232715	0.247727
5.236642	0.247903
5.240569	0.248791
5.244496	0.250452
5.248423	0.252932
5.252350	0.256261
5.256277	0.260439
5.260204	0.265439
5.264131	0.271196
5.268058	0.277603
5.271985	0.284514
5.275912	0.291741
5.279839	0.299068
5.283766	0.306262
5.287693	0.313098
5.291620	0.319382
5.295547	0.324977
5.299474	0.329816
5.303401	0.333917
5.307328	0.337379
5.311255	0.340380
5.315182	0.343167
5.319109	0.346033
5.323036	0.349295
5.326963	0.353247
5.330890	0.358126
5.334817	0.364083
5.338744	0.371172
5.342671	0.379356
5.346598	0.388531
5.350525	0.398548
5.354452	0.409249
5.358379	0.420493
5.362306	0.432183
5.366233	0.444280
5.370160	0.456786
5.374087	0.469705
5.378014	0.482992
5.381941	0.496500
5.385868	0.509959
5.389795	0.522994
5.393722	0.535150
5.397649	0.545946
5.401576	0.554912
5.405503	0.561633
5.409430	0.565790
5.413357	0.567219
5.417284	0.565969
5.421211	0.562352
5.425138	0.556951
5.429065	0.550569
5.432992	0.544091
5.436919	0.538301
5.440846	0.533697
5.444773	0.530386
5.448700	0.528105
5.452627	0.526353
5.456554	0.524566
5.460481	0.522257
5.464408	0.519089
5.468335	0.514879
5.472262	0.509561
5.476189	0.503140
5.480116	0.495662
5.484043	0.487194
5.487970	0.477827
5.491897	0.467690
5.495824	0.456958
5.499751	0.445859
5.503678	0.434661
5.507605	0.423646
5.511532	0.413088
5.515459	0.403226
5.519386	0.394246
5.523313	0.386272
5.527240	0.379375
5.531167	0.373578
5.535094	0.368870
5.539021	0.365229
5.542948	0.362633
5.546875	0.361072
5.550802	0.360563
5.554729	0.361152
5.558656	0.362914
5.562582	0.365950
5.566509	0.370374
5.570436	0.376310
5.574363	0.383874
5.578290	0.393165
5.582217	0.404257
5.586144	0.417185
5.590071	0.431939
5.593998	0.448455
5.597925	0.466608
5.601852	0.486207
5.605779	0.506999
5.609706	0.528676
5.613633	0.550888
5.617560	0.573262
5.621487	0.595413
5.625414	0.616966
5.629341	0.637568
5.633268	0.656902
5.637195	0.674682
5.641122	0.690649
5.645049	0.704531
5.648976	0.716008
5.652903	0.724676
5.656830	0.730061
5.660757	0.731680
5.664684	0.729143
5.668611	0.722259
5.672538	0.711093
5.676465	0.695971
5.680392	0.677420
5.684319	0.656093
5.688246	0.632701
5.692173	0.607960
5.696100	0.582570
5.700027	0.557191
5.703954	0.532427
5.707881	0.508799
5.711808	0.486733
5.715735	0.466540
5.719662	0.448410
5.723589	0.432410
5.727516	0.418479
5.731443	0.406435
5.735370	0.395989
5.739297	0.386765
5.743224	0.378345
5.747151	0.370310
5.751078	0.362297
5.755005	0.354032
5.758932	0.345363
5.762859	0.336254
5.766786	0.326775
5.770713	0.317066
5.774640	0.307304
5.778567	0.297667
5.782494	0.288312
5.786421	0.279358
5.790348	0.270889
5.794275	0.262953
5.798202	0.255574
5.802129	0.248755
5.806056	0.242477
5.809983	0.236705
5.813910	0.231379
5.817837	0.226418
5.821764	0.221724
5.825691	0.217193
5.829618	0.212723
5.833545	0.208231
5.837472	0.203662
5.841399	0.198994
5.845326	0.194242
5.849253	0.189446
5.853180	0.184669
5.857107	0.179986
5.861034	0.175470
5.864961	0.171187
5.868888	0.167186
5.872815	0.163495
5.876742	0.160121
5.880669	0.157047
5.884596	0.154238
5.888523	0.151647
5.892450	0.149220
5.896377	0.146907
5.900304	0.144670
5.904231	0.142486
5.908158	0.140354
5.912085	0.138295
5.916012	0.136345
5.919939	0.134553
5.923866	0.132971
5.927793	0.131654
5.931720	0.130652
5.935647	0.130007
5.939574	0.129758
5.943501	0.129938
5.947428	0.130578
5.951355	0.131706
5.955282	0.133350
5.959209	0.135540
5.963136	0.138308
5.967063	0.141688
5.970990	0.145719
5.974917	0.150439
5.978844	0.155889
5.982771	0.162108
5.986698	0.169131
5.990624	0.176983
5.994551	0.185675
5.998478	0.195191
6.002405	0.205482
6.006332	0.216453
6.010259	0.227950
6.014186	0.239752
6.018113	0.251566
6.022040	0.263031
6.025967	0.273731
6.029894	0.283224
6.033821	0.291075
6.037748	0.296896
6.041675	0.300376
6.045602	0.301315
6.049529	0.299636
6.053456	0.295391
6.057383	0.288761
6.061310	0.280033
6.065237	0.269583
6.069164	0.257834
6.073091	0.245225
6.077018	0.232174
6.080945	0.219045
6.084872	0.206140
6.088799	0.193685
6.092726	0.181841
6.096653	0.170707
6.100580	0.160335
6.104507	0.150738
6.108434	0.141904
6.112361	0.133805
6.116288	0.126400
6.120215	0.119644
6.124142	0.113486
6.128069	0.107881
6.131996	0.102780
6.135923	0.098141
6.139850	0.093922
6.143777	0.090088
6.147704	0.086604
6.151631	0.083440
6.155558	0.080570
6.159485	0.077970
6.163412	0.075618
6.167339	0.073497
6.171266	0.071591
6.175193	0.069885
6.179120	0.068368
6.183047	0.067029
6.186974	0.065861
6.190901	0.064857
6.194828	0.064012
6.198755	0.063323
6.202682	0.062786
6.206609	0.062402
6.210536	0.062171
6.214463	0.062095
6.218390	0.062178
6.222317	0.062426
6.226244	0.062843
6.230171	0.063440
6.234098	0.064226
6.238025	0.065213
6.241952	0.066415
6.245879	0.067847
6.249806	0.069527
6.253733	0.071474
6.257660	0.073709
6.261587	0.076253
6.265514	0.079129
6.269441	0.082357
6.273368	0.085956
6.277295	0.089939
6.281222	0.094311
6.285149	0.099066
6.289076	0.104179
6.293003	0.109604
6.296930	0.115265
6.300857	0.121050
6.304784	0.126808
6.308711	0.132347
6.312638	0.137436
6.316565	0.141821
6.320492	0.145245
6.324419	0.147478
6.328346	0.148348
6.332273	0.147770
6.336200	0.145759
6.340127	0.142430
6.344054	0.137982
6.347981	0.132660
6.351908	0.126734
6.355835	0.120457
6.359762	0.114054
6.363689	0.107707
6.367616	0.101552
6.371543	0.095682
6.375470	0.090155
6.379397	0.084999
6.383324	0.080223
6.387251	0.075817
6.391178	0.071764
6.395105	0.068043
6.399032	0.064625
6.402959	0.061485
6.406886	0.058595
6.410813	0.055931
6.414739	0.053470
6.418666	0.051190
6.422593	0.049073
6.426520	0.047103
6.430447	0.045267
6.434374	0.043552
6.438301	0.041948
6.442228	0.040447
6.446155	0.039042
6.450082	0.037725
6.454009	0.036490
6.457936	0.035333
6.461863	0.034246
6.465790	0.033225
6.469717	0.032262
6.473644	0.031353
6.477571	0.030490
6.481498	0.029669
6.485425	0.028885
6.489352	0.028135
6.493279	0.027415
6.497206	0.026726
6.501133	0.026066
6.505060	0.025434
6.508987	0.024831
6.512914	0.024256
6.516841	0.023708
6.520768	0.023188
6.524695	0.022693
6.528622	0.022223
6.532549	0.021776
6.536476	0.021351
6.540403	0.020946
6.544330	0.020561
6.548257	0.020193
6.552184	0.019841
6.556111	0.019504
6.560038	0.019181
6.563965	0.018871
6.567892	0.018573
6.571819	0.018286
6.575746	0.018010
6.579673	0.017744
6.583600	0.017488
6.587527	0.017242
6.591454	0.017005
6.595381	0.016777
6.599308	0.016558
6.603235	0.016346
6.607162	0.016143
6.611089	0.015947
6.615016	0.015759
6.618943	0.015577
6.622870	0.015402
6.626797	0.015234
6.630724	0.015073
6.634651	0.014917
6.638578	0.014768
6.642505	0.014624
6.646432	0.014487
6.650359	0.014355
6.654286	0.014229
6.658213	0.014109
6.662140	0.013995
6.666067	0.013886
6.669994	0.013783
6.673921	0.013687
6.677848	0.013597
6.681775	0.013512
6.685702	0.013435
6.689629	0.013363
6.693556	0.013298
6.697483	0.013239
6.701410	0.013185
6.705337	0.013137
6.709264	0.013094
6.713191	0.013055
6.717118	0.013019
6.721045	0.012984
6.724972	0.012949
6.728899	0.012913
6.732826	0.012875
6.736753	0.012834
6.740680	0.012790
6.744607	0.012741
6.748534	0.012688
6.752461	0.012630
6.756388	0.012567
6.760315	0.012498
6.764242	0.012422
6.768169	0.012340
6.772096	0.012251
6.776023	0.012156
6.779950	0.012055
6.783877	0.011950
6.787804	0.011843
6.791731	0.011735
6.795658	0.011627
6.799585	0.011521
6.803512	0.011418
6.807439	0.011316
6.811366	0.011216
6.815293	0.011117
6.819220	0.011018
6.823147	0.010918
6.827074	0.010816
6.831001	0.010713
6.834928	0.010608
6.838855	0.010502
6.842781	0.010397
6.846708	0.010292
6.850635	0.010188
6.854562	0.010087
6.858489	0.009989
6.862416	0.009895
6.866343	0.009804
6.870270	0.009716
6.874197	0.009633
6.878124	0.009553
6.882051	0.009477
6.885978	0.009404
6.889905	0.009335
6.893832	0.009269
6.897759	0.009206
6.901686	0.009146
6.905613	0.009089
6.909540	0.009035
6.913467	0.008983
6.917394	0.008934
6.921321	0.008887
6.925248	0.008844
6.929175	0.008802
6.933102	0.008764
6.937029	0.008727
6.940956	0.008694
6.944883	0.008663
6.948810	0.008635
6.952737	0.008610
6.956664	0.008588
6.960591	0.008568
6.964518	0.008551
6.968445	0.008537
6.972372	0.008525
6.976299	0.008515
6.980226	0.008508
6.984153	0.008502
6.988080	0.008498
6.992007	0.008494
6.995934	0.008491
6.999861	0.008488
7.003788	0.008484
7.007715	0.008479
7.011642	0.008471
7.015569	0.008459
7.019496	0.008443
7.023423	0.008422
7.027350	0.008395
7.031277	0.008362
7.035204	0.008323
7.039131	0.008277
7.043058	0.008224
7.046985	0.008167
7.050912	0.008104
7.054839	0.008039
7.058766	0.007971
7.062693	0.007902
7.066620	0.007833
7.070547	0.007766
7.074474	0.007700
7.078401	0.007636
7.082328	0.007574
7.086255	0.007515
7.090182	0.007460
7.094109	0.007407
7.098036	0.007357
7.101963	0.007310
7.105890	0.007266
7.109817	0.007225
7.113744	0.007186
7.117671	0.007149
7.121598	0.007115
7.125525	0.007084
7.129452	0.007054
7.133379	0.007027
7.137306	0.007002
7.141233	0.006980
7.145160	0.006959
7.149087	0.006941
7.153014	0.006925
7.156941	0.006911
7.160868	0.006900
7.164795	0.006891
7.168722	0.006886
7.172649	0.006883
7.176576	0.006883
7.180503	0.006887
7.184430	0.006894
7.188357	0.006905
7.192284	0.006921
7.196211	0.006941
7.200138	0.006965
7.204065	0.006995
7.207992	0.007029
7.211919	0.007069
7.215846	0.007114
7.219773	0.007163
7.223700	0.007216
7.227627	0.007273
7.231554	0.007331
7.235481	0.007388
7.239408	0.007443
7.243335	0.007493
7.247262	0.007534
7.251189	0.007565
7.255116	0.007583
7.259043	0.007585
7.262970	0.007573
7.266897	0.007544
7.270823	0.007501
7.274750	0.007445
7.278677	0.007378
7.282604	0.007302
7.286531	0.007220
7.290458	0.007133
7.294385	0.007044
7.298312	0.006954
7.302239	0.006864
7.306166	0.006777
7.310093	0.006691
7.314020	0.006609
7.317947	0.006531
7.321874	0.006458
7.325801	0.006388
7.329728	0.006324
7.333655	0.006264
7.337582	0.006209
7.341509	0.006158
7.345436	0.006111
7.349363	0.006068
7.353290	0.006029
7.357217	0.005993
7.361144	0.005961
7.365071	0.005932
7.368998	0.005906
7.372925	0.005884
7.376852	0.005864
7.380779	0.005848
7.384706	0.005834
7.388633	0.005824
7.392560	0.005816
7.396487	0.005812
7.400414	0.005812
7.404341	0.005814
7.408268	0.005821
7.412195	0.005831
7.416122	0.005845
7.420049	0.005863
7.423976	0.005885
7.427903	0.005911
7.431830	0.005941
7.435757	0.005975
7.439684	0.006012
7.443611	0.006051
7.447538	0.006090
7.451465	0.006129
7.455392	0.006165
7.459319	0.006197
7.463246	0.006221
7.467173	0.006238
7.471100	0.006245
7.475027	0.006243
7.478954	0.006232
7.482881	0.006213
7.486808	0.006187
7.490735	0.006157
7.494662	0.006125
7.498589	0.006092
7.502516	0.006060
7.506443	0.006028
7.510370	0.005997
7.514297	0.005967
7.518224	0.005936
7.522151	0.005905
7.526078	0.005873
7.530005	0.005839
7.533932	0.005804
7.537859	0.005767
7.541786	0.005729
7.545713	0.005690
7.549640	0.005651
7.553567	0.005612
7.557494	0.005573
7.561421	0.005534
7.565348	0.005495
7.569275	0.005457
7.573202	0.005419
7.577129	0.005381
7.581056	0.005345
7.584983	0.005311
7.588910	0.005278
7.592837	0.005247
7.596764	0.005219
7.600691	0.005194
7.604618	0.005172
7.608545	0.005154
7.612472	0.005138
7.616399	0.005127
7.620326	0.005119
7.624253	0.005114
7.628180	0.005114
7.632107	0.005118
7.636034	0.005126
7.639961	0.005138
7.643888	0.005154
7.647815	0.005176
7.651742	0.005203
7.655669	0.005234
7.659596	0.005271
7.663523	0.005314
7.667450	0.005362
7.671377	0.005415
7.675304	0.005473
7.679231	0.005535
7.683158	0.005600
7.687085	0.005667
7.691012	0.005734
7.694939	0.005797
7.698865	0.005857
7.702792	0.005909
7.706719	0.005954
7.710646	0.005989
7.714573	0.006015
7.718500	0.006032
7.722427	0.006043
7.726354	0.006047
7.730281	0.006046
7.734208	0.006041
7.738135	0.006033
7.742062	0.006020
7.745989	0.006002
7.749916	0.005978
7.753843	0.005946
7.757770	0.005906
7.761697	0.005857
7.765624	0.005800
7.769551	0.005735
7.773478	0.005664
7.777405	0.005587
7.781332	0.005506
7.785259	0.005423
7.789186	0.005339
7.793113	0.005255
7.797040	0.005173
7.800967	0.005092
7.804894	0.005015
7.808821	0.004942
7.812748	0.004873
7.816675	0.004808
7.820602	0.004748
7.824529	0.004692
7.828456	0.004640
7.832383	0.004593
7.836310	0.004550
7.840237	0.004511
7.844164	0.004475
7.848091	0.004443
7.852018	0.004415
7.855945	0.004389
7.859872	0.004366
7.863799	0.004347
7.867726	0.004330
7.871653	0.004315
7.875580	0.004304
7.879507	0.004295
7.883434	0.004288
7.887361	0.004285
7.891288	0.004284
7.895215	0.004286
7.899142	0.004291
7.903069	0.004299
7.906996	0.004310
7.910923	0.004324
7.914850	0.004341
7.918777	0.004361
7.922704	0.004384
7.926631	0.004410
7.930558	0.004437
7.934485	0.004466
7.938412	0.004495
7.942339	0.004523
7.946266	0.004549
7.950193	0.004572
7.954120	0.004590
7.958047	0.004603
7.961974	0.004611
7.965901	0.004614
7.969828	0.004613
7.973755	0.004609
7.977682	0.004604
7.981609	0.004598
7.985536	0.004593
7.989463	0.004590
7.993390	0.004589
7.997317	0.004591
8.001244	0.004593
8.005171	0.004597
8.009098	0.004600
8.013025	0.004601
8.016952	0.004600
8.020879	0.004593
8.024806	0.004582
8.028733	0.004564
8.032660	0.004541
8.036587	0.004511
8.040514	0.004476
8.044441	0.004437
8.048368	0.004394
8.052295	0.004349
8.056222	0.004302
8.060149	0.004254
8.064076	0.004207
8.068003	0.004161
8.071930	0.004116
8.075857	0.004074
8.079784	0.004034
8.083711	0.003997
8.087638	0.003963
8.091565	0.003932
8.095492	0.003905
8.099419	0.003880
8.103346	0.003858
8.107273	0.003840
8.111200	0.003824
8.115127	0.003811
8.119054	0.003800
8.122981	0.003793
8.126907	0.003788
8.130834	0.003785
8.134761	0.003785
8.138688	0.003787
8.142615	0.003792
8.146542	0.003799
8.150469	0.003807
8.154396	0.003817
8.158323	0.003828
8.162250	0.003839
8.166177	0.003850
8.170104	0.003860
8.174031	0.003869
8.177958	0.003875
8.181885	0.003880
8.185812	0.003882
8.189739	0.003882
8.193666	0.003881
8.197593	0.003879
8.201520	0.003878
8.205447	0.003877
8.209374	0.003879
8.213301	0.003883
8.217228	0.003890
8.221155	0.003902
8.225082	0.003917
8.229009	0.003937
8.232936	0.003962
8.236863	0.003993
8.240790	0.004029
8.244717	0.004070
8.248644	0.004117
8.252571	0.004170
8.256498	0.004229
8.260425	0.004292
8.264352	0.004360
8.268279	0.004432
8.272206	0.004507
8.276133	0.004583
8.280060	0.004658
8.283987	0.004730
8.287914	0.004796
8.291841	0.004854
8.295768	0.004900
8.299695	0.004932
8.303622	0.004947
8.307549	0.004945
8.311476	0.004925
8.315403	0.004889
8.319330	0.004837
8.323257	0.004773
8.327184	0.004698
8.331111	0.004616
8.335038	0.004530
8.338965	0.004441
8.342892	0.004353
8.346819	0.004266
8.350746	0.004181
8.354673	0.004101
8.358600	0.004026
8.362527	0.003956
8.366454	0.003891
8.370381	0.003832
8.374308	0.003778
8.378235	0.003729
8.382162	0.003686
8.386089	0.003647
8.390016	0.003613
8.393943	0.003583
8.397870	0.003558
8.401797	0.003536
8.405724	0.003518
8.409651	0.003504
8.413578	0.003494
8.417505	0.003487
8.421432	0.003484
8.425359	0.003484
8.429286	0.003488
8.433213	0.003496
8.437140	0.003508
8.441067	0.003524
8.444994	0.003543
8.448921	0.003567
8.452848	0.003595
8.456775	0.003626
8.460702	0.003662
8.464629	0.003700
8.468556	0.003741
8.472483	0.003783
8.476410	0.003825
8.480337	0.003866
8.484264	0.003902
8.488191	0.003933
8.492118	0.003956
8.496045	0.003971
8.499972	0.003975
8.503899	0.003969
8.507826	0.003955
8.511753	0.003933
8.515680	0.003906
8.519607	0.003875
8.523534	0.003843
8.527461	0.003811
8.531388	0.003781
8.535315	0.003753
8.539242	0.003728
8.543169	0.003706
8.547096	0.003686
8.551023	0.003668
8.554949	0.003650
8.558876	0.003632
8.562803	0.003614
8.566730	0.003593
8.570657	0.003570
8.574584	0.003543
8.578511	0.003514
8.582438	0.003482
8.586365	0.003447
8.590292	0.003411
8.594219	0.003373
8.598146	0.003334
8.602073	0.003296
8.606000	0.003259
8.609927	0.003223
8.613854	0.003189
8.617781	0.003156
8.621708	0.003127
8.625635	0.003099
8.629562	0.003074
8.633489	0.003052
8.637416	0.003031
8.641343	0.003013
8.645270	0.002997
8.649197	0.002984
8.653124	0.002972
8.657051	0.002962
8.660978	0.002954
8.664905	0.002947
8.668832	0.002943
8.672759	0.002940
8.676686	0.002939
8.680613	0.002940
8.684540	0.002943
8.688467	0.002948
8.692394	0.002954
8.696321	0.002963
8.700248	0.002974
8.704175	0.002986
8.708102	0.003000
8.712029	0.003017
8.715956	0.003035
8.719883	0.003054
8.723810	0.003075
8.727737	0.003096
8.731664	0.003118
8.735591	0.003140
8.739518	0.003162
8.743445	0.003184
8.747372	0.003206
8.751299	0.003228
8.755226	0.003251
8.759153	0.003275
8.763080	0.003301
8.767007	0.003330
8.770934	0.003362
8.774861	0.003397
8.778788	0.003435
8.782715	0.003476
8.786642	0.003519
8.790569	0.003563
8.794496	0.003607
8.798423	0.003651
8.802350	0.003692
8.806277	0.003729
8.810204	0.003762
8.814131	0.003790
8.818058	0.003811
8.821985	0.003827
8.825912	0.003835
8.829839	0.003837
8.833766	0.003832
8.837693	0.003819
8.841620	0.003799
8.845547	0.003771
8.849474	0.003736
8.853401	0.003694
8.857328	0.003645
8.861255	0.003592
8.865182	0.003535
8.869109	0.003475
8.873036	0.003413
8.876963	0.003352
8.880890	0.003291
8.884817	0.003233
8.888744	0.003178
8.892671	0.003125
8.896598	0.003077
8.900525	0.003032
8.904452	0.002991
8.908379	0.002953
8.912306	0.002919
8.916233	0.002888
8.920160	0.002861
8.924087	0.002837
8.928014	0.002815
8.931941	0.002796
8.935868	0.002779
8.939795	0.002765
8.943722	0.002753
8.947649	0.002743
8.951576	0.002736
8.955503	0.002730
8.959430	0.002727
8.963357	0.002725
8.967284	0.002725
8.971211	0.002728
8.975138	0.002732
8.979065	0.002739
8.982991	0.002748
8.986918	0.002759
8.990845	0.002773
8.994772	0.002789
8.998699	0.002809
9.002626	0.002831
9.006553	0.002856
9.010480	0.002885
9.014407	0.002917
9.018334	0.002953
9.022261	0.002993
9.026188	0.003036
9.030115	0.003082
9.034042	0.003132
9.037969	0.003184
9.041896	0.003239
9.045823	0.003294
9.049750	0.003350
9.053677	0.003404
9.057604	0.003457
9.061531	0.003507
9.065458	0.003554
9.069385	0.003597
9.073312	0.003635
9.077239	0.003668
9.081166	0.003697
9.085093	0.003720
9.089020	0.003738
9.092947	0.003751
9.096874	0.003759
9.100801	0.003759
9.104728	0.003753
9.108655	0.003739
9.112582	0.003717
9.116509	0.003685
9.120436	0.003645
9.124363	0.003598
9.128290	0.003543
9.132217	0.003482
9.136144	0.003418
9.140071	0.003352
9.143998	0.003286
9.147925	0.003221
9.151852	0.003158
9.155779	0.003099
9.159706	0.003043
9.163633	0.002992
9.167560	0.002945
9.171487	0.002903
9.175414	0.002865
9.179341	0.002831
9.183268	0.002801
9.187195	0.002775
9.191122	0.002753
9.195049	0.002734
9.198976	0.002718
9.202903	0.002706
9.206830	0.002696
9.210757	0.002690
9.214684	0.002687
9.218611	0.002686
9.222538	0.002689
9.226465	0.002694
9.230392	0.002702
9.234319	0.002714
9.238246	0.002729
9.242173	0.002747
9.246100	0.002769
9.250027	0.002794
9.253954	0.002823
9.257881	0.002856
9.261808	0.002893
9.265735	0.002934
9.269662	0.002979
9.273589	0.003028
9.277516	0.003081
9.281443	0.003136
9.285370	0.003193
9.289297	0.003252
9.293224	0.003312
9.297151	0.003371
9.301078	0.003429
9.305005	0.003486
9.308932	0.003541
9.312859	0.003594
9.316786	0.003646
9.320713	0.003697
9.324640	0.003747
9.328567	0.003798
9.332494	0.003849
9.336421	0.003900
9.340348	0.003950
9.344275	0.003998
9.348202	0.004043
9.352129	0.004080
9.356056	0.004107
9.359983	0.004122
9.363910	0.004122
9.367837	0.004106
9.371764	0.004073
9.375691	0.004024
9.379618	0.003961
9.383545	0.003885
9.387472	0.003801
9.391399	0.003711
9.395326	0.003618
9.399253	0.003525
9.403180	0.003433
9.407107	0.003345
9.411033	0.003262
9.414960	0.003185
9.418887	0.003113
9.422814	0.003048
9.426741	0.002989
9.430668	0.002935
9.434595	0.002888
9.438522	0.002846
9.442449	0.002810
9.446376	0.002778
9.450303	0.002752
9.454230	0.002729
9.458157	0.002712
9.462084	0.002698
9.466011	0.002688
9.469938	0.002682
9.473865	0.002681
9.477792	0.002683
9.481719	0.002689
9.485646	0.002699
9.489573	0.002714
9.493500	0.002732
9.497427	0.002755
9.501354	0.002783
9.505281	0.002816
9.509208	0.002854
9.513135	0.002897
9.517062	0.002945
9.520989	0.002998
9.524916	0.003056
9.528843	0.003119
9.532770	0.003185
9.536697	0.003254
9.540624	0.003325
9.544551	0.003395
9.548478	0.003463
9.552405	0.003527
9.556332	0.003585
9.560259	0.003637
9.564186	0.003680
9.568113	0.003713
9.572040	0.003737
9.575967	0.003750
9.579894	0.003754
9.583821	0.003748
9.587748	0.003735
9.591675	0.003715
9.595602	0.003692
9.599529	0.003666
9.603456	0.003640
9.607383	0.003616
9.611310	0.003594
9.615237	0.003575
9.619164	0.003558
9.623091	0.003543
9.627018	0.003530
9.630945	0.003515
9.634872	0.003498
9.638799	0.003477
9.642726	0.003451
9.646653	0.003418
9.650580	0.003379
9.654507	0.003334
9.658434	0.003282
9.662361	0.003225
9.666288	0.003164
9.670215	0.003102
9.674142	0.003038
9.678069	0.002976
9.681996	0.002915
9.685923	0.002857
9.689850	0.002803
9.693777	0.002753
9.697704	0.002708
9.701631	0.002667
9.705558	0.002630
9.709485	0.002598
9.713412	0.002570
9.717339	0.002547
9.721266	0.002527
9.725193	0.002511
9.729120	0.002499
9.733047	0.002491
9.736974	0.002486
9.740901	0.002485
9.744828	0.002488
9.748755	0.002494
9.752682	0.002503
9.756609	0.002517
9.760536	0.002535
9.764463	0.002557
9.768390	0.002583
9.772317	0.002613
9.776244	0.002649
9.780171	0.002689
9.784098	0.002735
9.788025	0.002785
9.791952	0.002841
9.795879	0.002901
9.799806	0.002965
9.803733	0.003033
9.807660	0.003102
9.811587	0.003172
9.815514	0.003240
9.819441	0.003305
