-9.819441	0.001066
-9.815514	0.001067
-9.811587	0.001068
-9.807660	0.001069
-9.803733	0.001070
-9.799806	0.001071
-9.795879	0.001072
-9.791952	0.001073
-9.788025	0.001074
-9.784098	0.001075
-9.780171	0.001075
-9.776244	0.001076
-9.772317	0.001077
-9.768390	0.001078
-9.764463	0.001079
-9.760536	0.001080
-9.756609	0.001081
-9.752682	0.001082
-9.748755	0.001083
-9.744828	0.001084
-9.740901	0.001085
-9.736974	0.001086
-9.733047	0.001087
-9.729120	0.001088
-9.725193	0.001089
-9.721266	0.001090
-9.717339	0.001091
-9.713412	0.001091
-9.709485	0.001092
-9.705558	0.001093
-9.701631	0.001094
-9.697704	0.001095
-9.693777	0.001096
-9.689850	0.001097
-9.685923	0.001098
-9.681996	0.001099
-9.678069	0.001100
-9.674142	0.001101
-9.670215	0.001102
-9.666288	0.001103
-9.662361	0.001104
-9.658434	0.001105
-9.654507	0.001106
-9.650580	0.001107
-9.646653	0.001108
-9.642726	0.001109
-9.638799	0.001110
-9.634872	0.001111
-9.630945	0.001112
-9.627018	0.001113
-9.623091	0.001114
-9.619164	0.001115
-9.615237	0.001116
-9.611310	0.001117
-9.607383	0.001118
-9.603456	0.001119
-9.599529	0.001120
-9.595602	0.001121
-9.591675	0.001122
-9.587748	0.001123
-9.583821	0.001124
-9.579894	0.001125
-9.575967	0.001126
-9.572040	0.001127
-9.568113	0.001128
-9.564186	0.001129
-9.560259	0.001130
-9.556332	0.001131
-9.552405	0.001132
-9.548478	0.001133
-9.544551	0.001134
-9.540624	0.001135
-9.536697	0.001136
-9.532770	0.001137
-9.528843	0.001138
-9.524916	0.001139
-9.520989	0.001140
-9.517062	0.001141
-9.513135	0.001142
-9.509208	0.001143
-9.505281	0.001144
-9.501354	0.001145
-9.497427	0.001146
-9.493500	0.001147
-9.489573	0.001148
-9.485646	0.001149
-9.481719	0.001150
-9.477792	0.001151
-9.473865	0.001152
-9.469938	0.001153
-9.466011	0.001154
-9.462084	0.001155
-9.458157	0.001156
-9.454230	0.001157
-9.450303	0.001158
-9.446376	0.001159
-9.442449	0.001160
-9.438522	0.001162
-9.434595	0.001163
-9.430668	0.001164
-9.426741	0.001165
-9.422814	0.001166
-9.418887	0.001167
-9.414960	0.001168
-9.411033	0.001169
-9.407107	0.001170
-9.403180	0.001171
-9.399253	0.001172
-9.395326	0.001173
-9.391399	0.001174
-9.387472	0.001175
-9.383545	0.001176
-9.379618	0.001177
-9.375691	0.001178
-9.371764	0.001180
-9.367837	0.001181
-9.363910	0.001182
-9.359983	0.001183
-9.356056	0.001184
-9.352129	0.001185
-9.348202	0.001186
-9.344275	0.001187
-9.340348	0.001188
-9.336421	0.001189
-9.332494	0.001190
-9.328567	0.001191
-9.324640	0.001193
-9.320713	0.001194
-9.316786	0.001195
-9.312859	0.001196
-9.308932	0.001197
-9.305005	0.001198
-9.301078	0.001199
-9.297151	0.001200
-9.293224	0.001201
-9.289297	0.001202
-9.285370	0.001204
-9.281443	0.001205
-9.277516	0.001206
-9.273589	0.001207
-9.269662	0.001208
-9.265735	0.001209
-9.261808	0.001210
-9.257881	0.001211
-9.253954	0.001213
-9.250027	0.001214
-9.246100	0.001215
-9.242173	0.001216
-9.238246	0.001217
-9.234319	0.001218
-9.230392	0.001219
-9.226465	0.001220
-9.222538	0.001222
-9.218611	0.001223
-9.214684	0.001224
-9.210757	0.001225
-9.206830	0.001226
-9.202903	0.001227
-9.198976	0.001228
-9.195049	0.001230
-9.191122	0.001231
-9.187195	0.001232
-9.183268	0.001233
-9.179341	0.001234
-9.175414	0.001235
-9.171487	0.001236
-9.167560	0.001238
-9.163633	0.001239
-9.159706	0.001240
-9.155779	0.001241
-9.151852	0.001242
-9.147925	0.001243
-9.143998	0.001245
-9.140071	0.001246
-9.136144	0.001247
-9.132217	0.001248
-9.128290	0.001249
-9.124363	0.001250
-9.120436	0.001252
-9.116509	0.001253
-9.112582	0.001254
-9.108655	0.001255
-9.104728	0.001256
-9.100801	0.001258
-9.096874	0.001259
-9.092947	0.001260
-9.089020	0.001261
-9.085093	0.001262
-9.081166	0.001264
-9.077239	0.001265
-9.073312	0.001266
-9.069385	0.001267
-9.065458	0.001268
-9.061531	0.001270
-9.057604	0.001271
-9.053677	0.001272
-9.049750	0.001273
-9.045823	0.001274
-9.041896	0.001276
-9.037969	0.001277
-9.034042	0.001278
-9.030115	0.001279
-9.026188	0.001280
-9.022261	0.001282
-9.018334	0.001283
-9.014407	0.001284
-9.010480	0.001285
-9.006553	0.001287
-9.002626	0.001288
-8.998699	0.001289
-8.994772	0.001290
-8.990845	0.001291
-8.986918	0.001293
-8.982991	0.001294
-8.979065	0.001295
-8.975138	0.001296
-8.971211	0.001298
-8.967284	0.001299
-8.963357	0.001300
-8.959430	0.001301
-8.955503	0.001303
-8.951576	0.001304
-8.947649	0.001305
-8.943722	0.001306
-8.939795	0.001308
-8.935868	0.001309
-8.931941	0.001310
-8.928014	0.001312
-8.924087	0.001313
-8.920160	0.001314
-8.916233	0.001315
-8.912306	0.001317
-8.908379	0.001318
-8.904452	0.001319
-8.900525	0.001320
-8.896598	0.001322
-8.892671	0.001323
-8.888744	0.001324
-8.884817	0.001326
-8.880890	0.001327
-8.876963	0.001328
-8.873036	0.001329
-8.869109	0.001331
-8.865182	0.001332
-8.861255	0.001333
-8.857328	0.001335
-8.853401	0.001336
-8.849474	0.001337
-8.845547	0.001339
-8.841620	0.001340
-8.837693	0.001341
-8.833766	0.001343
-8.829839	0.001344
-8.825912	0.001345
-8.821985	0.001346
-8.818058	0.001348
-8.814131	0.001349
-8.810204	0.001350
-8.806277	0.001352
-8.802350	0.001353
-8.798423	0.001354
-8.794496	0.001356
-8.790569	0.001357
-8.786642	0.001358
-8.782715	0.001360
-8.778788	0.001361
-8.774861	0.001362
-8.770934	0.001364
-8.767007	0.001365
-8.763080	0.001367
-8.759153	0.001368
-8.755226	0.001369
-8.751299	0.001371
-8.747372	0.001372
-8.743445	0.001373
-8.739518	0.001375
-8.735591	0.001376
-8.731664	0.001377
-8.727737	0.001379
-8.723810	0.001380
-8.719883	0.001381
-8.715956	0.001383
-8.712029	0.001384
-8.708102	0.001386
-8.704175	0.001387
-8.700248	0.001388
-8.696321	0.001390
-8.692394	0.001391
-8.688467	0.001393
-8.684540	0.001394
-8.680613	0.001395
-8.676686	0.001397
-8.672759	0.001398
-8.668832	0.001400
-8.664905	0.001401
-8.660978	0.001402
-8.657051	0.001404
-8.653124	0.001405
-8.649197	0.001407
-8.645270	0.001408
-8.641343	0.001409
-8.637416	0.001411
-8.633489	0.001412
-8.629562	0.001414
-8.625635	0.001415
-8.621708	0.001417
-8.617781	0.001418
-8.613854	0.001419
-8.609927	0.001421
-8.606000	0.001422
-8.602073	0.001424
-8.598146	0.001425
-8.594219	0.001427
-8.590292	0.001428
-8.586365	0.001430
-8.582438	0.001431
-8.578511	0.001432
-8.574584	0.001434
-8.570657	0.001435
-8.566730	0.001437
-8.562803	0.001438
-8.558876	0.001440
-8.554949	0.001441
-8.551023	0.001443
-8.547096	0.001444
-8.543169	0.001446
-8.539242	0.001447
-8.535315	0.001449
-8.531388	0.001450
-8.527461	0.001452
-8.523534	0.001453
-8.519607	0.001455
-8.515680	0.001456
-8.511753	0.001458
-8.507826	0.001459
-8.503899	0.001461
-8.499972	0.001462
-8.496045	0.001464
-8.492118	0.001465
-8.488191	0.001467
-8.484264	0.001468
-8.480337	0.001470
-8.476410	0.001471
-8.472483	0.001473
-8.468556	0.001474
-8.464629	0.001476
-8.460702	0.001477
-8.456775	0.001479
-8.452848	0.001480
-8.448921	0.001482
-8.444994	0.001483
-8.441067	0.001485
-8.437140	0.001486
-8.433213	0.001488
-8.429286	0.001489
-8.425359	0.001491
-8.421432	0.001493
-8.417505	0.001494
-8.413578	0.001496
-8.409651	0.001497
-8.405724	0.001499
-8.401797	0.001500
-8.397870	0.001502
-8.393943	0.001503
-8.390016	0.001505
-8.386089	0.001507
-8.382162	0.001508
-8.378235	0.001510
-8.374308	0.001511
-8.370381	0.001513
-8.366454	0.001514
-8.362527	0.001516
-8.358600	0.001518
-8.354673	0.001519
-8.350746	0.001521
-8.346819	0.001522
-8.342892	0.001524
-8.338965	0.001526
-8.335038	0.001527
-8.331111	0.001529
-8.327184	0.001531
-8.323257	0.001532
-8.319330	0.001534
-8.315403	0.001535
-8.311476	0.001537
-8.307549	0.001539
-8.303622	0.001540
-8.299695	0.001542
-8.295768	0.001544
-8.291841	0.001545
-8.287914	0.001547
-8.283987	0.001549
-8.280060	0.001550
-8.276133	0.001552
-8.272206	0.001553
-8.268279	0.001555
-8.264352	0.001557
-8.260425	0.001558
-8.256498	0.001560
-8.252571	0.001562
-8.248644	0.001563
-8.244717	0.001565
-8.240790	0.001567
-8.236863	0.001568
-8.232936	0.001570
-8.229009	0.001572
-8.225082	0.001573
-8.221155	0.001575
-8.217228	0.001577
-8.213301	0.001579
-8.209374	0.001580
-8.205447	0.001582
-8.201520	0.001584
-8.197593	0.001585
-8.193666	0.001587
-8.189739	0.001589
-8.185812	0.001591
-8.181885	0.001592
-8.177958	0.001594
-8.174031	0.001596
-8.170104	0.001598
-8.166177	0.001599
-8.162250	0.001601
-8.158323	0.001603
-8.154396	0.001605
-8.150469	0.001606
-8.146542	0.001608
-8.142615	0.001610
-8.138688	0.001612
-8.134761	0.001613
-8.130834	0.001615
-8.126907	0.001617
-8.122981	0.001619
-8.119054	0.001620
-8.115127	0.001622
-8.111200	0.001624
-8.107273	0.001626
-8.103346	0.001628
-8.099419	0.001629
-8.095492	0.001631
-8.091565	0.001633
-8.087638	0.001635
-8.083711	0.001636
-8.079784	0.001638
-8.075857	0.001640
-8.071930	0.001642
-8.068003	0.001644
-8.064076	0.001646
-8.060149	0.001647
-8.056222	0.001649
-8.052295	0.001651
-8.048368	0.001653
-8.044441	0.001655
-8.040514	0.001657
-8.036587	0.001659
-8.032660	0.001660
-8.028733	0.001662
-8.024806	0.001664
-8.020879	0.001666
-8.016952	0.001668
-8.013025	0.001670
-8.009098	0.001672
-8.005171	0.001674
-8.001244	0.001675
-7.997317	0.001677
-7.993390	0.001679
-7.989463	0.001681
-7.985536	0.001683
-7.981609	0.001685
-7.977682	0.001686
-7.973755	0.001688
-7.969828	0.001690
-7.965901	0.001692
-7.961974	0.001694
-7.958047	0.001696
-7.954120	0.001697
-7.950193	0.001699
-7.946266	0.001701
-7.942339	0.001703
-7.938412	0.001705
-7.934485	0.001707
-7.930558	0.001709
-7.926631	0.001711
-7.922704	0.001713
-7.918777	0.001715
-7.914850	0.001716
-7.910923	0.001718
-7.906996	0.001720
-7.903069	0.001722
-7.899142	0.001724
-7.895215	0.001726
-7.891288	0.001728
-7.887361	0.001730
-7.883434	0.001732
-7.879507	0.001734
-7.875580	0.001736
-7.871653	0.001738
-7.867726	0.001740
-7.863799	0.001742
-7.859872	0.001744
-7.855945	0.001746
-7.852018	0.001748
-7.848091	0.001750
-7.844164	0.001752
-7.840237	0.001754
-7.836310	0.001756
-7.832383	0.001758
-7.828456	0.001760
-7.824529	0.001763
-7.820602	0.001765
-7.816675	0.001767
-7.812748	0.001769
-7.808821	0.001771
-7.804894	0.001773
-7.800967	0.001775
-7.797040	0.001777
-7.793113	0.001779
-7.789186	0.001781
-7.785259	0.001783
-7.781332	0.001785
-7.777405	0.001787
-7.773478	0.001789
-7.769551	0.001791
-7.765624	0.001793
-7.761697	0.001795
-7.757770	0.001797
-7.753843	0.001799
-7.749916	0.001801
-7.745989	0.001804
-7.742062	0.001806
-7.738135	0.001808
-7.734208	0.001810
-7.730281	0.001812
-7.726354	0.001814
-7.722427	0.001817
-7.718500	0.001819
-7.714573	0.001821
-7.710646	0.001823
-7.706719	0.001825
-7.702792	0.001828
-7.698865	0.001830
-7.694939	0.001832
-7.691012	0.001834
-7.687085	0.001836
-7.683158	0.001838
-7.679231	0.001841
-7.675304	0.001843
-7.671377	0.001845
-7.667450	0.001847
-7.663523	0.001849
-7.659596	0.001851
-7.655669	0.001854
-7.651742	0.001856
-7.647815	0.001858
-7.643888	0.001860
-7.639961	0.001862
-7.636034	0.001864
-7.632107	0.001867
-7.628180	0.001869
-7.624253	0.001871
-7.620326	0.001873
-7.616399	0.001875
-7.612472	0.001878
-7.608545	0.001880
-7.604618	0.001882
-7.600691	0.001885
-7.596764	0.001887
-7.592837	0.001889
-7.588910	0.001892
-7.584983	0.001894
-7.581056	0.001896
-7.577129	0.001899
-7.573202	0.001901
-7.569275	0.001904
-7.565348	0.001906
-7.561421	0.001908
-7.557494	0.001911
-7.553567	0.001913
-7.549640	0.001915
-7.545713	0.001918
-7.541786	0.001920
-7.537859	0.001922
-7.533932	0.001924
-7.530005	0.001927
-7.526078	0.001929
-7.522151	0.001931
-7.518224	0.001933
-7.514297	0.001936
-7.510370	0.001938
-7.506443	0.001940
-7.502516	0.001942
-7.498589	0.001945
-7.494662	0.001947
-7.490735	0.001949
-7.486808	0.001951
-7.482881	0.001954
-7.478954	0.001956
-7.475027	0.001959
-7.471100	0.001961
-7.467173	0.001963
-7.463246	0.001966
-7.459319	0.001968
-7.455392	0.001971
-7.451465	0.001973
-7.447538	0.001976
-7.443611	0.001978
-7.439684	0.001981
-7.435757	0.001983
-7.431830	0.001986
-7.427903	0.001989
-7.423976	0.001991
-7.420049	0.001994
-7.416122	0.001996
-7.412195	0.001999
-7.408268	0.002002
-7.404341	0.002004
-7.400414	0.002007
-7.396487	0.002009
-7.392560	0.002012
-7.388633	0.002014
-7.384706	0.002017
-7.380779	0.002019
-7.376852	0.002022
-7.372925	0.002024
-7.368998	0.002027
-7.365071	0.002029
-7.361144	0.002032
-7.357217	0.002034
-7.353290	0.002037
-7.349363	0.002039
-7.345436	0.002042
-7.341509	0.002044
-7.337582	0.002047
-7.333655	0.002049
-7.329728	0.002052
-7.325801	0.002054
-7.321874	0.002057
-7.317947	0.002060
-7.314020	0.002062
-7.310093	0.002065
-7.306166	0.002068
-7.302239	0.002071
-7.298312	0.002073
-7.294385	0.002076
-7.290458	0.002079
-7.286531	0.002082
-7.282604	0.002085
-7.278677	0.002088
-7.274750	0.002091
-7.270823	0.002094
-7.266897	0.002097
-7.262970	0.002100
-7.259043	0.002103
-7.255116	0.002106
-7.251189	0.002109
-7.247262	0.002112
-7.243335	0.002114
-7.239408	0.002117
-7.235481	0.002120
-7.231554	0.002122
-7.227627	0.002125
-7.223700	0.002127
-7.219773	0.002130
-7.215846	0.002132
-7.211919	0.002135
-7.207992	0.002137
-7.204065	0.002140
-7.200138	0.002142
-7.196211	0.002145
-7.192284	0.002148
-7.188357	0.002150
-7.184430	0.002153
-7.180503	0.002156
-7.176576	0.002159
-7.172649	0.002162
-7.168722	0.002165
-7.164795	0.002168
-7.160868	0.002171
-7.156941	0.002174
-7.153014	0.002177
-7.149087	0.002180
-7.145160	0.002183
-7.141233	0.002186
-7.137306	0.002190
-7.133379	0.002193
-7.129452	0.002196
-7.125525	0.002199
-7.121598	0.002203
-7.117671	0.002206
-7.113744	0.002209
-7.109817	0.002212
-7.105890	0.002215
-7.101963	0.002218
-7.098036	0.002221
-7.094109	0.002223
-7.090182	0.002226
-7.086255	0.002229
-7.082328	0.002231
-7.078401	0.002234
-7.074474	0.002236
-7.070547	0.002239
-7.066620	0.002242
-7.062693	0.002244
-7.058766	0.002247
-7.054839	0.002250
-7.050912	0.002253
-7.046985	0.002255
-7.043058	0.002258
-7.039131	0.002261
-7.035204	0.002264
-7.031277	0.002267
-7.027350	0.002271
-7.023423	0.002274
-7.019496	0.002277
-7.015569	0.002280
-7.011642	0.002283
-7.007715	0.002287
-7.003788	0.002290
-6.999861	0.002294
-6.995934	0.002297
-6.992007	0.002301
-6.988080	0.002304
-6.984153	0.002308
-6.980226	0.002311
-6.976299	0.002315
-6.972372	0.002318
-6.968445	0.002322
-6.964518	0.002325
-6.960591	0.002328
-6.956664	0.002332
-6.952737	0.002335
-6.948810	0.002338
-6.944883	0.002341
-6.940956	0.002344
-6.937029	0.002347
-6.933102	0.002350
-6.929175	0.002353
-6.925248	0.002356
-6.921321	0.002359
-6.917394	0.002362
-6.913467	0.002365
-6.909540	0.002368
-6.905613	0.002371
-6.901686	0.002374
-6.897759	0.002377
-6.893832	0.002380
-6.889905	0.002383
-6.885978	0.002387
-6.882051	0.002390
-6.878124	0.002393
-6.874197	0.002397
-6.870270	0.002400
-6.866343	0.002404
-6.862416	0.002407
-6.858489	0.002411
-6.854562	0.002415
-6.850635	0.002419
-6.846708	0.002422
-6.842781	0.002426
-6.838855	0.002430
-6.834928	0.002434
-6.831001	0.002438
-6.827074	0.002442
-6.823147	0.002446
-6.819220	0.002450
-6.815293	0.002454
-6.811366	0.002458
-6.807439	0.002461
-6.803512	0.002465
-6.799585	0.002468
-6.795658	0.002472
-6.791731	0.002475
-6.787804	0.002478
-6.783877	0.002481
-6.779950	0.002484
-6.776023	0.002487
-6.772096	0.002490
-6.768169	0.002493
-6.764242	0.002496
-6.760315	0.002499
-6.756388	0.002503
-6.752461	0.002506
-6.748534	0.002509
-6.744607	0.002513
-6.740680	0.002516
-6.736753	0.002520
-6.732826	0.002524
-6.728899	0.002527
-6.724972	0.002531
-6.721045	0.002535
-6.717118	0.002539
-6.713191	0.002543
-6.709264	0.002547
-6.705337	0.002552
-6.701410	0.002556
-6.697483	0.002560
-6.693556	0.002565
-6.689629	0.002569
-6.685702	0.002574
-6.681775	0.002579
-6.677848	0.002583
-6.673921	0.002588
-6.669994	0.002592
-6.666067	0.002597
-6.662140	0.002601
-6.658213	0.002605
-6.654286	0.002609
-6.650359	0.002613
-6.646432	0.002617
-6.642505	0.002620
-6.638578	0.002624
-6.634651	0.002627
-6.630724	0.002630
-6.626797	0.002634
-6.622870	0.002637
-6.618943	0.002641
-6.615016	0.002644
-6.611089	0.002648
-6.607162	0.002651
-6.603235	0.002655
-6.599308	0.002659
-6.595381	0.002663
-6.591454	0.002667
-6.587527	0.002672
-6.583600	0.002676
-6.579673	0.002680
-6.575746	0.002685
-6.571819	0.002690
-6.567892	0.002695
-6.563965	0.002700
-6.560038	0.002705
-6.556111	0.002710
-6.552184	0.002715
-6.548257	0.002721
-6.544330	0.002726
-6.540403	0.002732
-6.536476	0.002737
-6.532549	0.002742
-6.528622	0.002748
-6.524695	0.002753
-6.520768	0.002758
-6.516841	0.002762
-6.512914	0.002766
-6.508987	0.002770
-6.505060	0.002774
-6.501133	0.002778
-6.497206	0.002781
-6.493279	0.002784
-6.489352	0.002788
-6.485425	0.002791
-6.481498	0.002795
-6.477571	0.002798
-6.473644	0.002802
-6.469717	0.002806
-6.465790	0.002810
-6.461863	0.002814
-6.457936	0.002818
-6.454009	0.002822
-6.450082	0.002827
-6.446155	0.002832
-6.442228	0.002836
-6.438301	0.002841
-6.434374	0.002846
-6.430447	0.002852
-6.426520	0.002857
-6.422593	0.002862
-6.418666	0.002868
-6.414739	0.002874
-6.410813	0.002880
-6.406886	0.002886
-6.402959	0.002893
-6.399032	0.002899
-6.395105	0.002906
-6.391178	0.002913
-6.387251	0.002920
-6.383324	0.002927
-6.379397	0.002934
-6.375470	0.002941
-6.371543	0.002948
-6.367616	0.002955
-6.363689	0.002961
-6.359762	0.002967
-6.355835	0.002973
-6.351908	0.002979
-6.347981	0.002983
-6.344054	0.002988
-6.340127	0.002992
-6.336200	0.002996
-6.332273	0.003000
-6.328346	0.003004
-6.324419	0.003008
-6.320492	0.003013
-6.316565	0.003017
-6.312638	0.003021
-6.308711	0.003026
-6.304784	0.003031
-6.300857	0.003037
-6.296930	0.003042
-6.293003	0.003048
-6.289076	0.003054
-6.285149	0.003061
-6.281222	0.003068
-6.277295	0.003075
-6.273368	0.003082
-6.269441	0.003090
-6.265514	0.003098
-6.261587	0.003106
-6.257660	0.003114
-6.253733	0.003122
-6.249806	0.003130
-6.245879	0.003138
-6.241952	0.003145
-6.238025	0.003151
-6.234098	0.003157
-6.230171	0.003162
-6.226244	0.003166
-6.222317	0.003170
-6.218390	0.003174
-6.214463	0.003177
-6.210536	0.003179
-6.206609	0.003182
-6.202682	0.003185
-6.198755	0.003188
-6.194828	0.003191
-6.190901	0.003195
-6.186974	0.003199
-6.183047	0.003203
-6.179120	0.003207
-6.175193	0.003212
-6.171266	0.003218
-6.167339	0.003224
-6.163412	0.003230
-6.159485	0.003236
-6.155558	0.003243
-6.151631	0.003250
-6.147704	0.003257
-6.143777	0.003264
-6.139850	0.003272
-6.135923	0.003281
-6.131996	0.003289
-6.128069	0.003298
-6.124142	0.003306
-6.120215	0.003315
-6.116288	0.003324
-6.112361	0.003333
-6.108434	0.003342
-6.104507	0.003350
-6.100580	0.003358
-6.096653	0.003366
-6.092726	0.003374
-6.088799	0.003381
-6.084872	0.003387
-6.080945	0.003393
-6.077018	0.003398
-6.073091	0.003404
-6.069164	0.003408
-6.065237	0.003413
-6.061310	0.003418
-6.057383	0.003423
-6.053456	0.003427
-6.049529	0.003432
-6.045602	0.003438
-6.041675	0.003444
-6.037748	0.003450
-6.033821	0.003456
-6.029894	0.003463
-6.025967	0.003470
-6.022040	0.003478
-6.018113	0.003486
-6.014186	0.003494
-6.010259	0.003503
-6.006332	0.003512
-6.002405	0.003521
-5.998478	0.003530
-5.994551	0.003540
-5.990624	0.003550
-5.986698	0.003560
-5.982771	0.003571
-5.978844	0.003582
-5.974917	0.003594
-5.970990	0.003606
-5.967063	0.003619
-5.963136	0.003633
-5.959209	0.003646
-5.955282	0.003661
-5.951355	0.003675
-5.947428	0.003689
-5.943501	0.003703
-5.939574	0.003716
-5.935647	0.003729
-5.931720	0.003741
-5.927793	0.003752
-5.923866	0.003763
-5.919939	0.003773
-5.916012	0.003782
-5.912085	0.003791
-5.908158	0.003800
-5.904231	0.003810
-5.900304	0.003819
-5.896377	0.003830
-5.892450	0.003841
-5.888523	0.003853
-5.884596	0.003866
-5.880669	0.003880
-5.876742	0.003894
-5.872815	0.003910
-5.868888	0.003927
-5.864961	0.003945
-5.861034	0.003963
-5.857107	0.003983
-5.853180	0.004004
-5.849253	0.004027
-5.845326	0.004051
-5.841399	0.004076
-5.837472	0.004104
-5.833545	0.004133
-5.829618	0.004165
-5.825691	0.004198
-5.821764	0.004235
-5.817837	0.004273
-5.813910	0.004314
-5.809983	0.004357
-5.806056	0.004401
-5.802129	0.004447
-5.798202	0.004493
-5.794275	0.004539
-5.790348	0.004584
-5.786421	0.004626
-5.782494	0.004665
-5.778567	0.004700
-5.774640	0.004731
-5.770713	0.004758
-5.766786	0.004781
-5.762859	0.004801
-5.758932	0.004820
-5.755005	0.004839
-5.751078	0.004858
-5.747151	0.004879
-5.743224	0.004903
-5.739297	0.004930
-5.735370	0.004961
-5.731443	0.004998
-5.727516	0.005039
-5.723589	0.005085
-5.719662	0.005138
-5.715735	0.005196
-5.711808	0.005260
-5.707881	0.005329
-5.703954	0.005403
-5.700027	0.005481
-5.696100	0.005561
-5.692173	0.005640
-5.688246	0.005716
-5.684319	0.005787
-5.680392	0.005850
-5.676465	0.005901
-5.672538	0.005939
-5.668611	0.005962
-5.664684	0.005971
-5.660757	0.005965
-5.656830	0.005946
-5.652903	0.005918
-5.648976	0.005882
-5.645049	0.005841
-5.641122	0.005799
-5.637195	0.005758
-5.633268	0.005719
-5.629341	0.005684
-5.625414	0.005655
-5.621487	0.005632
-5.617560	0.005615
-5.613633	0.005605
-5.609706	0.005602
-5.605779	0.005604
-5.601852	0.005613
-5.597925	0.005627
-5.593998	0.005644
-5.590071	0.005665
-5.586144	0.005688
-5.582217	0.005711
-5.578290	0.005733
-5.574363	0.005752
-5.570436	0.005768
-5.566509	0.005780
-5.562582	0.005788
-5.558656	0.005792
-5.554729	0.005791
-5.550802	0.005786
-5.546875	0.005779
-5.542948	0.005769
-5.539021	0.005758
-5.535094	0.005745
-5.531167	0.005732
-5.527240	0.005720
-5.523313	0.005708
-5.519386	0.005698
-5.515459	0.005691
-5.511532	0.005687
-5.507605	0.005687
-5.503678	0.005692
-5.499751	0.005702
-5.495824	0.005718
-5.491897	0.005740
-5.487970	0.005768
-5.484043	0.005803
-5.480116	0.005844
-5.476189	0.005890
-5.472262	0.005943
-5.468335	0.006001
-5.464408	0.006064
-5.460481	0.006131
-5.456554	0.006203
-5.452627	0.006278
-5.448700	0.006357
-5.444773	0.006440
-5.440846	0.006526
-5.436919	0.006616
-5.432992	0.006709
-5.429065	0.006806
-5.425138	0.006906
-5.421211	0.007008
-5.417284	0.007111
-5.413357	0.007215
-5.409430	0.007316
-5.405503	0.007414
-5.401576	0.007507
-5.397649	0.007591
-5.393722	0.007667
-5.389795	0.007733
-5.385868	0.007789
-5.381941	0.007837
-5.378014	0.007875
-5.374087	0.007908
-5.370160	0.007935
-5.366233	0.007960
-5.362306	0.007982
-5.358379	0.008005
-5.354452	0.008028
-5.350525	0.008054
-5.346598	0.008081
-5.342671	0.008113
-5.338744	0.008148
-5.334817	0.008188
-5.330890	0.008232
-5.326963	0.008279
-5.323036	0.008328
-5.319109	0.008377
-5.315182	0.008422
-5.311255	0.008460
-5.307328	0.008489
-5.303401	0.008504
-5.299474	0.008503
-5.295547	0.008484
-5.291620	0.008448
-5.287693	0.008394
-5.283766	0.008325
-5.279839	0.008244
-5.275912	0.008154
-5.271985	0.008060
-5.268058	0.007964
-5.264131	0.007869
-5.260204	0.007780
-5.256277	0.007696
-5.252350	0.007619
-5.248423	0.007549
-5.244496	0.007487
-5.240569	0.007432
-5.236642	0.007384
-5.232715	0.007343
-5.228788	0.007310
-5.224861	0.007284
-5.220934	0.007265
-5.217007	0.007255
-5.213080	0.007254
-5.209153	0.007262
-5.205226	0.007278
-5.201299	0.007304
-5.197372	0.007340
-5.193445	0.007384
-5.189518	0.007437
-5.185591	0.007499
-5.181664	0.007568
-5.177737	0.007646
-5.173810	0.007731
-5.169883	0.007822
-5.165956	0.007918
-5.162029	0.008020
-5.158102	0.008124
-5.154175	0.008231
-5.150248	0.008338
-5.146321	0.008446
-5.142394	0.008554
-5.138467	0.008662
-5.134540	0.008770
-5.130614	0.008879
-5.126687	0.008990
-5.122760	0.009103
-5.118833	0.009219
-5.114906	0.009340
-5.110979	0.009464
-5.107052	0.009593
-5.103125	0.009727
-5.099198	0.009864
-5.095271	0.010004
-5.091344	0.010144
-5.087417	0.010282
-5.083490	0.010417
-5.079563	0.010546
-5.075636	0.010668
-5.071709	0.010783
-5.067782	0.010890
-5.063855	0.010990
-5.059928	0.011084
-5.056001	0.011171
-5.052074	0.011252
-5.048147	0.011328
-5.044220	0.011397
-5.040293	0.011459
-5.036366	0.011514
-5.032439	0.011562
-5.028512	0.011602
-5.024585	0.011634
-5.020658	0.011659
-5.016731	0.011678
-5.012804	0.011692
-5.008877	0.011702
-5.004950	0.011709
-5.001023	0.011712
-4.997096	0.011712
-4.993169	0.011708
-4.989242	0.011700
-4.985315	0.011687
-4.981388	0.011670
-4.977461	0.011651
-4.973534	0.011633
-4.969607	0.011620
-4.965680	0.011615
-4.961753	0.011622
-4.957826	0.011643
-4.953899	0.011682
-4.949972	0.011739
-4.946045	0.011815
-4.942118	0.011911
-4.938191	0.012026
-4.934264	0.012160
-4.930337	0.012312
-4.926410	0.012481
-4.922483	0.012663
-4.918556	0.012856
-4.914629	0.013053
-4.910702	0.013248
-4.906775	0.013432
-4.902848	0.013598
-4.898921	0.013737
-4.894994	0.013840
-4.891067	0.013901
-4.887140	0.013918
-4.883213	0.013889
-4.879286	0.013818
-4.875359	0.013710
-4.871432	0.013572
-4.867505	0.013414
-4.863578	0.013244
-4.859651	0.013071
-4.855724	0.012903
-4.851797	0.012744
-4.847870	0.012601
-4.843943	0.012475
-4.840016	0.012368
-4.836089	0.012280
-4.832162	0.012211
-4.828235	0.012160
-4.824308	0.012126
-4.820381	0.012106
-4.816454	0.012098
-4.812527	0.012100
-4.808600	0.012108
-4.804673	0.012120
-4.800746	0.012135
-4.796819	0.012150
-4.792892	0.012165
-4.788965	0.012179
-4.785038	0.012194
-4.781111	0.012209
-4.777184	0.012228
-4.773257	0.012251
-4.769330	0.012281
-4.765403	0.012320
-4.761476	0.012370
-4.757549	0.012435
-4.753622	0.012517
-4.749695	0.012618
-4.745768	0.012739
-4.741841	0.012883
-4.737914	0.013049
-4.733987	0.013237
-4.730060	0.013445
-4.726133	0.013669
-4.722206	0.013906
-4.718279	0.014149
-4.714352	0.014393
-4.710425	0.014630
-4.706498	0.014855
-4.702572	0.015063
-4.698645	0.015252
-4.694718	0.015418
-4.690791	0.015563
-4.686864	0.015686
-4.682937	0.015790
-4.679010	0.015877
-4.675083	0.015949
-4.671156	0.016010
-4.667229	0.016062
-4.663302	0.016108
-4.659375	0.016150
-4.655448	0.016188
-4.651521	0.016223
-4.647594	0.016253
-4.643667	0.016276
-4.639740	0.016289
-4.635813	0.016289
-4.631886	0.016271
-4.627959	0.016233
-4.624032	0.016174
-4.620105	0.016094
-4.616178	0.015997
-4.612251	0.015885
-4.608324	0.015763
-4.604397	0.015635
-4.600470	0.015505
-4.596543	0.015376
-4.592616	0.015250
-4.588689	0.015130
-4.584762	0.015017
-4.580835	0.014916
-4.576908	0.014830
-4.572981	0.014763
-4.569054	0.014719
-4.565127	0.014701
-4.561200	0.014713
-4.557273	0.014758
-4.553346	0.014835
-4.549419	0.014947
-4.545492	0.015093
-4.541565	0.015273
-4.537638	0.015483
-4.533711	0.015722
-4.529784	0.015985
-4.525857	0.016269
-4.521930	0.016568
-4.518003	0.016876
-4.514076	0.017187
-4.510149	0.017492
-4.506222	0.017785
-4.502295	0.018056
-4.498368	0.018298
-4.494441	0.018506
-4.490514	0.018677
-4.486587	0.018811
-4.482660	0.018912
-4.478733	0.018986
-4.474806	0.019041
-4.470879	0.019083
-4.466952	0.019123
-4.463025	0.019166
-4.459098	0.019221
-4.455171	0.019291
-4.451244	0.019384
-4.447317	0.019502
-4.443390	0.019647
-4.439463	0.019820
-4.435536	0.020016
-4.431609	0.020229
-4.427682	0.020449
-4.423755	0.020662
-4.419828	0.020853
-4.415901	0.021005
-4.411974	0.021104
-4.408047	0.021140
-4.404120	0.021106
-4.400193	0.021003
-4.396266	0.020839
-4.392339	0.020625
-4.388412	0.020374
-4.384485	0.020103
-4.380558	0.019825
-4.376631	0.019554
-4.372704	0.019299
-4.368777	0.019066
-4.364850	0.018862
-4.360923	0.018688
-4.356996	0.018548
-4.353069	0.018443
-4.349142	0.018373
-4.345215	0.018341
-4.341288	0.018348
-4.337361	0.018393
-4.333434	0.018477
-4.329507	0.018601
-4.325580	0.018762
-4.321653	0.018961
-4.317726	0.019195
-4.313799	0.019465
-4.309872	0.019768
-4.305945	0.020107
-4.302018	0.020482
-4.298091	0.020895
-4.294164	0.021347
-4.290237	0.021839
-4.286310	0.022371
-4.282383	0.022941
-4.278456	0.023545
-4.274530	0.024175
-4.270603	0.024823
-4.266676	0.025476
-4.262749	0.026119
-4.258822	0.026736
-4.254895	0.027308
-4.250968	0.027816
-4.247041	0.028244
-4.243114	0.028578
-4.239187	0.028808
-4.235260	0.028929
-4.231333	0.028946
-4.227406	0.028866
-4.223479	0.028705
-4.219552	0.028484
-4.215625	0.028226
-4.211698	0.027956
-4.207771	0.027698
-4.203844	0.027475
-4.199917	0.027302
-4.195990	0.027196
-4.192063	0.027164
-4.188136	0.027210
-4.184209	0.027336
-4.180282	0.027536
-4.176355	0.027802
-4.172428	0.028122
-4.168501	0.028482
-4.164574	0.028862
-4.160647	0.029243
-4.156720	0.029607
-4.152793	0.029934
-4.148866	0.030207
-4.144939	0.030412
-4.141012	0.030538
-4.137085	0.030577
-4.133158	0.030529
-4.129231	0.030396
-4.125304	0.030188
-4.121377	0.029919
-4.117450	0.029610
-4.113523	0.029282
-4.109596	0.028957
-4.105669	0.028658
-4.101742	0.028403
-4.097815	0.028208
-4.093888	0.028085
-4.089961	0.028040
-4.086034	0.028077
-4.082107	0.028196
-4.078180	0.028392
-4.074253	0.028655
-4.070326	0.028972
-4.066399	0.029327
-4.062472	0.029699
-4.058545	0.030065
-4.054618	0.030404
-4.050691	0.030694
-4.046764	0.030916
-4.042837	0.031059
-4.038910	0.031116
-4.034983	0.031086
-4.031056	0.030976
-4.027129	0.030799
-4.023202	0.030568
-4.019275	0.030303
-4.015348	0.030020
-4.011421	0.029736
-4.007494	0.029466
-4.003567	0.029221
-3.999640	0.029012
-3.995713	0.028843
-3.991786	0.028720
-3.987859	0.028646
-3.983932	0.028623
-3.980005	0.028651
-3.976078	0.028730
-3.972151	0.028859
-3.968224	0.029033
-3.964297	0.029244
-3.960370	0.029485
-3.956443	0.029741
-3.952516	0.030001
-3.948589	0.030250
-3.944662	0.030477
-3.940735	0.030670
-3.936808	0.030825
-3.932881	0.030937
-3.928954	0.031008
-3.925027	0.031041
-3.921100	0.031042
-3.917173	0.031020
-3.913246	0.030984
-3.909319	0.030943
-3.905392	0.030907
-3.901465	0.030886
-3.897538	0.030886
-3.893611	0.030914
-3.889684	0.030976
-3.885757	0.031075
-3.881830	0.031214
-3.877903	0.031394
-3.873976	0.031617
-3.870049	0.031886
-3.866122	0.032202
-3.862195	0.032569
-3.858268	0.032990
-3.854341	0.033468
-3.850414	0.034010
-3.846488	0.034621
-3.842561	0.035309
-3.838634	0.036082
-3.834707	0.036948
-3.830780	0.037911
-3.826853	0.038973
-3.822926	0.040129
-3.818999	0.041368
-3.815072	0.042669
-3.811145	0.044002
-3.807218	0.045328
-3.803291	0.046599
-3.799364	0.047762
-3.795437	0.048761
-3.791510	0.049544
-3.787583	0.050068
-3.783656	0.050305
-3.779729	0.050249
-3.775802	0.049912
-3.771875	0.049329
-3.767948	0.048547
-3.764021	0.047625
-3.760094	0.046623
-3.756167	0.045601
-3.752240	0.044608
-3.748313	0.043687
-3.744386	0.042871
-3.740459	0.042182
-3.736532	0.041635
-3.732605	0.041239
-3.728678	0.040995
-3.724751	0.040899
-3.720824	0.040942
-3.716897	0.041110
-3.712970	0.041385
-3.709043	0.041742
-3.705116	0.042154
-3.701189	0.042590
-3.697262	0.043017
-3.693335	0.043405
-3.689408	0.043726
-3.685481	0.043955
-3.681554	0.044077
-3.677627	0.044079
-3.673700	0.043958
-3.669773	0.043717
-3.665846	0.043363
-3.661919	0.042912
-3.657992	0.042387
-3.654065	0.041811
-3.650138	0.041213
-3.646211	0.040623
-3.642284	0.040068
-3.638357	0.039570
-3.634430	0.039148
-3.630503	0.038815
-3.626576	0.038578
-3.622649	0.038439
-3.618722	0.038393
-3.614795	0.038431
-3.610868	0.038537
-3.606941	0.038693
-3.603014	0.038877
-3.599087	0.039065
-3.595160	0.039233
-3.591233	0.039359
-3.587306	0.039426
-3.583379	0.039420
-3.579452	0.039335
-3.575525	0.039172
-3.571598	0.038934
-3.567671	0.038632
-3.563744	0.038277
-3.559817	0.037885
-3.555890	0.037471
-3.551963	0.037050
-3.548036	0.036640
-3.544109	0.036254
-3.540182	0.035909
-3.536255	0.035617
-3.532328	0.035391
-3.528401	0.035238
-3.524474	0.035169
-3.520547	0.035188
-3.516620	0.035301
-3.512693	0.035511
-3.508766	0.035820
-3.504839	0.036231
-3.500912	0.036742
-3.496985	0.037352
-3.493058	0.038059
-3.489131	0.038855
-3.485204	0.039731
-3.481277	0.040674
-3.477350	0.041668
-3.473423	0.042693
-3.469496	0.043723
-3.465569	0.044733
-3.461642	0.045695
-3.457715	0.046581
-3.453788	0.047365
-3.449861	0.048024
-3.445934	0.048541
-3.442007	0.048906
-3.438080	0.049120
-3.434153	0.049191
-3.430226	0.049140
-3.426299	0.048997
-3.422372	0.048796
-3.418446	0.048577
-3.414519	0.048380
-3.410592	0.048242
-3.406665	0.048194
-3.402738	0.048265
-3.398811	0.048475
-3.394884	0.048841
-3.390957	0.049375
-3.387030	0.050083
-3.383103	0.050970
-3.379176	0.052032
-3.375249	0.053263
-3.371322	0.054648
-3.367395	0.056164
-3.363468	0.057782
-3.359541	0.059460
-3.355614	0.061151
-3.351687	0.062796
-3.347760	0.064338
-3.343833	0.065718
-3.339906	0.066886
-3.335979	0.067804
-3.332052	0.068453
-3.328125	0.068834
-3.324198	0.068966
-3.320271	0.068883
-3.316344	0.068632
-3.312417	0.068264
-3.308490	0.067832
-3.304563	0.067383
-3.300636	0.066961
-3.296709	0.066600
-3.292782	0.066322
-3.288855	0.066139
-3.284928	0.066048
-3.281001	0.066033
-3.277074	0.066068
-3.273147	0.066118
-3.269220	0.066143
-3.265293	0.066103
-3.261366	0.065962
-3.257439	0.065694
-3.253512	0.065279
-3.249585	0.064711
-3.245658	0.063991
-3.241731	0.063132
-3.237804	0.062155
-3.233877	0.061085
-3.229950	0.059954
-3.226023	0.058798
-3.222096	0.057651
-3.218169	0.056548
-3.214242	0.055520
-3.210315	0.054593
-3.206388	0.053789
-3.202461	0.053123
-3.198534	0.052607
-3.194607	0.052247
-3.190680	0.052046
-3.186753	0.052003
-3.182826	0.052116
-3.178899	0.052377
-3.174972	0.052776
-3.171045	0.053299
-3.167118	0.053928
-3.163191	0.054640
-3.159264	0.055407
-3.155337	0.056196
-3.151410	0.056969
-3.147483	0.057688
-3.143556	0.058312
-3.139629	0.058805
-3.135702	0.059139
-3.131775	0.059296
-3.127848	0.059273
-3.123921	0.059080
-3.119994	0.058740
-3.116067	0.058289
-3.112140	0.057765
-3.108213	0.057208
-3.104286	0.056660
-3.100359	0.056155
-3.096432	0.055721
-3.092505	0.055380
-3.088578	0.055145
-3.084651	0.055023
-3.080724	0.055016
-3.076797	0.055119
-3.072870	0.055324
-3.068943	0.055621
-3.065016	0.055999
-3.061089	0.056444
-3.057162	0.056948
-3.053235	0.057500
-3.049308	0.058091
-3.045381	0.058710
-3.041454	0.059345
-3.037527	0.059983
-3.033600	0.060610
-3.029673	0.061212
-3.025746	0.061777
-3.021819	0.062298
-3.017892	0.062773
-3.013965	0.063206
-3.010038	0.063605
-3.006111	0.063979
-3.002184	0.064341
-2.998257	0.064705
-2.994330	0.065085
-2.990404	0.065496
-2.986477	0.065949
-2.982550	0.066457
-2.978623	0.067027
-2.974696	0.067659
-2.970769	0.068352
-2.966842	0.069093
-2.962915	0.069867
-2.958988	0.070651
-2.955061	0.071421
-2.951134	0.072147
-2.947207	0.072803
-2.943280	0.073361
-2.939353	0.073800
-2.935426	0.074106
-2.931499	0.074276
-2.927572	0.074316
-2.923645	0.074246
-2.919718	0.074094
-2.915791	0.073898
-2.911864	0.073697
-2.907937	0.073534
-2.904010	0.073451
-2.900083	0.073486
-2.896156	0.073672
-2.892229	0.074037
-2.888302	0.074605
-2.884375	0.075393
-2.880448	0.076414
-2.876521	0.077678
-2.872594	0.079189
-2.868667	0.080945
-2.864740	0.082937
-2.860813	0.085148
-2.856886	0.087552
-2.852959	0.090109
-2.849032	0.092765
-2.845105	0.095458
-2.841178	0.098111
-2.837251	0.100644
-2.833324	0.102980
-2.829397	0.105047
-2.825470	0.106792
-2.821543	0.108182
-2.817616	0.109207
-2.813689	0.109877
-2.809762	0.110222
-2.805835	0.110280
-2.801908	0.110096
-2.797981	0.109718
-2.794054	0.109188
-2.790127	0.108549
-2.786200	0.107835
-2.782273	0.107075
-2.778346	0.106291
-2.774419	0.105492
-2.770492	0.104677
-2.766565	0.103838
-2.762638	0.102960
-2.758711	0.102030
-2.754784	0.101037
-2.750857	0.099977
-2.746930	0.098859
-2.743003	0.097697
-2.739076	0.096516
-2.735149	0.095345
-2.731222	0.094213
-2.727295	0.093150
-2.723368	0.092183
-2.719441	0.091336
-2.715514	0.090630
-2.711587	0.090083
-2.707660	0.089709
-2.703733	0.089524
-2.699806	0.089539
-2.695879	0.089764
-2.691952	0.090211
-2.688025	0.090886
-2.684098	0.091797
-2.680171	0.092951
-2.676244	0.094350
-2.672317	0.095996
-2.668390	0.097888
-2.664463	0.100018
-2.660536	0.102370
-2.656609	0.104919
-2.652682	0.107630
-2.648755	0.110448
-2.644828	0.113305
-2.640901	0.116119
-2.636974	0.118796
-2.633047	0.121237
-2.629120	0.123353
-2.625193	0.125073
-2.621266	0.126357
-2.617339	0.127204
-2.613412	0.127652
-2.609485	0.127773
-2.605558	0.127664
-2.601631	0.127434
-2.597704	0.127192
-2.593777	0.127039
-2.589850	0.127063
-2.585923	0.127336
-2.581996	0.127917
-2.578069	0.128852
-2.574142	0.130174
-2.570215	0.131913
-2.566288	0.134088
-2.562362	0.136716
-2.558435	0.139807
-2.554508	0.143367
-2.550581	0.147391
-2.546654	0.151866
-2.542727	0.156761
-2.538800	0.162027
-2.534873	0.167590
-2.530946	0.173350
-2.527019	0.179180
-2.523092	0.184930
-2.519165	0.190435
-2.515238	0.195536
-2.511311	0.200097
-2.507384	0.204024
-2.503457	0.207281
-2.499530	0.209899
-2.495603	0.211966
-2.491676	0.213619
-2.487749	0.215016
-2.483822	0.216319
-2.479895	0.217667
-2.475968	0.219163
-2.472041	0.220858
-2.468114	0.222750
-2.464187	0.224784
-2.460260	0.226859
-2.456333	0.228843
-2.452406	0.230592
-2.448479	0.231976
-2.444552	0.232893
-2.440625	0.233295
-2.436698	0.233184
-2.432771	0.232616
-2.428844	0.231688
-2.424917	0.230522
-2.420990	0.229256
-2.417063	0.228026
-2.413136	0.226968
-2.409209	0.226209
-2.405282	0.225863
-2.401355	0.226032
-2.397428	0.226802
-2.393501	0.228240
-2.389574	0.230391
-2.385647	0.233280
-2.381720	0.236907
-2.377793	0.241243
-2.373866	0.246233
-2.369939	0.251790
-2.366012	0.257793
-2.362085	0.264096
-2.358158	0.270525
-2.354231	0.276894
-2.350304	0.283017
-2.346377	0.288725
-2.342450	0.293880
-2.338523	0.298391
-2.334596	0.302220
-2.330669	0.305384
-2.326742	0.307946
-2.322815	0.310003
-2.318888	0.311673
-2.314961	0.313073
-2.311034	0.314303
-2.307107	0.315437
-2.303180	0.316506
-2.299253	0.317500
-2.295326	0.318370
-2.291399	0.319038
-2.287472	0.319418
-2.283545	0.319436
-2.279618	0.319045
-2.275691	0.318241
-2.271764	0.317057
-2.267837	0.315562
-2.263910	0.313845
-2.259983	0.312003
-2.256056	0.310129
-2.252129	0.308308
-2.248202	0.306620
-2.244275	0.305140
-2.240348	0.303945
-2.236421	0.303115
-2.232494	0.302730
-2.228567	0.302868
-2.224640	0.303596
-2.220713	0.304967
-2.216786	0.307016
-2.212859	0.309758
-2.208932	0.313188
-2.205005	0.317279
-2.201078	0.321985
-2.197151	0.327244
-2.193224	0.332977
-2.189297	0.339094
-2.185370	0.345499
-2.181443	0.352094
-2.177516	0.358788
-2.173589	0.365508
-2.169662	0.372202
-2.165735	0.378852
-2.161808	0.385471
-2.157881	0.392108
-2.153954	0.398838
-2.150027	0.405763
-2.146100	0.413001
-2.142173	0.420684
-2.138246	0.428946
-2.134320	0.437916
-2.130393	0.447712
-2.126466	0.458432
-2.122539	0.470145
-2.118612	0.482891
-2.114685	0.496677
-2.110758	0.511483
-2.106831	0.527259
-2.102904	0.543942
-2.098977	0.561462
-2.095050	0.579756
-2.091123	0.598781
-2.087196	0.618531
-2.083269	0.639049
-2.079342	0.660433
-2.075415	0.682850
-2.071488	0.706529
-2.067561	0.731763
-2.063634	0.758897
-2.059707	0.788315
-2.055780	0.820422
-2.051853	0.855635
-2.047926	0.894365
-2.043999	0.937002
-2.040072	0.983907
-2.036145	1.035394
-2.032218	1.091711
-2.028291	1.153011
-2.024364	1.219317
-2.020437	1.290486
-2.016510	1.366153
-2.012583	1.445700
-2.008656	1.528223
-2.004729	1.612549
-2.000802	1.697291
-1.996875	1.780983
-1.992948	1.862268
-1.989021	1.940121
-1.985094	2.014051
-1.981167	2.084205
-1.977240	2.151315
-1.973313	2.216500
-1.969386	2.280940
-1.965459	2.345543
-1.961532	2.410657
-1.957605	2.475913
-1.953678	2.540192
-1.949751	2.601750
-1.945824	2.658462
-1.941897	2.708165
-1.937970	2.749050
-1.934043	2.780019
-1.930116	2.800937
-1.926189	2.812712
-1.922262	2.817175
-1.918335	2.816773
-1.914408	2.814121
-1.910481	2.811496
-1.906554	2.810381
-1.902627	2.811173
-1.898700	2.813157
-1.894773	2.814769
-1.890846	2.814085
-1.886919	2.809394
-1.882992	2.799663
-1.879065	2.784745
-1.875138	2.765317
-1.871211	2.742595
-1.867284	2.717972
-1.863357	2.692698
-1.859430	2.667674
-1.855503	2.643341
-1.851576	2.619631
-1.847649	2.595969
-1.843722	2.571412
-1.839795	2.544999
-1.835868	2.516220
-1.831941	2.485357
-1.828014	2.453472
-1.824087	2.422021
-1.820160	2.392321
-1.816233	2.365117
-1.812306	2.340429
-1.808379	2.317673
-1.804452	2.295974
-1.800525	2.274494
-1.796598	2.252668
-1.792671	2.230290
-1.788744	2.207469
-1.784817	2.184545
-1.780890	2.162003
-1.776963	2.140405
-1.773036	2.120301
-1.769109	2.102133
-1.765182	2.086160
-1.761255	2.072411
-1.757328	2.060694
-1.753401	2.050622
-1.749474	2.041638
-1.745547	2.033018
-1.741620	2.023888
-1.737693	2.013278
-1.733766	2.000286
-1.729839	1.984320
-1.725912	1.965329
-1.721985	1.943870
-1.718058	1.920944
-1.714131	1.897697
-1.710205	1.875151
-1.706278	1.854068
-1.702351	1.834936
-1.698424	1.818024
-1.694497	1.803430
-1.690570	1.791116
-1.686643	1.780922
-1.682716	1.772583
-1.678789	1.765745
-1.674862	1.760007
-1.670935	1.754961
-1.667008	1.750234
-1.663081	1.745515
-1.659154	1.740561
-1.655227	1.735194
-1.651300	1.729281
-1.647373	1.722723
-1.643446	1.715445
-1.639519	1.707407
-1.635592	1.698613
-1.631665	1.689126
-1.627738	1.679081
-1.623811	1.668675
-1.619884	1.658145
-1.615957	1.647743
-1.612030	1.637696
-1.608103	1.628180
-1.604176	1.619300
-1.600249	1.611089
-1.596322	1.603510
-1.592395	1.596471
-1.588468	1.589845
-1.584541	1.583493
-1.580614	1.577286
-1.576687	1.571117
-1.572760	1.564903
-1.568833	1.558574
-1.564906	1.552066
-1.560979	1.545318
-1.557052	1.538299
-1.553125	1.531038
-1.549198	1.523665
-1.545271	1.516411
-1.541344	1.509581
-1.537417	1.503477
-1.533490	1.498322
-1.529563	1.494194
-1.525636	1.491000
-1.521709	1.488501
-1.517782	1.486350
-1.513855	1.484158
-1.509928	1.481559
-1.506001	1.478271
-1.502074	1.474151
-1.498147	1.469222
-1.494220	1.463661
-1.490293	1.457752
-1.486366	1.451815
-1.482439	1.446137
-1.478512	1.440917
-1.474585	1.436240
-1.470658	1.432076
-1.466731	1.428302
-1.462804	1.424737
-1.458877	1.421184
-1.454950	1.417466
-1.451023	1.413455
-1.447096	1.409093
-1.443169	1.404388
-1.439242	1.399405
-1.435315	1.394245
-1.431388	1.389021
-1.427461	1.383840
-1.423534	1.378788
-1.419607	1.373921
-1.415680	1.369268
-1.411753	1.364831
-1.407826	1.360590
-1.403899	1.356509
-1.399972	1.352545
-1.396045	1.348650
-1.392118	1.344782
-1.388191	1.340905
-1.384264	1.336992
-1.380337	1.333024
-1.376410	1.328989
-1.372483	1.324881
-1.368556	1.320695
-1.364629	1.316434
-1.360702	1.312104
-1.356775	1.307716
-1.352848	1.303288
-1.348921	1.298840
-1.344994	1.294390
-1.341067	1.289948
-1.337140	1.285515
-1.333213	1.281077
-1.329286	1.276608
-1.325359	1.272077
-1.321432	1.267456
-1.317505	1.262730
-1.313578	1.257911
-1.309651	1.253039
-1.305724	1.248180
-1.301797	1.243418
-1.297870	1.238838
-1.293943	1.234509
-1.290016	1.230470
-1.286089	1.226726
-1.282163	1.223249
-1.278236	1.219990
-1.274309	1.216891
-1.270382	1.213897
-1.266455	1.210967
-1.262528	1.208078
-1.258601	1.205226
-1.254674	1.202422
-1.250747	1.199686
-1.246820	1.197037
-1.242893	1.194486
-1.238966	1.192032
-1.235039	1.189658
-1.231112	1.187339
-1.227185	1.185038
-1.223258	1.182721
-1.219331	1.180359
-1.215404	1.177937
-1.211477	1.175451
-1.207550	1.172916
-1.203623	1.170356
-1.199696	1.167799
-1.195769	1.165271
-1.191842	1.162787
-1.187915	1.160349
-1.183988	1.157947
-1.180061	1.155567
-1.176134	1.153195
-1.172207	1.150830
-1.168280	1.148490
-1.164353	1.146215
-1.160426	1.144066
-1.156499	1.142119
-1.152572	1.140451
-1.148645	1.139128
-1.144718	1.138186
-1.140791	1.137620
-1.136864	1.137382
-1.132937	1.137385
-1.129010	1.137524
-1.125083	1.137698
-1.121156	1.137821
-1.117229	1.137843
-1.113302	1.137738
-1.109375	1.137505
-1.105448	1.137149
-1.101521	1.136671
-1.097594	1.136063
-1.093667	1.135308
-1.089740	1.134393
-1.085813	1.133317
-1.081886	1.132096
-1.077959	1.130756
-1.074032	1.129331
-1.070105	1.127849
-1.066178	1.126326
-1.062251	1.124772
-1.058324	1.123187
-1.054397	1.121568
-1.050470	1.119911
-1.046543	1.118215
-1.042616	1.116476
-1.038689	1.114694
-1.034762	1.112867
-1.030835	1.110995
-1.026908	1.109081
-1.022981	1.107129
-1.019054	1.105152
-1.015127	1.103169
-1.011200	1.101207
-1.007273	1.099304
-1.003346	1.097504
-0.999419	1.095847
-0.995492	1.094368
-0.991565	1.093081
-0.987638	1.091977
-0.983711	1.091022
-0.979784	1.090163
-0.975857	1.089336
-0.971930	1.088482
-0.968003	1.087555
-0.964076	1.086533
-0.960149	1.085412
-0.956222	1.084209
-0.952295	1.082949
-0.948368	1.081661
-0.944441	1.080372
-0.940514	1.079100
-0.936587	1.077855
-0.932660	1.076640
-0.928733	1.075453
-0.924806	1.074288
-0.920879	1.073139
-0.916952	1.072000
-0.913025	1.070864
-0.909098	1.069728
-0.905171	1.068590
-0.901244	1.067447
-0.897317	1.066299
-0.893390	1.065147
-0.889463	1.063993
-0.885536	1.062836
-0.881609	1.061678
-0.877682	1.060519
-0.873755	1.059359
-0.869828	1.058198
-0.865901	1.057035
-0.861974	1.055868
-0.858047	1.054693
-0.854121	1.053509
-0.850194	1.052310
-0.846267	1.051090
-0.842340	1.049845
-0.838413	1.048565
-0.834486	1.047242
-0.830559	1.045865
-0.826632	1.044423
-0.822705	1.042904
-0.818778	1.041292
-0.814851	1.039575
-0.810924	1.037740
-0.806997	1.035777
-0.803070	1.033680
-0.799143	1.031452
-0.795216	1.029103
-0.791289	1.026656
-0.787362	1.024143
-0.783435	1.021607
-0.779508	1.019094
-0.775581	1.016653
-0.771654	1.014326
-0.767727	1.012145
-0.763800	1.010131
-0.759873	1.008295
-0.755946	1.006634
-0.752019	1.005141
-0.748092	1.003800
-0.744165	1.002596
-0.740238	1.001512
-0.736311	1.000533
-0.732384	0.999647
-0.728457	0.998844
-0.724530	0.998114
-0.720603	0.997453
-0.716676	0.996851
-0.712749	0.996302
-0.708822	0.995797
-0.704895	0.995329
-0.700968	0.994890
-0.697041	0.994471
-0.693114	0.994065
-0.689187	0.993668
-0.685260	0.993273
-0.681333	0.992877
-0.677406	0.992477
-0.673479	0.992070
-0.669552	0.991656
-0.665625	0.991231
-0.661698	0.990797
-0.657771	0.990350
-0.653844	0.989891
-0.649917	0.989418
-0.645990	0.988931
-0.642063	0.988428
-0.638136	0.987908
-0.634209	0.987370
-0.630282	0.986811
-0.626355	0.986231
-0.622428	0.985628
-0.618501	0.985003
-0.614574	0.984355
-0.610647	0.983686
-0.606720	0.983000
-0.602793	0.982299
-0.598866	0.981590
-0.594939	0.980878
-0.591012	0.980166
-0.587085	0.979459
-0.583158	0.978758
-0.579231	0.978065
-0.575304	0.977378
-0.571377	0.976697
-0.567450	0.976022
-0.563523	0.975354
-0.559596	0.974695
-0.555669	0.974047
-0.551742	0.973413
-0.547815	0.972798
-0.543888	0.972203
-0.539961	0.971631
-0.536034	0.971080
-0.532107	0.970552
-0.528180	0.970043
-0.524253	0.969553
-0.520326	0.969079
-0.516399	0.968619
-0.512472	0.968171
-0.508545	0.967732
-0.504618	0.967303
-0.500691	0.966880
-0.496764	0.966464
-0.492837	0.966053
-0.488910	0.965647
-0.484983	0.965244
-0.481056	0.964846
-0.477129	0.964450
-0.473202	0.964058
-0.469275	0.963669
-0.465348	0.963282
-0.461421	0.962897
-0.457494	0.962516
-0.453567	0.962136
-0.449640	0.961758
-0.445713	0.961382
-0.441786	0.961008
-0.437859	0.960634
-0.433932	0.960261
-0.430005	0.959888
-0.426079	0.959514
-0.422152	0.959138
-0.418225	0.958760
-0.414298	0.958377
-0.410371	0.957990
-0.406444	0.957596
-0.402517	0.957194
-0.398590	0.956785
-0.394663	0.956368
-0.390736	0.955943
-0.386809	0.955512
-0.382882	0.955077
-0.378955	0.954642
-0.375028	0.954210
-0.371101	0.953785
-0.367174	0.953369
-0.363247	0.952966
-0.359320	0.952576
-0.355393	0.952202
-0.351466	0.951841
-0.347539	0.951495
-0.343612	0.951161
-0.339685	0.950840
-0.335758	0.950528
-0.331831	0.950226
-0.327904	0.949932
-0.323977	0.949646
-0.320050	0.949365
-0.316123	0.949091
-0.312196	0.948822
-0.308269	0.948557
-0.304342	0.948297
-0.300415	0.948040
-0.296488	0.947787
-0.292561	0.947537
-0.288634	0.947291
-0.284707	0.947047
-0.280780	0.946806
-0.276853	0.946568
-0.272926	0.946332
-0.268999	0.946097
-0.265072	0.945865
-0.261145	0.945634
-0.257218	0.945404
-0.253291	0.945175
-0.249364	0.944946
-0.245437	0.944718
-0.241510	0.944489
-0.237583	0.944259
-0.233656	0.944028
-0.229729	0.943795
-0.225802	0.943560
-0.221875	0.943324
-0.217948	0.943086
-0.214021	0.942848
-0.210094	0.942610
-0.206167	0.942375
-0.202240	0.942146
-0.198313	0.941926
-0.194386	0.941719
-0.190459	0.941530
-0.186532	0.941361
-0.182605	0.941215
-0.178678	0.941094
-0.174751	0.940998
-0.170824	0.940925
-0.166897	0.940872
-0.162970	0.940837
-0.159043	0.940816
-0.155116	0.940807
-0.151189	0.940807
-0.147262	0.940813
-0.143335	0.940825
-0.139408	0.940842
-0.135481	0.940861
-0.131554	0.940882
-0.127627	0.940906
-0.123700	0.940930
-0.119773	0.940955
-0.115846	0.940980
-0.111919	0.941003
-0.107992	0.941023
-0.104065	0.941038
-0.100138	0.941045
-0.096211	0.941041
-0.092284	0.941021
-0.088357	0.940980
-0.084430	0.940911
-0.080503	0.940804
-0.076576	0.940649
-0.072649	0.940431
-0.068722	0.940133
-0.064795	0.939735
-0.060868	0.939212
-0.056941	0.938535
-0.053014	0.937672
-0.049087	0.936589
-0.045160	0.935250
-0.041233	0.933625
-0.037306	0.931692
-0.033379	0.929448
-0.029452	0.926914
-0.025525	0.924152
-0.021598	0.921265
-0.017671	0.918401
-0.013744	0.915749
-0.009817	0.913513
-0.005890	0.911892
-0.001963	0.911041
0.001963	0.911046
0.005890	0.911907
0.009817	0.913537
0.013744	0.915779
0.017671	0.918435
0.021598	0.921300
0.025525	0.924186
0.029452	0.926946
0.033379	0.929476
0.037306	0.931717
0.041233	0.933646
0.045160	0.935267
0.049087	0.936603
0.053014	0.937683
0.056941	0.938543
0.060868	0.939218
0.064795	0.939740
0.068722	0.940136
0.072649	0.940433
0.076576	0.940650
0.080503	0.940805
0.084430	0.940911
0.088357	0.940980
0.092284	0.941021
0.096211	0.941040
0.100138	0.941044
0.104065	0.941037
0.107992	0.941022
0.111919	0.941002
0.115846	0.940979
0.119773	0.940954
0.123700	0.940929
0.127627	0.940905
0.131554	0.940881
0.135481	0.940860
0.139408	0.940840
0.143335	0.940824
0.147262	0.940812
0.151189	0.940805
0.155116	0.940805
0.159043	0.940814
0.162970	0.940834
0.166897	0.940868
0.170824	0.940921
0.174751	0.940993
0.178678	0.941089
0.182605	0.941209
0.186532	0.941354
0.190459	0.941522
0.194386	0.941711
0.198313	0.941918
0.202240	0.942138
0.206167	0.942367
0.210094	0.942603
0.214021	0.942841
0.217948	0.943080
0.221875	0.943318
0.225802	0.943555
0.229729	0.943791
0.233656	0.944024
0.237583	0.944256
0.241510	0.944486
0.245437	0.944716
0.249364	0.944945
0.253291	0.945174
0.257218	0.945403
0.261145	0.945633
0.265072	0.945864
0.268999	0.946097
0.272926	0.946332
0.276853	0.946568
0.280780	0.946807
0.284707	0.947048
0.288634	0.947291
0.292561	0.947538
0.296488	0.947788
0.300415	0.948041
0.304342	0.948298
0.308269	0.948558
0.312196	0.948823
0.316123	0.949093
0.320050	0.949367
0.323977	0.949648
0.327904	0.949935
0.331831	0.950229
0.335758	0.950532
0.339685	0.950844
0.343612	0.951166
0.347539	0.951501
0.351466	0.951848
0.355393	0.952209
0.359320	0.952585
0.363247	0.952975
0.367174	0.953378
0.371101	0.953794
0.375028	0.954219
0.378955	0.954650
0.382882	0.955084
0.386809	0.955518
0.390736	0.955947
0.394663	0.956371
0.398590	0.956787
0.402517	0.957195
0.406444	0.957595
0.410371	0.957988
0.414298	0.958374
0.418225	0.958756
0.422152	0.959134
0.426079	0.959510
0.430005	0.959883
0.433932	0.960256
0.437859	0.960629
0.441786	0.961003
0.445713	0.961377
0.449640	0.961753
0.453567	0.962131
0.457494	0.962510
0.461421	0.962892
0.465348	0.963276
0.469275	0.963663
0.473202	0.964052
0.477129	0.964445
0.481056	0.964840
0.484983	0.965238
0.488910	0.965640
0.492837	0.966047
0.496764	0.966457
0.500691	0.966873
0.504618	0.967295
0.508545	0.967724
0.512472	0.968162
0.516399	0.968609
0.520326	0.969069
0.524253	0.969542
0.528180	0.970032
0.532107	0.970540
0.536034	0.971068
0.539961	0.971618
0.543888	0.972190
0.547815	0.972785
0.551742	0.973401
0.555669	0.974035
0.559596	0.974685
0.563523	0.975348
0.567450	0.976019
0.571377	0.976698
0.575304	0.977384
0.579231	0.978076
0.583158	0.978775
0.587085	0.979481
0.591012	0.980193
0.594939	0.980908
0.598866	0.981623
0.602793	0.982332
0.606720	0.983031
0.610647	0.983714
0.614574	0.984379
0.618501	0.985023
0.622428	0.985644
0.626355	0.986242
0.630282	0.986817
0.634209	0.987372
0.638136	0.987906
0.642063	0.988423
0.645990	0.988922
0.649917	0.989407
0.653844	0.989877
0.657771	0.990333
0.661698	0.990778
0.665625	0.991211
0.669552	0.991633
0.673479	0.992046
0.677406	0.992450
0.681333	0.992848
0.685260	0.993242
0.689187	0.993635
0.693114	0.994031
0.697041	0.994435
0.700968	0.994852
0.704895	0.995290
0.708822	0.995756
0.712749	0.996259
0.716676	0.996806
0.720603	0.997407
0.724530	0.998068
0.728457	0.998796
0.732384	0.999599
0.736311	1.000486
0.740238	1.001468
0.744165	1.002556
0.748092	1.003768
0.752019	1.005120
0.755946	1.006630
0.759873	1.008312
0.763800	1.010175
0.767727	1.012217
0.771654	1.014428
0.775581	1.016784
0.779508	1.019249
0.783435	1.021779
0.787362	1.024325
0.791289	1.026839
0.795216	1.029280
0.799143	1.031617
0.803070	1.033830
0.806997	1.035910
0.810924	1.037855
0.814851	1.039674
0.818778	1.041375
0.822705	1.042973
0.826632	1.044481
0.830559	1.045913
0.834486	1.047281
0.838413	1.048598
0.842340	1.049872
0.846267	1.051114
0.850194	1.052330
0.854121	1.053527
0.858047	1.054710
0.861974	1.055883
0.865901	1.057050
0.869828	1.058212
0.873755	1.059373
0.877682	1.060532
0.881609	1.061691
0.885536	1.062848
0.889463	1.064005
0.893390	1.065159
0.897317	1.066310
0.901244	1.067457
0.905171	1.068598
0.909098	1.069734
0.913025	1.070867
0.916952	1.071998
0.920879	1.073132
0.924806	1.074275
0.928733	1.075434
0.932660	1.076617
0.936587	1.077829
0.940514	1.079073
0.944441	1.080345
0.948368	1.081636
0.952295	1.082927
0.956222	1.084191
0.960149	1.085400
0.964076	1.086528
0.968003	1.087558
0.971930	1.088493
0.975857	1.089355
0.979784	1.090187
0.983711	1.091049
0.987638	1.092004
0.991565	1.093106
0.995492	1.094390
0.999419	1.095866
1.003346	1.097521
1.007273	1.099322
1.011200	1.101224
1.015127	1.103187
1.019054	1.105171
1.022981	1.107147
1.026908	1.109098
1.030835	1.111011
1.034762	1.112881
1.038689	1.114708
1.042616	1.116493
1.046543	1.118236
1.050470	1.119940
1.054397	1.121606
1.058324	1.123232
1.062251	1.124817
1.066178	1.126359
1.070105	1.127854
1.074032	1.129298
1.077959	1.130681
1.081886	1.131990
1.085813	1.133206
1.089740	1.134305
1.093667	1.135263
1.097594	1.136062
1.101521	1.136689
1.105448	1.137140
1.109375	1.137423
1.113302	1.137551
1.117229	1.137551
1.121156	1.137459
1.125083	1.137323
1.129010	1.137204
1.132937	1.137174
1.136864	1.137305
1.140791	1.137668
1.144718	1.138316
1.148645	1.139281
1.152572	1.140569
1.156499	1.142165
1.160426	1.144034
1.164353	1.146130
1.168280	1.148401
1.172207	1.150794
1.176134	1.153262
1.180061	1.155759
1.183988	1.158255
1.187915	1.160728
1.191842	1.163170
1.195769	1.165585
1.199696	1.167986
1.203623	1.170389
1.207550	1.172808
1.211477	1.175253
1.215404	1.177724
1.219331	1.180214
1.223258	1.182712
1.227185	1.185202
1.231112	1.187671
1.235039	1.190111
1.238966	1.192524
1.242893	1.194923
1.246820	1.197329
1.250747	1.199774
1.254674	1.202292
1.258601	1.204918
1.262528	1.207679
1.266455	1.210595
1.270382	1.213673
1.274309	1.216909
1.278236	1.220289
1.282163	1.223799
1.286089	1.227426
1.290016	1.231170
1.293943	1.235045
1.297870	1.239075
1.301797	1.243290
1.305724	1.247706
1.309651	1.252325
1.313578	1.257117
1.317505	1.262030
1.321432	1.266993
1.325359	1.271931
1.329286	1.276781
1.333213	1.281499
1.337140	1.286070
1.341067	1.290505
1.344994	1.294830
1.348921	1.299082
1.352848	1.303295
1.356775	1.307499
1.360702	1.311713
1.364629	1.315944
1.368556	1.320192
1.372483	1.324448
1.376410	1.328695
1.380337	1.332917
1.384264	1.337094
1.388191	1.341213
1.392118	1.345267
1.396045	1.349261
1.399972	1.353214
1.403899	1.357159
1.407826	1.361136
1.411753	1.365196
1.415680	1.369390
1.419607	1.373764
1.423534	1.378354
1.427461	1.383178
1.431388	1.388226
1.435315	1.393452
1.439242	1.398770
1.443169	1.404061
1.447096	1.409183
1.451023	1.414001
1.454950	1.418417
1.458877	1.422400
1.462804	1.426006
1.466731	1.429377
1.470658	1.432724
1.474585	1.436289
1.478512	1.440301
1.482439	1.444923
1.486366	1.450211
1.490293	1.456075
1.494220	1.462275
1.498147	1.468450
1.502074	1.474187
1.506001	1.479121
1.509928	1.483044
1.513855	1.485973
1.517782	1.488159
1.521709	1.490024
1.525636	1.492053
1.529563	1.494679
1.533490	1.498204
1.537417	1.502761
1.541344	1.508324
1.545271	1.514754
1.549198	1.521852
1.553125	1.529400
1.557052	1.537188
1.560979	1.545012
1.564906	1.552686
1.568833	1.560053
1.572760	1.567005
1.576687	1.573506
1.580614	1.579600
1.584541	1.585408
1.588468	1.591122
1.592395	1.596974
1.596322	1.603209
1.600249	1.610057
1.604176	1.617693
1.608103	1.626223
1.612030	1.635657
1.615957	1.645903
1.619884	1.656772
1.623811	1.667995
1.627738	1.679249
1.631665	1.690203
1.635592	1.700551
1.639519	1.710048
1.643446	1.718532
1.647373	1.725930
1.651300	1.732247
1.655227	1.737557
1.659154	1.741989
1.663081	1.745727
1.667008	1.749039
1.670935	1.752305
1.674862	1.756038
1.678789	1.760867
1.682716	1.767460
1.686643	1.776421
1.690570	1.788173
1.694497	1.802883
1.698424	1.820422
1.702351	1.840362
1.706278	1.862010
1.710205	1.884483
1.714131	1.906815
1.718058	1.928085
1.721985	1.947554
1.725912	1.964768
1.729839	1.979624
1.733766	1.992369
1.737693	2.003544
1.741620	2.013880
1.745547	2.024170
1.749474	2.035141
1.753401	2.047352
1.757328	2.061143
1.761255	2.076616
1.765182	2.093658
1.769109	2.111984
1.773036	2.131191
1.776963	2.150821
1.780890	2.170431
1.784817	2.189666
1.788744	2.208345
1.792671	2.226538
1.796598	2.244614
1.800525	2.263234
1.804452	2.283261
1.808379	2.305593
1.812306	2.330949
1.816233	2.359660
1.820160	2.391512
1.824087	2.425690
1.828014	2.460855
1.831941	2.495362
1.835868	2.527605
1.839795	2.556415
1.843722	2.581402
1.847649	2.603108
1.851576	2.622875
1.855503	2.642416
1.859430	2.663219
1.863357	2.685991
1.867284	2.710371
1.871211	2.735044
1.875138	2.758177
1.879065	2.778012
1.882992	2.793372
1.886919	2.803937
1.890846	2.810234
1.894773	2.813415
1.898700	2.814898
1.902627	2.816000
1.906554	2.817603
1.910481	2.819920
1.914408	2.822361
1.918335	2.823552
1.922262	2.821504
1.926189	2.813953
1.930116	2.798801
1.934043	2.774568
1.937970	2.740718
1.941897	2.697764
1.945824	2.647131
1.949751	2.590818
1.953678	2.530982
1.957605	2.469534
1.961532	2.407836
1.965459	2.346528
1.969386	2.285493
1.973313	2.223953
1.977240	2.160681
1.981167	2.094313
1.985094	2.023692
1.989021	1.948196
1.992948	1.867936
1.996875	1.783766
2.000802	1.697119
2.004729	1.609730
2.008656	1.523345
2.012583	1.439503
2.016510	1.359412
2.020437	1.283912
2.024364	1.213502
2.028291	1.148395
2.032218	1.088582
2.036145	1.033884
2.040072	0.984005
2.043999	0.938564
2.047926	0.897129
2.051853	0.859237
2.055780	0.824425
2.059707	0.792248
2.063634	0.762305
2.067561	0.734257
2.071488	0.707834
2.075415	0.682839
2.079342	0.659134
2.083269	0.636628
2.087196	0.615262
2.091123	0.594999
2.095050	0.575815
2.098977	0.557699
2.102904	0.540647
2.106831	0.524658
2.110758	0.509730
2.114685	0.495849
2.118612	0.482986
2.122539	0.471089
2.126466	0.460086
2.130393	0.449884
2.134320	0.440381
2.138246	0.431470
2.142173	0.423050
2.146100	0.415026
2.150027	0.407318
2.153954	0.399850
2.157881	0.392558
2.161808	0.385384
2.165735	0.378287
2.169662	0.371244
2.173589	0.364257
2.177516	0.357355
2.181443	0.350593
2.185370	0.344044
2.189297	0.337792
2.193224	0.331923
2.197151	0.326521
2.201078	0.321656
2.205005	0.317384
2.208932	0.313746
2.212859	0.310758
2.216786	0.308418
2.220713	0.306703
2.224640	0.305572
2.228567	0.304969
2.232494	0.304830
2.236421	0.305089
2.240348	0.305682
2.244275	0.306553
2.248202	0.307652
2.252129	0.308931
2.256056	0.310341
2.259983	0.311822
2.263910	0.313304
2.267837	0.314707
2.271764	0.315946
2.275691	0.316948
2.279618	0.317663
2.283545	0.318072
2.287472	0.318191
2.291399	0.318063
2.295326	0.317747
2.299253	0.317298
2.303180	0.316751
2.307107	0.316104
2.311034	0.315322
2.314961	0.314330
2.318888	0.313031
2.322815	0.311315
2.326742	0.309073
2.330669	0.306212
2.334596	0.302667
2.338523	0.298415
2.342450	0.293478
2.346377	0.287930
2.350304	0.281895
2.354231	0.275532
2.358158	0.269025
2.362085	0.262568
2.366012	0.256341
2.369939	0.250506
2.373866	0.245193
2.377793	0.240502
2.381720	0.236496
2.385647	0.233209
2.389574	0.230645
2.393501	0.228786
2.397428	0.227588
2.401355	0.226991
2.405282	0.226920
2.409209	0.227285
2.413136	0.227986
2.417063	0.228915
2.420990	0.229954
2.424917	0.230979
2.428844	0.231861
2.432771	0.232479
2.436698	0.232725
2.440625	0.232523
2.444552	0.231843
2.448479	0.230706
2.452406	0.229187
2.456333	0.227403
2.460260	0.225492
2.464187	0.223591
2.468114	0.221816
2.472041	0.220243
2.475968	0.218896
2.479895	0.217744
2.483822	0.216702
2.487749	0.215640
2.491676	0.214398
2.495603	0.212803
2.499530	0.210699
2.503457	0.207960
2.507384	0.204521
2.511311	0.200378
2.515238	0.195593
2.519165	0.190283
2.523092	0.184602
2.527019	0.178718
2.530946	0.172797
2.534873	0.166988
2.538800	0.161413
2.542727	0.156165
2.546654	0.151312
2.550581	0.146897
2.554508	0.142945
2.558435	0.139467
2.562362	0.136463
2.566288	0.133926
2.570215	0.131844
2.574142	0.130197
2.578069	0.128964
2.581996	0.128115
2.585923	0.127612
2.589850	0.127407
2.593777	0.127438
2.597704	0.127627
2.601631	0.127883
2.605558	0.128101
2.609485	0.128169
2.613412	0.127979
2.617339	0.127437
2.621266	0.126479
2.625193	0.125074
2.629120	0.123237
2.633047	0.121016
2.636974	0.118491
2.640901	0.115757
2.644828	0.112914
2.648755	0.110054
2.652682	0.107258
2.656609	0.104590
2.660536	0.102097
2.664463	0.099815
2.668390	0.097762
2.672317	0.095953
2.676244	0.094392
2.680171	0.093079
2.684098	0.092010
2.688025	0.091180
2.691952	0.090579
2.695879	0.090199
2.699806	0.090028
2.703733	0.090051
2.707660	0.090256
2.711587	0.090626
2.715514	0.091144
2.719441	0.091791
2.723368	0.092549
2.727295	0.093398
2.731222	0.094317
2.735149	0.095287
2.739076	0.096289
2.743003	0.097307
2.746930	0.098329
2.750857	0.099347
2.754784	0.100358
2.758711	0.101364
2.762638	0.102372
2.766565	0.103390
2.770492	0.104424
2.774419	0.105473
2.778346	0.106529
2.782273	0.107570
2.786200	0.108564
2.790127	0.109470
2.794054	0.110240
2.797981	0.110823
2.801908	0.111172
2.805835	0.111245
2.809762	0.111006
2.813689	0.110427
2.817616	0.109490
2.821543	0.108190
2.825470	0.106537
2.829397	0.104559
2.833324	0.102302
2.837251	0.099829
2.841178	0.097213
2.845105	0.094532
2.849032	0.091863
2.852959	0.089274
2.856886	0.086822
2.860813	0.084552
2.864740	0.082495
2.868667	0.080672
2.872594	0.079092
2.876521	0.077757
2.880448	0.076663
2.884375	0.075797
2.888302	0.075145
2.892229	0.074682
2.896156	0.074383
2.900083	0.074215
2.904010	0.074143
2.907937	0.074128
2.911864	0.074136
2.915791	0.074132
2.919718	0.074088
2.923645	0.073983
2.927572	0.073806
2.931499	0.073550
2.935426	0.073217
2.939353	0.072814
2.943280	0.072351
2.947207	0.071841
2.951134	0.071299
2.955061	0.070740
2.958988	0.070177
2.962915	0.069620
2.966842	0.069079
2.970769	0.068557
2.974696	0.068056
2.978623	0.067572
2.982550	0.067102
2.986477	0.066639
2.990404	0.066180
2.994330	0.065720
2.998257	0.065258
3.002184	0.064792
3.006111	0.064322
3.010038	0.063842
3.013965	0.063347
3.017892	0.062832
3.021819	0.062289
3.025746	0.061717
3.029673	0.061115
3.033600	0.060490
3.037527	0.059851
3.041454	0.059207
3.045381	0.058572
3.049308	0.057958
3.053235	0.057376
3.057162	0.056837
3.061089	0.056353
3.065016	0.055938
3.068943	0.055604
3.072870	0.055363
3.076797	0.055226
3.080724	0.055200
3.084651	0.055291
3.088578	0.055495
3.092505	0.055807
3.096432	0.056212
3.100359	0.056691
3.104286	0.057216
3.108213	0.057756
3.112140	0.058274
3.116067	0.058731
3.119994	0.059089
3.123921	0.059315
3.127848	0.059382
3.131775	0.059276
3.135702	0.058994
3.139629	0.058547
3.143556	0.057960
3.147483	0.057264
3.151410	0.056498
3.155337	0.055702
3.159264	0.054914
3.163191	0.054170
3.167118	0.053499
3.171045	0.052927
3.174972	0.052474
3.178899	0.052155
3.182826	0.051982
3.186753	0.051963
3.190680	0.052102
3.194607	0.052400
3.198534	0.052854
3.202461	0.053460
3.206388	0.054207
3.210315	0.055079
3.214242	0.056056
3.218169	0.057112
3.222096	0.058214
3.226023	0.059327
3.229950	0.060415
3.233877	0.061440
3.237804	0.062371
3.241731	0.063185
3.245658	0.063863
3.249585	0.064399
3.253512	0.064796
3.257439	0.065066
3.261366	0.065229
3.265293	0.065314
3.269220	0.065353
3.273147	0.065385
3.277074	0.065446
3.281001	0.065567
3.284928	0.065774
3.288855	0.066079
3.292782	0.066484
3.296709	0.066973
3.300636	0.067523
3.304563	0.068095
3.308490	0.068644
3.312417	0.069119
3.316344	0.069466
3.320271	0.069635
3.324198	0.069581
3.328125	0.069270
3.332052	0.068682
3.335979	0.067814
3.339906	0.066684
3.343833	0.065326
3.347760	0.063788
3.351687	0.062128
3.355614	0.060407
3.359541	0.058685
3.363468	0.057013
3.367395	0.055436
3.371322	0.053987
3.375249	0.052691
3.379176	0.051565
3.383103	0.050617
3.387030	0.049850
3.390957	0.049263
3.394884	0.048849
3.398811	0.048597
3.402738	0.048492
3.406665	0.048512
3.410592	0.048631
3.414519	0.048818
3.418446	0.049037
3.422372	0.049249
3.426299	0.049414
3.430226	0.049496
3.434153	0.049464
3.438080	0.049296
3.442007	0.048979
3.445934	0.048512
3.449861	0.047901
3.453788	0.047162
3.457715	0.046315
3.461642	0.045384
3.465569	0.044397
3.469496	0.043379
3.473423	0.042358
3.477350	0.041357
3.481277	0.040398
3.485204	0.039499
3.489131	0.038675
3.493058	0.037937
3.496985	0.037291
3.500912	0.036744
3.504839	0.036297
3.508766	0.035951
3.512693	0.035704
3.516620	0.035553
3.520547	0.035494
3.524474	0.035522
3.528401	0.035628
3.532328	0.035804
3.536255	0.036038
3.540182	0.036318
3.544109	0.036632
3.548036	0.036967
3.551963	0.037311
3.555890	0.037652
3.559817	0.037979
3.563744	0.038282
3.567671	0.038551
3.571598	0.038775
3.575525	0.038944
3.579452	0.039050
3.583379	0.039091
3.587306	0.039067
3.591233	0.038987
3.595160	0.038864
3.599087	0.038718
3.603014	0.038570
3.606941	0.038442
3.610868	0.038357
3.614795	0.038334
3.618722	0.038387
3.622649	0.038526
3.626576	0.038756
3.630503	0.039075
3.634430	0.039478
3.638357	0.039953
3.642284	0.040482
3.646211	0.041045
3.650138	0.041617
3.654065	0.042174
3.657992	0.042690
3.661919	0.043143
3.665846	0.043511
3.669773	0.043779
3.673700	0.043935
3.677627	0.043972
3.681554	0.043891
3.685481	0.043698
3.689408	0.043406
3.693335	0.043035
3.697262	0.042612
3.701189	0.042168
3.705116	0.041735
3.709043	0.041345
3.712970	0.041027
3.716897	0.040808
3.720824	0.040708
3.724751	0.040742
3.728678	0.040922
3.732605	0.041253
3.736532	0.041736
3.740459	0.042366
3.744386	0.043131
3.748313	0.044014
3.752240	0.044985
3.756167	0.046009
3.760094	0.047038
3.764021	0.048019
3.767948	0.048892
3.771875	0.049597
3.775802	0.050081
3.779729	0.050303
3.783656	0.050238
3.787583	0.049884
3.791510	0.049259
3.795437	0.048397
3.799364	0.047346
3.803291	0.046160
3.807218	0.044895
3.811145	0.043601
3.815072	0.042322
3.818999	0.041091
3.822926	0.039933
3.826853	0.038862
3.830780	0.037886
3.834707	0.037004
3.838634	0.036211
3.842561	0.035499
3.846488	0.034858
3.850414	0.034279
3.854341	0.033755
3.858268	0.033279
3.862195	0.032846
3.866122	0.032454
3.870049	0.032103
3.873976	0.031793
3.877903	0.031525
3.881830	0.031303
3.885757	0.031127
3.889684	0.030998
3.893611	0.030914
3.897538	0.030870
3.901465	0.030859
3.905392	0.030873
3.909319	0.030902
3.913246	0.030934
3.917173	0.030959
3.921100	0.030967
3.925027	0.030950
3.928954	0.030899
3.932881	0.030812
3.936808	0.030685
3.940735	0.030521
3.944662	0.030324
3.948589	0.030101
3.952516	0.029865
3.956443	0.029626
3.960370	0.029399
3.964297	0.029195
3.968224	0.029025
3.972151	0.028895
3.976078	0.028811
3.980005	0.028775
3.983932	0.028786
3.987859	0.028842
3.991786	0.028942
3.995713	0.029081
3.999640	0.029255
4.003567	0.029460
4.007494	0.029690
4.011421	0.029934
4.015348	0.030182
4.019275	0.030421
4.023202	0.030635
4.027129	0.030807
4.031056	0.030924
4.034983	0.030972
4.038910	0.030943
4.042837	0.030835
4.046764	0.030650
4.050691	0.030399
4.054618	0.030097
4.058545	0.029762
4.062472	0.029416
4.066399	0.029081
4.070326	0.028777
4.074253	0.028522
4.078180	0.028331
4.082107	0.028212
4.086034	0.028172
4.089961	0.028213
4.093888	0.028331
4.097815	0.028520
4.101742	0.028768
4.105669	0.029059
4.109596	0.029374
4.113523	0.029692
4.117450	0.029988
4.121377	0.030241
4.125304	0.030434
4.129231	0.030551
4.133158	0.030586
4.137085	0.030536
4.141012	0.030407
4.144939	0.030204
4.148866	0.029939
4.152793	0.029625
4.156720	0.029276
4.160647	0.028908
4.164574	0.028538
4.168501	0.028183
4.172428	0.027861
4.176355	0.027586
4.180282	0.027373
4.184209	0.027230
4.188136	0.027164
4.192063	0.027177
4.195990	0.027267
4.199917	0.027427
4.203844	0.027645
4.207771	0.027907
4.211698	0.028190
4.215625	0.028472
4.219552	0.028726
4.223479	0.028928
4.227406	0.029052
4.231333	0.029083
4.235260	0.029006
4.239187	0.028819
4.243114	0.028523
4.247041	0.028128
4.250968	0.027647
4.254895	0.027099
4.258822	0.026502
4.262749	0.025875
4.266676	0.025235
4.270603	0.024597
4.274530	0.023974
4.278456	0.023376
4.282383	0.022809
4.286310	0.022278
4.290237	0.021783
4.294164	0.021327
4.298091	0.020907
4.302018	0.020522
4.305945	0.020171
4.309872	0.019852
4.313799	0.019565
4.317726	0.019310
4.321653	0.019088
4.325580	0.018899
4.329507	0.018744
4.333434	0.018623
4.337361	0.018535
4.341288	0.018481
4.345215	0.018460
4.349142	0.018474
4.353069	0.018522
4.356996	0.018606
4.360923	0.018726
4.364850	0.018883
4.368777	0.019074
4.372704	0.019298
4.376631	0.019548
4.380558	0.019816
4.384485	0.020090
4.388412	0.020357
4.392339	0.020601
4.396266	0.020806
4.400193	0.020958
4.404120	0.021047
4.408047	0.021069
4.411974	0.021023
4.415901	0.020918
4.419828	0.020765
4.423755	0.020580
4.427682	0.020379
4.431609	0.020177
4.435536	0.019985
4.439463	0.019813
4.443390	0.019667
4.447317	0.019547
4.451244	0.019454
4.455171	0.019383
4.459098	0.019329
4.463025	0.019287
4.466952	0.019249
4.470879	0.019208
4.474806	0.019156
4.478733	0.019086
4.482660	0.018989
4.486587	0.018860
4.490514	0.018696
4.494441	0.018495
4.498368	0.018258
4.502295	0.017991
4.506222	0.017699
4.510149	0.017390
4.514076	0.017073
4.518003	0.016755
4.521930	0.016443
4.525857	0.016145
4.529784	0.015865
4.533711	0.015610
4.537638	0.015383
4.541565	0.015187
4.545492	0.015024
4.549419	0.014897
4.553346	0.014805
4.557273	0.014748
4.561200	0.014724
4.565127	0.014732
4.569054	0.014768
4.572981	0.014829
4.576908	0.014911
4.580835	0.015009
4.584762	0.015119
4.588689	0.015237
4.592616	0.015359
4.596543	0.015482
4.600470	0.015603
4.604397	0.015718
4.608324	0.015826
4.612251	0.015921
4.616178	0.016002
4.620105	0.016067
4.624032	0.016113
4.627959	0.016142
4.631886	0.016157
4.635813	0.016159
4.639740	0.016153
4.643667	0.016141
4.647594	0.016128
4.651521	0.016114
4.655448	0.016101
4.659375	0.016088
4.663302	0.016073
4.667229	0.016055
4.671156	0.016031
4.675083	0.015996
4.679010	0.015945
4.682937	0.015876
4.686864	0.015782
4.690791	0.015662
4.694718	0.015512
4.698645	0.015334
4.702572	0.015130
4.706498	0.014902
4.710425	0.014657
4.714352	0.014402
4.718279	0.014145
4.722206	0.013892
4.726133	0.013650
4.730060	0.013424
4.733987	0.013217
4.737914	0.013033
4.741841	0.012871
4.745768	0.012731
4.749695	0.012612
4.753622	0.012514
4.757549	0.012433
4.761476	0.012368
4.765403	0.012316
4.769330	0.012276
4.773257	0.012244
4.777184	0.012218
4.781111	0.012197
4.785038	0.012177
4.788965	0.012159
4.792892	0.012140
4.796819	0.012121
4.800746	0.012103
4.804673	0.012087
4.808600	0.012076
4.812527	0.012071
4.816454	0.012075
4.820381	0.012091
4.824308	0.012121
4.828235	0.012167
4.832162	0.012230
4.836089	0.012312
4.840016	0.012413
4.843943	0.012531
4.847870	0.012666
4.851797	0.012816
4.855724	0.012977
4.859651	0.013143
4.863578	0.013309
4.867505	0.013467
4.871432	0.013610
4.875359	0.013729
4.879286	0.013817
4.883213	0.013867
4.887140	0.013876
4.891067	0.013841
4.894994	0.013765
4.898921	0.013651
4.902848	0.013507
4.906775	0.013340
4.910702	0.013160
4.914629	0.012974
4.918556	0.012789
4.922483	0.012613
4.926410	0.012448
4.930337	0.012299
4.934264	0.012166
4.938191	0.012052
4.942118	0.011955
4.946045	0.011876
4.949972	0.011815
4.953899	0.011769
4.957826	0.011737
4.961753	0.011717
4.965680	0.011706
4.969607	0.011701
4.973534	0.011698
4.977461	0.011696
4.981388	0.011693
4.985315	0.011688
4.989242	0.011681
4.993169	0.011674
4.997096	0.011667
5.001023	0.011660
5.004950	0.011654
5.008877	0.011648
5.012804	0.011641
5.016731	0.011632
5.020658	0.011618
5.024585	0.011599
5.028512	0.011573
5.032439	0.011540
5.036366	0.011501
5.040293	0.011454
5.044220	0.011401
5.048147	0.011341
5.052074	0.011275
5.056001	0.011201
5.059928	0.011120
5.063855	0.011029
5.067782	0.010929
5.071709	0.010819
5.075636	0.010699
5.079563	0.010570
5.083490	0.010434
5.087417	0.010292
5.091344	0.010148
5.095271	0.010003
5.099198	0.009861
5.103125	0.009722
5.107052	0.009588
5.110979	0.009458
5.114906	0.009333
5.118833	0.009212
5.122760	0.009095
5.126687	0.008980
5.130614	0.008868
5.134540	0.008757
5.138467	0.008647
5.142394	0.008538
5.146321	0.008428
5.150248	0.008319
5.154175	0.008211
5.158102	0.008105
5.162029	0.008001
5.165956	0.007902
5.169883	0.007808
5.173810	0.007720
5.177737	0.007639
5.181664	0.007566
5.185591	0.007500
5.189518	0.007443
5.193445	0.007395
5.197372	0.007355
5.201299	0.007324
5.205226	0.007301
5.209153	0.007286
5.213080	0.007279
5.217007	0.007280
5.220934	0.007287
5.224861	0.007301
5.228788	0.007321
5.232715	0.007348
5.236642	0.007383
5.240569	0.007425
5.244496	0.007476
5.248423	0.007536
5.252350	0.007606
5.256277	0.007684
5.260204	0.007771
5.264131	0.007864
5.268058	0.007962
5.271985	0.008061
5.275912	0.008158
5.279839	0.008248
5.283766	0.008330
5.287693	0.008397
5.291620	0.008449
5.295547	0.008483
5.299474	0.008500
5.303401	0.008499
5.307328	0.008483
5.311255	0.008456
5.315182	0.008419
5.319109	0.008376
5.323036	0.008330
5.326963	0.008283
5.330890	0.008238
5.334817	0.008195
5.338744	0.008155
5.342671	0.008118
5.346598	0.008084
5.350525	0.008053
5.354452	0.008024
5.358379	0.007999
5.362306	0.007975
5.366233	0.007951
5.370160	0.007927
5.374087	0.007900
5.378014	0.007869
5.381941	0.007830
5.385868	0.007784
5.389795	0.007728
5.393722	0.007662
5.397649	0.007587
5.401576	0.007503
5.405503	0.007412
5.409430	0.007315
5.413357	0.007215
5.417284	0.007114
5.421211	0.007012
5.425138	0.006911
5.429065	0.006812
5.432992	0.006715
5.436919	0.006621
5.440846	0.006530
5.444773	0.006441
5.448700	0.006355
5.452627	0.006273
5.456554	0.006195
5.460481	0.006121
5.464408	0.006052
5.468335	0.005988
5.472262	0.005931
5.476189	0.005879
5.480116	0.005835
5.484043	0.005796
5.487970	0.005765
5.491897	0.005740
5.495824	0.005721
5.499751	0.005708
5.503678	0.005701
5.507605	0.005698
5.511532	0.005699
5.515459	0.005704
5.519386	0.005712
5.523313	0.005721
5.527240	0.005732
5.531167	0.005743
5.535094	0.005754
5.539021	0.005765
5.542948	0.005775
5.546875	0.005783
5.550802	0.005788
5.554729	0.005791
5.558656	0.005789
5.562582	0.005784
5.566509	0.005774
5.570436	0.005760
5.574363	0.005742
5.578290	0.005722
5.582217	0.005699
5.586144	0.005676
5.590071	0.005654
5.593998	0.005634
5.597925	0.005617
5.601852	0.005605
5.605779	0.005599
5.609706	0.005598
5.613633	0.005604
5.617560	0.005616
5.621487	0.005636
5.625414	0.005662
5.629341	0.005694
5.633268	0.005731
5.637195	0.005773
5.641122	0.005816
5.645049	0.005860
5.648976	0.005901
5.652903	0.005936
5.656830	0.005962
5.660757	0.005977
5.664684	0.005979
5.668611	0.005966
5.672538	0.005937
5.676465	0.005895
5.680392	0.005839
5.684319	0.005773
5.688246	0.005700
5.692173	0.005623
5.696100	0.005544
5.700027	0.005465
5.703954	0.005389
5.707881	0.005318
5.711808	0.005251
5.715735	0.005189
5.719662	0.005133
5.723589	0.005083
5.727516	0.005038
5.731443	0.004999
5.735370	0.004965
5.739297	0.004935
5.743224	0.004909
5.747151	0.004887
5.751078	0.004867
5.755005	0.004849
5.758932	0.004830
5.762859	0.004811
5.766786	0.004790
5.770713	0.004765
5.774640	0.004736
5.778567	0.004703
5.782494	0.004665
5.786421	0.004624
5.790348	0.004580
5.794275	0.004534
5.798202	0.004487
5.802129	0.004440
5.806056	0.004395
5.809983	0.004350
5.813910	0.004308
5.817837	0.004268
5.821764	0.004230
5.825691	0.004195
5.829618	0.004162
5.833545	0.004132
5.837472	0.004103
5.841399	0.004076
5.845326	0.004051
5.849253	0.004027
5.853180	0.004005
5.857107	0.003984
5.861034	0.003964
5.864961	0.003945
5.868888	0.003927
5.872815	0.003910
5.876742	0.003894
5.880669	0.003880
5.884596	0.003866
5.888523	0.003854
5.892450	0.003842
5.896377	0.003831
5.900304	0.003821
5.904231	0.003812
5.908158	0.003803
5.912085	0.003794
5.916012	0.003784
5.919939	0.003775
5.923866	0.003764
5.927793	0.003753
5.931720	0.003741
5.935647	0.003728
5.939574	0.003715
5.943501	0.003701
5.947428	0.003687
5.951355	0.003672
5.955282	0.003658
5.959209	0.003644
5.963136	0.003631
5.967063	0.003618
5.970990	0.003605
5.974917	0.003593
5.978844	0.003582
5.982771	0.003571
5.986698	0.003560
5.990624	0.003550
5.994551	0.003540
5.998478	0.003530
6.002405	0.003521
6.006332	0.003511
6.010259	0.003503
6.014186	0.003494
6.018113	0.003486
6.022040	0.003478
6.025967	0.003470
6.029894	0.003463
6.033821	0.003456
6.037748	0.003450
6.041675	0.003444
6.045602	0.003439
6.049529	0.003434
6.053456	0.003429
6.057383	0.003424
6.061310	0.003419
6.065237	0.003415
6.069164	0.003410
6.073091	0.003405
6.077018	0.003400
6.080945	0.003394
6.084872	0.003388
6.088799	0.003381
6.092726	0.003374
6.096653	0.003366
6.100580	0.003358
6.104507	0.003349
6.108434	0.003341
6.112361	0.003332
6.116288	0.003323
6.120215	0.003314
6.124142	0.003305
6.128069	0.003296
6.131996	0.003288
6.135923	0.003279
6.139850	0.003271
6.143777	0.003264
6.147704	0.003256
6.151631	0.003249
6.155558	0.003242
6.159485	0.003235
6.163412	0.003229
6.167339	0.003223
6.171266	0.003218
6.175193	0.003213
6.179120	0.003208
6.183047	0.003203
6.186974	0.003199
6.190901	0.003196
6.194828	0.003193
6.198755	0.003190
6.202682	0.003187
6.206609	0.003184
6.210536	0.003181
6.214463	0.003178
6.218390	0.003175
6.222317	0.003172
6.226244	0.003167
6.230171	0.003162
6.234098	0.003157
6.238025	0.003151
6.241952	0.003144
6.245879	0.003136
6.249806	0.003129
6.253733	0.003121
6.257660	0.003112
6.261587	0.003104
6.265514	0.003096
6.269441	0.003089
6.273368	0.003081
6.277295	0.003074
6.281222	0.003067
6.285149	0.003060
6.289076	0.003054
6.293003	0.003048
6.296930	0.003042
6.300857	0.003037
6.304784	0.003031
6.308711	0.003027
6.312638	0.003022
6.316565	0.003018
6.320492	0.003014
6.324419	0.003010
6.328346	0.003006
6.332273	0.003002
6.336200	0.002998
6.340127	0.002994
6.344054	0.002989
6.347981	0.002985
6.351908	0.002979
6.355835	0.002974
6.359762	0.002968
6.363689	0.002961
6.367616	0.002955
6.371543	0.002948
6.375470	0.002941
6.379397	0.002933
6.383324	0.002926
6.387251	0.002919
6.391178	0.002912
6.395105	0.002905
6.399032	0.002898
6.402959	0.002892
6.406886	0.002886
6.410813	0.002879
6.414739	0.002873
6.418666	0.002868
6.422593	0.002862
6.426520	0.002857
6.430447	0.002851
6.434374	0.002846
6.438301	0.002841
6.442228	0.002836
6.446155	0.002831
6.450082	0.002827
6.454009	0.002822
6.457936	0.002818
6.461863	0.002814
6.465790	0.002810
6.469717	0.002806
6.473644	0.002802
6.477571	0.002799
6.481498	0.002795
6.485425	0.002792
6.489352	0.002789
6.493279	0.002785
6.497206	0.002782
6.501133	0.002778
6.505060	0.002775
6.508987	0.002771
6.512914	0.002767
6.516841	0.002762
6.520768	0.002757
6.524695	0.002752
6.528622	0.002747
6.532549	0.002742
6.536476	0.002736
6.540403	0.002731
6.544330	0.002725
6.548257	0.002720
6.552184	0.002715
6.556111	0.002709
6.560038	0.002704
6.563965	0.002699
6.567892	0.002694
6.571819	0.002689
6.575746	0.002685
6.579673	0.002680
6.583600	0.002676
6.587527	0.002671
6.591454	0.002667
6.595381	0.002663
6.599308	0.002659
6.603235	0.002655
6.607162	0.002652
6.611089	0.002648
6.615016	0.002644
6.618943	0.002641
6.622870	0.002638
6.626797	0.002634
6.630724	0.002631
6.634651	0.002628
6.638578	0.002624
6.642505	0.002621
6.646432	0.002617
6.650359	0.002613
6.654286	0.002609
6.658213	0.002605
6.662140	0.002601
6.666067	0.002597
6.669994	0.002592
6.673921	0.002587
6.677848	0.002583
6.681775	0.002578
6.685702	0.002573
6.689629	0.002569
6.693556	0.002564
6.697483	0.002560
6.701410	0.002556
6.705337	0.002551
6.709264	0.002547
6.713191	0.002543
6.717118	0.002539
6.721045	0.002535
6.724972	0.002531
6.728899	0.002527
6.732826	0.002524
6.736753	0.002520
6.740680	0.002516
6.744607	0.002513
6.748534	0.002509
6.752461	0.002506
6.756388	0.002503
6.760315	0.002500
6.764242	0.002496
6.768169	0.002493
6.772096	0.002490
6.776023	0.002487
6.779950	0.002484
6.783877	0.002481
6.787804	0.002478
6.791731	0.002475
6.795658	0.002472
6.799585	0.002469
6.803512	0.002465
6.807439	0.002461
6.811366	0.002458
6.815293	0.002454
6.819220	0.002450
6.823147	0.002446
6.827074	0.002442
6.831001	0.002438
6.834928	0.002434
6.838855	0.002430
6.842781	0.002426
6.846708	0.002422
6.850635	0.002418
6.854562	0.002415
6.858489	0.002411
6.862416	0.002407
6.866343	0.002404
6.870270	0.002400
6.874197	0.002397
6.878124	0.002393
6.882051	0.002390
6.885978	0.002386
6.889905	0.002383
6.893832	0.002380
6.897759	0.002377
6.901686	0.002374
6.905613	0.002371
6.909540	0.002368
6.913467	0.002365
6.917394	0.002362
6.921321	0.002359
6.925248	0.002356
6.929175	0.002353
6.933102	0.002350
6.937029	0.002347
6.940956	0.002344
6.944883	0.002341
6.948810	0.002338
6.952737	0.002335
6.956664	0.002332
6.960591	0.002328
6.964518	0.002325
6.968445	0.002322
6.972372	0.002318
6.976299	0.002315
6.980226	0.002311
6.984153	0.002307
6.988080	0.002304
6.992007	0.002300
6.995934	0.002297
6.999861	0.002293
7.003788	0.002290
7.007715	0.002287
7.011642	0.002283
7.015569	0.002280
7.019496	0.002277
7.023423	0.002274
7.027350	0.002270
7.031277	0.002267
7.035204	0.002264
7.039131	0.002261
7.043058	0.002258
7.046985	0.002255
7.050912	0.002253
7.054839	0.002250
7.058766	0.002247
7.062693	0.002244
7.066620	0.002242
7.070547	0.002239
7.074474	0.002237
7.078401	0.002234
7.082328	0.002231
7.086255	0.002229
7.090182	0.002226
7.094109	0.002223
7.098036	0.002221
7.101963	0.002218
7.105890	0.002215
7.109817	0.002212
7.113744	0.002209
7.117671	0.002206
7.121598	0.002202
7.125525	0.002199
7.129452	0.002196
7.133379	0.002193
7.137306	0.002189
7.141233	0.002186
7.145160	0.002183
7.149087	0.002180
7.153014	0.002177
7.156941	0.002173
7.160868	0.002170
7.164795	0.002167
7.168722	0.002164
7.172649	0.002162
7.176576	0.002159
7.180503	0.002156
7.184430	0.002153
7.188357	0.002150
7.192284	0.002148
7.196211	0.002145
7.200138	0.002142
7.204065	0.002140
7.207992	0.002137
7.211919	0.002135
7.215846	0.002132
7.219773	0.002130
7.223700	0.002127
7.227627	0.002125
7.231554	0.002122
7.235481	0.002120
7.239408	0.002117
7.243335	0.002114
7.247262	0.002111
7.251189	0.002109
7.255116	0.002106
7.259043	0.002103
7.262970	0.002100
7.266897	0.002097
7.270823	0.002094
7.274750	0.002091
7.278677	0.002088
7.282604	0.002085
7.286531	0.002082
7.290458	0.002079
7.294385	0.002076
7.298312	0.002073
7.302239	0.002071
7.306166	0.002068
7.310093	0.002065
7.314020	0.002062
7.317947	0.002060
7.321874	0.002057
7.325801	0.002054
7.329728	0.002052
7.333655	0.002049
7.337582	0.002047
7.341509	0.002044
7.345436	0.002042
7.349363	0.002039
7.353290	0.002037
7.357217	0.002034
7.361144	0.002032
7.365071	0.002029
7.368998	0.002027
7.372925	0.002024
7.376852	0.002022
7.380779	0.002019
7.384706	0.002017
7.388633	0.002014
7.392560	0.002012
7.396487	0.002009
7.400414	0.002007
7.404341	0.002004
7.408268	0.002002
7.412195	0.001999
7.416122	0.001996
7.420049	0.001994
7.423976	0.001991
7.427903	0.001989
7.431830	0.001986
7.435757	0.001983
7.439684	0.001981
7.443611	0.001978
7.447538	0.001976
7.451465	0.001973
7.455392	0.001971
7.459319	0.001968
7.463246	0.001966
7.467173	0.001963
7.471100	0.001961
7.475027	0.001959
7.478954	0.001956
7.482881	0.001954
7.486808	0.001951
7.490735	0.001949
7.494662	0.001947
7.498589	0.001945
7.502516	0.001942
7.506443	0.001940
7.510370	0.001938
7.514297	0.001936
7.518224	0.001933
7.522151	0.001931
7.526078	0.001929
7.530005	0.001927
7.533932	0.001925
7.537859	0.001922
7.541786	0.001920
7.545713	0.001918
7.549640	0.001915
7.553567	0.001913
7.557494	0.001911
7.561421	0.001908
7.565348	0.001906
7.569275	0.001904
7.573202	0.001901
7.577129	0.001899
7.581056	0.001896
7.584983	0.001894
7.588910	0.001892
7.592837	0.001889
7.596764	0.001887
7.600691	0.001885
7.604618	0.001882
7.608545	0.001880
7.612472	0.001878
7.616399	0.001875
7.620326	0.001873
7.624253	0.001871
7.628180	0.001869
7.632107	0.001867
7.636034	0.001864
7.639961	0.001862
7.643888	0.001860
7.647815	0.001858
7.651742	0.001856
7.655669	0.001854
7.659596	0.001851
7.663523	0.001849
7.667450	0.001847
7.671377	0.001845
7.675304	0.001843
7.679231	0.001841
7.683158	0.001838
7.687085	0.001836
7.691012	0.001834
7.694939	0.001832
7.698865	0.001830
7.702792	0.001828
7.706719	0.001825
7.710646	0.001823
7.714573	0.001821
7.718500	0.001819
7.722427	0.001817
7.726354	0.001814
7.730281	0.001812
7.734208	0.001810
7.738135	0.001808
7.742062	0.001806
7.745989	0.001804
7.749916	0.001801
7.753843	0.001799
7.757770	0.001797
7.761697	0.001795
7.765624	0.001793
7.769551	0.001791
7.773478	0.001789
7.777405	0.001787
7.781332	0.001785
7.785259	0.001783
7.789186	0.001781
7.793113	0.001779
7.797040	0.001777
7.800967	0.001775
7.804894	0.001773
7.808821	0.001771
7.812748	0.001769
7.816675	0.001767
7.820602	0.001765
7.824529	0.001763
7.828456	0.001761
7.832383	0.001759
7.836310	0.001756
7.840237	0.001754
7.844164	0.001752
7.848091	0.001750
7.852018	0.001748
7.855945	0.001746
7.859872	0.001744
7.863799	0.001742
7.867726	0.001740
7.871653	0.001738
7.875580	0.001736
7.879507	0.001734
7.883434	0.001732
7.887361	0.001730
7.891288	0.001728
7.895215	0.001726
7.899142	0.001724
7.903069	0.001722
7.906996	0.001720
7.910923	0.001718
7.914850	0.001716
7.918777	0.001715
7.922704	0.001713
7.926631	0.001711
7.930558	0.001709
7.934485	0.001707
7.938412	0.001705
7.942339	0.001703
7.946266	0.001701
7.950193	0.001699
7.954120	0.001697
7.958047	0.001696
7.961974	0.001694
7.965901	0.001692
7.969828	0.001690
7.973755	0.001688
7.977682	0.001686
7.981609	0.001685
7.985536	0.001683
7.989463	0.001681
7.993390	0.001679
7.997317	0.001677
8.001244	0.001675
8.005171	0.001674
8.009098	0.001672
8.013025	0.001670
8.016952	0.001668
8.020879	0.001666
8.024806	0.001664
8.028733	0.001662
8.032660	0.001660
8.036587	0.001659
8.040514	0.001657
8.044441	0.001655
8.048368	0.001653
8.052295	0.001651
8.056222	0.001649
8.060149	0.001647
8.064076	0.001646
8.068003	0.001644
8.071930	0.001642
8.075857	0.001640
8.079784	0.001638
8.083711	0.001636
8.087638	0.001635
8.091565	0.001633
8.095492	0.001631
8.099419	0.001629
8.103346	0.001628
8.107273	0.001626
8.111200	0.001624
8.115127	0.001622
8.119054	0.001620
8.122981	0.001619
8.126907	0.001617
8.130834	0.001615
8.134761	0.001613
8.138688	0.001612
8.142615	0.001610
8.146542	0.001608
8.150469	0.001606
8.154396	0.001605
8.158323	0.001603
8.162250	0.001601
8.166177	0.001599
8.170104	0.001598
8.174031	0.001596
8.177958	0.001594
8.181885	0.001592
8.185812	0.001591
8.189739	0.001589
8.193666	0.001587
8.197593	0.001585
8.201520	0.001584
8.205447	0.001582
8.209374	0.001580
8.213301	0.001579
8.217228	0.001577
8.221155	0.001575
8.225082	0.001573
8.229009	0.001572
8.232936	0.001570
8.236863	0.001568
8.240790	0.001567
8.244717	0.001565
8.248644	0.001563
8.252571	0.001562
8.256498	0.001560
8.260425	0.001558
8.264352	0.001557
8.268279	0.001555
8.272206	0.001553
8.276133	0.001552
8.280060	0.001550
8.283987	0.001549
8.287914	0.001547
8.291841	0.001545
8.295768	0.001544
8.299695	0.001542
8.303622	0.001540
8.307549	0.001539
8.311476	0.001537
8.315403	0.001535
8.319330	0.001534
8.323257	0.001532
8.327184	0.001531
8.331111	0.001529
8.335038	0.001527
8.338965	0.001526
8.342892	0.001524
8.346819	0.001522
8.350746	0.001521
8.354673	0.001519
8.358600	0.001518
8.362527	0.001516
8.366454	0.001514
8.370381	0.001513
8.374308	0.001511
8.378235	0.001510
8.382162	0.001508
8.386089	0.001507
8.390016	0.001505
8.393943	0.001503
8.397870	0.001502
8.401797	0.001500
8.405724	0.001499
8.409651	0.001497
8.413578	0.001496
8.417505	0.001494
8.421432	0.001493
8.425359	0.001491
8.429286	0.001489
8.433213	0.001488
8.437140	0.001486
8.441067	0.001485
8.444994	0.001483
8.448921	0.001482
8.452848	0.001480
8.456775	0.001479
8.460702	0.001477
8.464629	0.001476
8.468556	0.001474
8.472483	0.001473
8.476410	0.001471
8.480337	0.001470
8.484264	0.001468
8.488191	0.001467
8.492118	0.001465
8.496045	0.001464
8.499972	0.001462
8.503899	0.001461
8.507826	0.001459
8.511753	0.001458
8.515680	0.001456
8.519607	0.001455
8.523534	0.001453
8.527461	0.001452
8.531388	0.001450
8.535315	0.001449
8.539242	0.001447
8.543169	0.001446
8.547096	0.001444
8.551023	0.001443
8.554949	0.001441
8.558876	0.001440
8.562803	0.001438
8.566730	0.001437
8.570657	0.001435
8.574584	0.001434
8.578511	0.001432
8.582438	0.001431
8.586365	0.001430
8.590292	0.001428
8.594219	0.001427
8.598146	0.001425
8.602073	0.001424
8.606000	0.001422
8.609927	0.001421
8.613854	0.001419
8.617781	0.001418
8.621708	0.001417
8.625635	0.001415
8.629562	0.001414
8.633489	0.001412
8.637416	0.001411
8.641343	0.001409
8.645270	0.001408
8.649197	0.001407
8.653124	0.001405
8.657051	0.001404
8.660978	0.001402
8.664905	0.001401
8.668832	0.001400
8.672759	0.001398
8.676686	0.001397
8.680613	0.001395
8.684540	0.001394
8.688467	0.001393
8.692394	0.001391
8.696321	0.001390
8.700248	0.001388
8.704175	0.001387
8.708102	0.001386
8.712029	0.001384
8.715956	0.001383
8.719883	0.001381
8.723810	0.001380
8.727737	0.001379
8.731664	0.001377
8.735591	0.001376
8.739518	0.001375
8.743445	0.001373
8.747372	0.001372
8.751299	0.001371
8.755226	0.001369
8.759153	0.001368
8.763080	0.001367
8.767007	0.001365
8.770934	0.001364
8.774861	0.001362
8.778788	0.001361
8.782715	0.001360
8.786642	0.001358
8.790569	0.001357
8.794496	0.001356
8.798423	0.001354
8.802350	0.001353
8.806277	0.001352
8.810204	0.001350
8.814131	0.001349
8.818058	0.001348
8.821985	0.001346
8.825912	0.001345
8.829839	0.001344
8.833766	0.001342
8.837693	0.001341
8.841620	0.001340
8.845547	0.001339
8.849474	0.001337
8.853401	0.001336
8.857328	0.001335
8.861255	0.001333
8.865182	0.001332
8.869109	0.001331
8.873036	0.001329
8.876963	0.001328
8.880890	0.001327
8.884817	0.001326
8.888744	0.001324
8.892671	0.001323
8.896598	0.001322
8.900525	0.001320
8.904452	0.001319
8.908379	0.001318
8.912306	0.001317
8.916233	0.001315
8.920160	0.001314
8.924087	0.001313
8.928014	0.001312
8.931941	0.001310
8.935868	0.001309
8.939795	0.001308
8.943722	0.001306
8.947649	0.001305
8.951576	0.001304
8.955503	0.001303
8.959430	0.001301
8.963357	0.001300
8.967284	0.001299
8.971211	0.001298
8.975138	0.001296
8.979065	0.001295
8.982991	0.001294
8.986918	0.001293
8.990845	0.001291
8.994772	0.001290
8.998699	0.001289
9.002626	0.001288
9.006553	0.001287
9.010480	0.001285
9.014407	0.001284
9.018334	0.001283
9.022261	0.001282
9.026188	0.001280
9.030115	0.001279
9.034042	0.001278
9.037969	0.001277
9.041896	0.001276
9.045823	0.001274
9.049750	0.001273
9.053677	0.001272
9.057604	0.001271
9.061531	0.001269
9.065458	0.001268
9.069385	0.001267
9.073312	0.001266
9.077239	0.001265
9.081166	0.001263
9.085093	0.001262
9.089020	0.001261
9.092947	0.001260
9.096874	0.001259
9.100801	0.001258
9.104728	0.001256
9.108655	0.001255
9.112582	0.001254
9.116509	0.001253
9.120436	0.001252
9.124363	0.001250
9.128290	0.001249
9.132217	0.001248
9.136144	0.001247
9.140071	0.001246
9.143998	0.001245
9.147925	0.001243
9.151852	0.001242
9.155779	0.001241
9.159706	0.001240
9.163633	0.001239
9.167560	0.001238
9.171487	0.001236
9.175414	0.001235
9.179341	0.001234
9.183268	0.001233
9.187195	0.001232
9.191122	0.001231
9.195049	0.001230
9.198976	0.001228
9.202903	0.001227
9.206830	0.001226
9.210757	0.001225
9.214684	0.001224
9.218611	0.001223
9.222538	0.001222
9.226465	0.001220
9.230392	0.001219
9.234319	0.001218
9.238246	0.001217
9.242173	0.001216
9.246100	0.001215
9.250027	0.001214
9.253954	0.001213
9.257881	0.001211
9.261808	0.001210
9.265735	0.001209
9.269662	0.001208
9.273589	0.001207
9.277516	0.001206
9.281443	0.001205
9.285370	0.001204
9.289297	0.001202
9.293224	0.001201
9.297151	0.001200
9.301078	0.001199
9.305005	0.001198
9.308932	0.001197
9.312859	0.001196
9.316786	0.001195
9.320713	0.001194
9.324640	0.001193
9.328567	0.001191
9.332494	0.001190
9.336421	0.001189
9.340348	0.001188
9.344275	0.001187
9.348202	0.001186
9.352129	0.001185
9.356056	0.001184
9.359983	0.001183
9.363910	0.001182
9.367837	0.001181
9.371764	0.001180
9.375691	0.001178
9.379618	0.001177
9.383545	0.001176
9.387472	0.001175
9.391399	0.001174
9.395326	0.001173
9.399253	0.001172
9.403180	0.001171
9.407107	0.001170
9.411033	0.001169
9.414960	0.001168
9.418887	0.001167
9.422814	0.001166
9.426741	0.001165
9.430668	0.001164
9.434595	0.001163
9.438522	0.001162
9.442449	0.001160
9.446376	0.001159
9.450303	0.001158
9.454230	0.001157
9.458157	0.001156
9.462084	0.001155
9.466011	0.001154
9.469938	0.001153
9.473865	0.001152
9.477792	0.001151
9.481719	0.001150
9.485646	0.001149
9.489573	0.001148
9.493500	0.001147
9.497427	0.001146
9.501354	0.001145
9.505281	0.001144
9.509208	0.001143
9.513135	0.001142
9.517062	0.001141
9.520989	0.001140
9.524916	0.001139
9.528843	0.001138
9.532770	0.001137
9.536697	0.001136
9.540624	0.001135
9.544551	0.001134
9.548478	0.001133
9.552405	0.001132
9.556332	0.001131
9.560259	0.001130
9.564186	0.001129
9.568113	0.001128
9.572040	0.001127
9.575967	0.001126
9.579894	0.001125
9.583821	0.001124
9.587748	0.001123
9.591675	0.001122
9.595602	0.001121
9.599529	0.001120
9.603456	0.001119
9.607383	0.001118
9.611310	0.001117
9.615237	0.001116
9.619164	0.001115
9.623091	0.001114
9.627018	0.001113
9.630945	0.001112
9.634872	0.001111
9.638799	0.001110
9.642726	0.001109
9.646653	0.001108
9.650580	0.001107
9.654507	0.001106
9.658434	0.001105
9.662361	0.001104
9.666288	0.001103
9.670215	0.001102
9.674142	0.001101
9.678069	0.001100
9.681996	0.001099
9.685923	0.001098
9.689850	0.001097
9.693777	0.001096
9.697704	0.001095
9.701631	0.001094
9.705558	0.001093
9.709485	0.001092
9.713412	0.001091
9.717339	0.001091
9.721266	0.001090
9.725193	0.001089
9.729120	0.001088
9.733047	0.001087
9.736974	0.001086
9.740901	0.001085
9.744828	0.001084
9.748755	0.001083
9.752682	0.001082
9.756609	0.001081
9.760536	0.001080
9.764463	0.001079
9.768390	0.001078
9.772317	0.001077
9.776244	0.001076
9.780171	0.001075
9.784098	0.001075
9.788025	0.001074
9.791952	0.001073
9.795879	0.001072
9.799806	0.001071
9.803733	0.001070
9.807660	0.001069
9.811587	0.001068
9.815514	0.001067
9.819441	0.001066
