-9.819441	0.001055
-9.815514	0.001056
-9.811587	0.001057
-9.807660	0.001058
-9.803733	0.001059
-9.799806	0.001060
-9.795879	0.001061
-9.791952	0.001062
-9.788025	0.001063
-9.784098	0.001063
-9.780171	0.001064
-9.776244	0.001065
-9.772317	0.001066
-9.768390	0.001067
-9.764463	0.001068
-9.760536	0.001069
-9.756609	0.001070
-9.752682	0.001071
-9.748755	0.001072
-9.744828	0.001073
-9.740901	0.001074
-9.736974	0.001074
-9.733047	0.001075
-9.729120	0.001076
-9.725193	0.001077
-9.721266	0.001078
-9.717339	0.001079
-9.713412	0.001080
-9.709485	0.001081
-9.705558	0.001082
-9.701631	0.001083
-9.697704	0.001084
-9.693777	0.001085
-9.689850	0.001086
-9.685923	0.001087
-9.681996	0.001088
-9.678069	0.001088
-9.674142	0.001089
-9.670215	0.001090
-9.666288	0.001091
-9.662361	0.001092
-9.658434	0.001093
-9.654507	0.001094
-9.650580	0.001095
-9.646653	0.001096
-9.642726	0.001097
-9.638799	0.001098
-9.634872	0.001099
-9.630945	0.001100
-9.627018	0.001101
-9.623091	0.001102
-9.619164	0.001103
-9.615237	0.001104
-9.611310	0.001105
-9.607383	0.001106
-9.603456	0.001107
-9.599529	0.001108
-9.595602	0.001109
-9.591675	0.001109
-9.587748	0.001110
-9.583821	0.001111
-9.579894	0.001112
-9.575967	0.001113
-9.572040	0.001114
-9.568113	0.001115
-9.564186	0.001116
-9.560259	0.001117
-9.556332	0.001118
-9.552405	0.001119
-9.548478	0.001120
-9.544551	0.001121
-9.540624	0.001122
-9.536697	0.001123
-9.532770	0.001124
-9.528843	0.001125
-9.524916	0.001126
-9.520989	0.001127
-9.517062	0.001128
-9.513135	0.001129
-9.509208	0.001130
-9.505281	0.001131
-9.501354	0.001132
-9.497427	0.001133
-9.493500	0.001134
-9.489573	0.001135
-9.485646	0.001136
-9.481719	0.001137
-9.477792	0.001138
-9.473865	0.001139
-9.469938	0.001140
-9.466011	0.001141
-9.462084	0.001142
-9.458157	0.001143
-9.454230	0.001144
-9.450303	0.001145
-9.446376	0.001146
-9.442449	0.001147
-9.438522	0.001148
-9.434595	0.001149
-9.430668	0.001150
-9.426741	0.001151
-9.422814	0.001152
-9.418887	0.001153
-9.414960	0.001155
-9.411033	0.001156
-9.407107	0.001157
-9.403180	0.001158
-9.399253	0.001159
-9.395326	0.001160
-9.391399	0.001161
-9.387472	0.001162
-9.383545	0.001163
-9.379618	0.001164
-9.375691	0.001165
-9.371764	0.001166
-9.367837	0.001167
-9.363910	0.001168
-9.359983	0.001169
-9.356056	0.001170
-9.352129	0.001171
-9.348202	0.001172
-9.344275	0.001173
-9.340348	0.001174
-9.336421	0.001175
-9.332494	0.001176
-9.328567	0.001178
-9.324640	0.001179
-9.320713	0.001180
-9.316786	0.001181
-9.312859	0.001182
-9.308932	0.001183
-9.305005	0.001184
-9.301078	0.001185
-9.297151	0.001186
-9.293224	0.001187
-9.289297	0.001188
-9.285370	0.001189
-9.281443	0.001190
-9.277516	0.001191
-9.273589	0.001193
-9.269662	0.001194
-9.265735	0.001195
-9.261808	0.001196
-9.257881	0.001197
-9.253954	0.001198
-9.250027	0.001199
-9.246100	0.001200
-9.242173	0.001201
-9.238246	0.001202
-9.234319	0.001203
-9.230392	0.001205
-9.226465	0.001206
-9.222538	0.001207
-9.218611	0.001208
-9.214684	0.001209
-9.210757	0.001210
-9.206830	0.001211
-9.202903	0.001212
-9.198976	0.001213
-9.195049	0.001215
-9.191122	0.001216
-9.187195	0.001217
-9.183268	0.001218
-9.179341	0.001219
-9.175414	0.001220
-9.171487	0.001221
-9.167560	0.001222
-9.163633	0.001224
-9.159706	0.001225
-9.155779	0.001226
-9.151852	0.001227
-9.147925	0.001228
-9.143998	0.001229
-9.140071	0.001230
-9.136144	0.001231
-9.132217	0.001233
-9.128290	0.001234
-9.124363	0.001235
-9.120436	0.001236
-9.116509	0.001237
-9.112582	0.001238
-9.108655	0.001239
-9.104728	0.001241
-9.100801	0.001242
-9.096874	0.001243
-9.092947	0.001244
-9.089020	0.001245
-9.085093	0.001246
-9.081166	0.001248
-9.077239	0.001249
-9.073312	0.001250
-9.069385	0.001251
-9.065458	0.001252
-9.061531	0.001253
-9.057604	0.001255
-9.053677	0.001256
-9.049750	0.001257
-9.045823	0.001258
-9.041896	0.001259
-9.037969	0.001260
-9.034042	0.001262
-9.030115	0.001263
-9.026188	0.001264
-9.022261	0.001265
-9.018334	0.001266
-9.014407	0.001268
-9.010480	0.001269
-9.006553	0.001270
-9.002626	0.001271
-8.998699	0.001272
-8.994772	0.001274
-8.990845	0.001275
-8.986918	0.001276
-8.982991	0.001277
-8.979065	0.001278
-8.975138	0.001280
-8.971211	0.001281
-8.967284	0.001282
-8.963357	0.001283
-8.959430	0.001284
-8.955503	0.001286
-8.951576	0.001287
-8.947649	0.001288
-8.943722	0.001289
-8.939795	0.001290
-8.935868	0.001292
-8.931941	0.001293
-8.928014	0.001294
-8.924087	0.001295
-8.920160	0.001297
-8.916233	0.001298
-8.912306	0.001299
-8.908379	0.001300
-8.904452	0.001302
-8.900525	0.001303
-8.896598	0.001304
-8.892671	0.001305
-8.888744	0.001307
-8.884817	0.001308
-8.880890	0.001309
-8.876963	0.001310
-8.873036	0.001312
-8.869109	0.001313
-8.865182	0.001314
-8.861255	0.001315
-8.857328	0.001317
-8.853401	0.001318
-8.849474	0.001319
-8.845547	0.001320
-8.841620	0.001322
-8.837693	0.001323
-8.833766	0.001324
-8.829839	0.001325
-8.825912	0.001327
-8.821985	0.001328
-8.818058	0.001329
-8.814131	0.001331
-8.810204	0.001332
-8.806277	0.001333
-8.802350	0.001334
-8.798423	0.001336
-8.794496	0.001337
-8.790569	0.001338
-8.786642	0.001340
-8.782715	0.001341
-8.778788	0.001342
-8.774861	0.001343
-8.770934	0.001345
-8.767007	0.001346
-8.763080	0.001347
-8.759153	0.001349
-8.755226	0.001350
-8.751299	0.001351
-8.747372	0.001353
-8.743445	0.001354
-8.739518	0.001355
-8.735591	0.001357
-8.731664	0.001358
-8.727737	0.001359
-8.723810	0.001361
-8.719883	0.001362
-8.715956	0.001363
-8.712029	0.001365
-8.708102	0.001366
-8.704175	0.001367
-8.700248	0.001369
-8.696321	0.001370
-8.692394	0.001371
-8.688467	0.001373
-8.684540	0.001374
-8.680613	0.001375
-8.676686	0.001377
-8.672759	0.001378
-8.668832	0.001379
-8.664905	0.001381
-8.660978	0.001382
-8.657051	0.001383
-8.653124	0.001385
-8.649197	0.001386
-8.645270	0.001387
-8.641343	0.001389
-8.637416	0.001390
-8.633489	0.001392
-8.629562	0.001393
-8.625635	0.001394
-8.621708	0.001396
-8.617781	0.001397
-8.613854	0.001398
-8.609927	0.001400
-8.606000	0.001401
-8.602073	0.001403
-8.598146	0.001404
-8.594219	0.001405
-8.590292	0.001407
-8.586365	0.001408
-8.582438	0.001410
-8.578511	0.001411
-8.574584	0.001412
-8.570657	0.001414
-8.566730	0.001415
-8.562803	0.001417
-8.558876	0.001418
-8.554949	0.001419
-8.551023	0.001421
-8.547096	0.001422
-8.543169	0.001424
-8.539242	0.001425
-8.535315	0.001427
-8.531388	0.001428
-8.527461	0.001429
-8.523534	0.001431
-8.519607	0.001432
-8.515680	0.001434
-8.511753	0.001435
-8.507826	0.001437
-8.503899	0.001438
-8.499972	0.001440
-8.496045	0.001441
-8.492118	0.001442
-8.488191	0.001444
-8.484264	0.001445
-8.480337	0.001447
-8.476410	0.001448
-8.472483	0.001450
-8.468556	0.001451
-8.464629	0.001453
-8.460702	0.001454
-8.456775	0.001456
-8.452848	0.001457
-8.448921	0.001459
-8.444994	0.001460
-8.441067	0.001461
-8.437140	0.001463
-8.433213	0.001464
-8.429286	0.001466
-8.425359	0.001467
-8.421432	0.001469
-8.417505	0.001470
-8.413578	0.001472
-8.409651	0.001473
-8.405724	0.001475
-8.401797	0.001476
-8.397870	0.001478
-8.393943	0.001479
-8.390016	0.001481
-8.386089	0.001482
-8.382162	0.001484
-8.378235	0.001485
-8.374308	0.001487
-8.370381	0.001489
-8.366454	0.001490
-8.362527	0.001492
-8.358600	0.001493
-8.354673	0.001495
-8.350746	0.001496
-8.346819	0.001498
-8.342892	0.001499
-8.338965	0.001501
-8.335038	0.001502
-8.331111	0.001504
-8.327184	0.001505
-8.323257	0.001507
-8.319330	0.001509
-8.315403	0.001510
-8.311476	0.001512
-8.307549	0.001513
-8.303622	0.001515
-8.299695	0.001516
-8.295768	0.001518
-8.291841	0.001519
-8.287914	0.001521
-8.283987	0.001523
-8.280060	0.001524
-8.276133	0.001526
-8.272206	0.001527
-8.268279	0.001529
-8.264352	0.001531
-8.260425	0.001532
-8.256498	0.001534
-8.252571	0.001535
-8.248644	0.001537
-8.244717	0.001539
-8.240790	0.001540
-8.236863	0.001542
-8.232936	0.001543
-8.229009	0.001545
-8.225082	0.001547
-8.221155	0.001548
-8.217228	0.001550
-8.213301	0.001551
-8.209374	0.001553
-8.205447	0.001555
-8.201520	0.001556
-8.197593	0.001558
-8.193666	0.001560
-8.189739	0.001561
-8.185812	0.001563
-8.181885	0.001565
-8.177958	0.001566
-8.174031	0.001568
-8.170104	0.001569
-8.166177	0.001571
-8.162250	0.001573
-8.158323	0.001574
-8.154396	0.001576
-8.150469	0.001578
-8.146542	0.001579
-8.142615	0.001581
-8.138688	0.001583
-8.134761	0.001584
-8.130834	0.001586
-8.126907	0.001588
-8.122981	0.001589
-8.119054	0.001591
-8.115127	0.001593
-8.111200	0.001595
-8.107273	0.001596
-8.103346	0.001598
-8.099419	0.001600
-8.095492	0.001601
-8.091565	0.001603
-8.087638	0.001605
-8.083711	0.001606
-8.079784	0.001608
-8.075857	0.001610
-8.071930	0.001612
-8.068003	0.001613
-8.064076	0.001615
-8.060149	0.001617
-8.056222	0.001619
-8.052295	0.001620
-8.048368	0.001622
-8.044441	0.001624
-8.040514	0.001626
-8.036587	0.001627
-8.032660	0.001629
-8.028733	0.001631
-8.024806	0.001633
-8.020879	0.001634
-8.016952	0.001636
-8.013025	0.001638
-8.009098	0.001640
-8.005171	0.001641
-8.001244	0.001643
-7.997317	0.001645
-7.993390	0.001647
-7.989463	0.001648
-7.985536	0.001650
-7.981609	0.001652
-7.977682	0.001654
-7.973755	0.001656
-7.969828	0.001657
-7.965901	0.001659
-7.961974	0.001661
-7.958047	0.001663
-7.954120	0.001665
-7.950193	0.001666
-7.946266	0.001668
-7.942339	0.001670
-7.938412	0.001672
-7.934485	0.001674
-7.930558	0.001676
-7.926631	0.001677
-7.922704	0.001679
-7.918777	0.001681
-7.914850	0.001683
-7.910923	0.001685
-7.906996	0.001687
-7.903069	0.001688
-7.899142	0.001690
-7.895215	0.001692
-7.891288	0.001694
-7.887361	0.001696
-7.883434	0.001698
-7.879507	0.001700
-7.875580	0.001701
-7.871653	0.001703
-7.867726	0.001705
-7.863799	0.001707
-7.859872	0.001709
-7.855945	0.001711
-7.852018	0.001713
-7.848091	0.001715
-7.844164	0.001717
-7.840237	0.001718
-7.836310	0.001720
-7.832383	0.001722
-7.828456	0.001724
-7.824529	0.001726
-7.820602	0.001728
-7.816675	0.001730
-7.812748	0.001732
-7.808821	0.001734
-7.804894	0.001736
-7.800967	0.001738
-7.797040	0.001740
-7.793113	0.001741
-7.789186	0.001743
-7.785259	0.001745
-7.781332	0.001747
-7.777405	0.001749
-7.773478	0.001751
-7.769551	0.001753
-7.765624	0.001755
-7.761697	0.001757
-7.757770	0.001759
-7.753843	0.001761
-7.749916	0.001763
-7.745989	0.001765
-7.742062	0.001767
-7.738135	0.001769
-7.734208	0.001771
-7.730281	0.001773
-7.726354	0.001775
-7.722427	0.001777
-7.718500	0.001779
-7.714573	0.001781
-7.710646	0.001783
-7.706719	0.001785
-7.702792	0.001787
-7.698865	0.001789
-7.694939	0.001791
-7.691012	0.001793
-7.687085	0.001795
-7.683158	0.001797
-7.679231	0.001799
-7.675304	0.001801
-7.671377	0.001803
-7.667450	0.001805
-7.663523	0.001807
-7.659596	0.001809
-7.655669	0.001811
-7.651742	0.001814
-7.647815	0.001816
-7.643888	0.001818
-7.639961	0.001820
-7.636034	0.001822
-7.632107	0.001824
-7.628180	0.001826
-7.624253	0.001828
-7.620326	0.001830
-7.616399	0.001832
-7.612472	0.001834
-7.608545	0.001836
-7.604618	0.001839
-7.600691	0.001841
-7.596764	0.001843
-7.592837	0.001845
-7.588910	0.001847
-7.584983	0.001849
-7.581056	0.001851
-7.577129	0.001853
-7.573202	0.001856
-7.569275	0.001858
-7.565348	0.001860
-7.561421	0.001862
-7.557494	0.001864
-7.553567	0.001866
-7.549640	0.001869
-7.545713	0.001871
-7.541786	0.001873
-7.537859	0.001875
-7.533932	0.001877
-7.530005	0.001879
-7.526078	0.001882
-7.522151	0.001884
-7.518224	0.001886
-7.514297	0.001888
-7.510370	0.001890
-7.506443	0.001893
-7.502516	0.001895
-7.498589	0.001897
-7.494662	0.001899
-7.490735	0.001901
-7.486808	0.001904
-7.482881	0.001906
-7.478954	0.001908
-7.475027	0.001910
-7.471100	0.001913
-7.467173	0.001915
-7.463246	0.001917
-7.459319	0.001919
-7.455392	0.001922
-7.451465	0.001924
-7.447538	0.001926
-7.443611	0.001928
-7.439684	0.001931
-7.435757	0.001933
-7.431830	0.001935
-7.427903	0.001937
-7.423976	0.001940
-7.420049	0.001942
-7.416122	0.001944
-7.412195	0.001947
-7.408268	0.001949
-7.404341	0.001951
-7.400414	0.001954
-7.396487	0.001956
-7.392560	0.001958
-7.388633	0.001961
-7.384706	0.001963
-7.380779	0.001965
-7.376852	0.001968
-7.372925	0.001970
-7.368998	0.001972
-7.365071	0.001975
-7.361144	0.001977
-7.357217	0.001979
-7.353290	0.001982
-7.349363	0.001984
-7.345436	0.001987
-7.341509	0.001989
-7.337582	0.001991
-7.333655	0.001994
-7.329728	0.001996
-7.325801	0.001998
-7.321874	0.002001
-7.317947	0.002003
-7.314020	0.002006
-7.310093	0.002008
-7.306166	0.002011
-7.302239	0.002013
-7.298312	0.002015
-7.294385	0.002018
-7.290458	0.002020
-7.286531	0.002023
-7.282604	0.002025
-7.278677	0.002028
-7.274750	0.002030
-7.270823	0.002033
-7.266897	0.002035
-7.262970	0.002037
-7.259043	0.002040
-7.255116	0.002042
-7.251189	0.002045
-7.247262	0.002047
-7.243335	0.002050
-7.239408	0.002052
-7.235481	0.002055
-7.231554	0.002057
-7.227627	0.002060
-7.223700	0.002062
-7.219773	0.002065
-7.215846	0.002067
-7.211919	0.002070
-7.207992	0.002073
-7.204065	0.002075
-7.200138	0.002078
-7.196211	0.002080
-7.192284	0.002083
-7.188357	0.002085
-7.184430	0.002088
-7.180503	0.002090
-7.176576	0.002093
-7.172649	0.002096
-7.168722	0.002098
-7.164795	0.002101
-7.160868	0.002103
-7.156941	0.002106
-7.153014	0.002109
-7.149087	0.002111
-7.145160	0.002114
-7.141233	0.002116
-7.137306	0.002119
-7.133379	0.002122
-7.129452	0.002124
-7.125525	0.002127
-7.121598	0.002130
-7.117671	0.002132
-7.113744	0.002135
-7.109817	0.002138
-7.105890	0.002140
-7.101963	0.002143
-7.098036	0.002146
-7.094109	0.002148
-7.090182	0.002151
-7.086255	0.002154
-7.082328	0.002156
-7.078401	0.002159
-7.074474	0.002162
-7.070547	0.002165
-7.066620	0.002167
-7.062693	0.002170
-7.058766	0.002173
-7.054839	0.002175
-7.050912	0.002178
-7.046985	0.002181
-7.043058	0.002184
-7.039131	0.002186
-7.035204	0.002189
-7.031277	0.002192
-7.027350	0.002195
-7.023423	0.002198
-7.019496	0.002200
-7.015569	0.002203
-7.011642	0.002206
-7.007715	0.002209
-7.003788	0.002212
-6.999861	0.002214
-6.995934	0.002217
-6.992007	0.002220
-6.988080	0.002223
-6.984153	0.002226
-6.980226	0.002228
-6.976299	0.002231
-6.972372	0.002234
-6.968445	0.002237
-6.964518	0.002240
-6.960591	0.002243
-6.956664	0.002246
-6.952737	0.002249
-6.948810	0.002251
-6.944883	0.002254
-6.940956	0.002257
-6.937029	0.002260
-6.933102	0.002263
-6.929175	0.002266
-6.925248	0.002269
-6.921321	0.002272
-6.917394	0.002275
-6.913467	0.002278
-6.909540	0.002281
-6.905613	0.002284
-6.901686	0.002286
-6.897759	0.002289
-6.893832	0.002292
-6.889905	0.002295
-6.885978	0.002298
-6.882051	0.002301
-6.878124	0.002304
-6.874197	0.002307
-6.870270	0.002310
-6.866343	0.002313
-6.862416	0.002316
-6.858489	0.002319
-6.854562	0.002322
-6.850635	0.002325
-6.846708	0.002329
-6.842781	0.002332
-6.838855	0.002335
-6.834928	0.002338
-6.831001	0.002341
-6.827074	0.002344
-6.823147	0.002347
-6.819220	0.002350
-6.815293	0.002353
-6.811366	0.002356
-6.807439	0.002359
-6.803512	0.002362
-6.799585	0.002366
-6.795658	0.002369
-6.791731	0.002372
-6.787804	0.002375
-6.783877	0.002378
-6.779950	0.002381
-6.776023	0.002384
-6.772096	0.002388
-6.768169	0.002391
-6.764242	0.002394
-6.760315	0.002397
-6.756388	0.002400
-6.752461	0.002403
-6.748534	0.002407
-6.744607	0.002410
-6.740680	0.002413
-6.736753	0.002416
-6.732826	0.002419
-6.728899	0.002423
-6.724972	0.002426
-6.721045	0.002429
-6.717118	0.002432
-6.713191	0.002436
-6.709264	0.002439
-6.705337	0.002442
-6.701410	0.002446
-6.697483	0.002449
-6.693556	0.002452
-6.689629	0.002455
-6.685702	0.002459
-6.681775	0.002462
-6.677848	0.002465
-6.673921	0.002469
-6.669994	0.002472
-6.666067	0.002475
-6.662140	0.002479
-6.658213	0.002482
-6.654286	0.002485
-6.650359	0.002489
-6.646432	0.002492
-6.642505	0.002496
-6.638578	0.002499
-6.634651	0.002502
-6.630724	0.002506
-6.626797	0.002509
-6.622870	0.002513
-6.618943	0.002516
-6.615016	0.002520
-6.611089	0.002523
-6.607162	0.002526
-6.603235	0.002530
-6.599308	0.002533
-6.595381	0.002537
-6.591454	0.002540
-6.587527	0.002544
-6.583600	0.002547
-6.579673	0.002551
-6.575746	0.002554
-6.571819	0.002558
-6.567892	0.002561
-6.563965	0.002565
-6.560038	0.002568
-6.556111	0.002572
-6.552184	0.002576
-6.548257	0.002579
-6.544330	0.002583
-6.540403	0.002586
-6.536476	0.002590
-6.532549	0.002594
-6.528622	0.002597
-6.524695	0.002601
-6.520768	0.002604
-6.516841	0.002608
-6.512914	0.002612
-6.508987	0.002615
-6.505060	0.002619
-6.501133	0.002623
-6.497206	0.002626
-6.493279	0.002630
-6.489352	0.002634
-6.485425	0.002637
-6.481498	0.002641
-6.477571	0.002645
-6.473644	0.002648
-6.469717	0.002652
-6.465790	0.002656
-6.461863	0.002660
-6.457936	0.002663
-6.454009	0.002667
-6.450082	0.002671
-6.446155	0.002675
-6.442228	0.002678
-6.438301	0.002682
-6.434374	0.002686
-6.430447	0.002690
-6.426520	0.002694
-6.422593	0.002697
-6.418666	0.002701
-6.414739	0.002705
-6.410813	0.002709
-6.406886	0.002713
-6.402959	0.002717
-6.399032	0.002721
-6.395105	0.002725
-6.391178	0.002728
-6.387251	0.002732
-6.383324	0.002736
-6.379397	0.002740
-6.375470	0.002744
-6.371543	0.002748
-6.367616	0.002752
-6.363689	0.002756
-6.359762	0.002760
-6.355835	0.002764
-6.351908	0.002768
-6.347981	0.002772
-6.344054	0.002776
-6.340127	0.002780
-6.336200	0.002784
-6.332273	0.002788
-6.328346	0.002792
-6.324419	0.002796
-6.320492	0.002800
-6.316565	0.002804
-6.312638	0.002808
-6.308711	0.002812
-6.304784	0.002816
-6.300857	0.002820
-6.296930	0.002825
-6.293003	0.002829
-6.289076	0.002833
-6.285149	0.002837
-6.281222	0.002841
-6.277295	0.002845
-6.273368	0.002849
-6.269441	0.002854
-6.265514	0.002858
-6.261587	0.002862
-6.257660	0.002866
-6.253733	0.002870
-6.249806	0.002875
-6.245879	0.002879
-6.241952	0.002883
-6.238025	0.002887
-6.234098	0.002892
-6.230171	0.002896
-6.226244	0.002900
-6.222317	0.002904
-6.218390	0.002909
-6.214463	0.002913
-6.210536	0.002917
-6.206609	0.002922
-6.202682	0.002926
-6.198755	0.002930
-6.194828	0.002935
-6.190901	0.002939
-6.186974	0.002944
-6.183047	0.002948
-6.179120	0.002952
-6.175193	0.002957
-6.171266	0.002961
-6.167339	0.002966
-6.163412	0.002970
-6.159485	0.002975
-6.155558	0.002979
-6.151631	0.002983
-6.147704	0.002988
-6.143777	0.002992
-6.139850	0.002997
-6.135923	0.003002
-6.131996	0.003006
-6.128069	0.003011
-6.124142	0.003015
-6.120215	0.003020
-6.116288	0.003024
-6.112361	0.003029
-6.108434	0.003033
-6.104507	0.003038
-6.100580	0.003043
-6.096653	0.003047
-6.092726	0.003052
-6.088799	0.003057
-6.084872	0.003061
-6.080945	0.003066
-6.077018	0.003071
-6.073091	0.003075
-6.069164	0.003080
-6.065237	0.003085
-6.061310	0.003089
-6.057383	0.003094
-6.053456	0.003099
-6.049529	0.003104
-6.045602	0.003109
-6.041675	0.003113
-6.037748	0.003118
-6.033821	0.003123
-6.029894	0.003128
-6.025967	0.003133
-6.022040	0.003137
-6.018113	0.003142
-6.014186	0.003147
-6.010259	0.003152
-6.006332	0.003157
-6.002405	0.003162
-5.998478	0.003167
-5.994551	0.003172
-5.990624	0.003177
-5.986698	0.003182
-5.982771	0.003187
-5.978844	0.003192
-5.974917	0.003197
-5.970990	0.003202
-5.967063	0.003207
-5.963136	0.003212
-5.959209	0.003217
-5.955282	0.003222
-5.951355	0.003227
-5.947428	0.003232
-5.943501	0.003237
-5.939574	0.003242
-5.935647	0.003247
-5.931720	0.003252
-5.927793	0.003257
-5.923866	0.003263
-5.919939	0.003268
-5.916012	0.003273
-5.912085	0.003278
-5.908158	0.003283
-5.904231	0.003288
-5.900304	0.003294
-5.896377	0.003299
-5.892450	0.003304
-5.888523	0.003309
-5.884596	0.003315
-5.880669	0.003320
-5.876742	0.003325
-5.872815	0.003331
-5.868888	0.003336
-5.864961	0.003341
-5.861034	0.003347
-5.857107	0.003352
-5.853180	0.003358
-5.849253	0.003363
-5.845326	0.003368
-5.841399	0.003374
-5.837472	0.003379
-5.833545	0.003385
-5.829618	0.003390
-5.825691	0.003396
-5.821764	0.003401
-5.817837	0.003407
-5.813910	0.003412
-5.809983	0.003418
-5.806056	0.003423
-5.802129	0.003429
-5.798202	0.003434
-5.794275	0.003440
-5.790348	0.003446
-5.786421	0.003451
-5.782494	0.003457
-5.778567	0.003463
-5.774640	0.003468
-5.770713	0.003474
-5.766786	0.003480
-5.762859	0.003485
-5.758932	0.003491
-5.755005	0.003497
-5.751078	0.003503
-5.747151	0.003508
-5.743224	0.003514
-5.739297	0.003520
-5.735370	0.003526
-5.731443	0.003532
-5.727516	0.003538
-5.723589	0.003543
-5.719662	0.003549
-5.715735	0.003555
-5.711808	0.003561
-5.707881	0.003567
-5.703954	0.003573
-5.700027	0.003579
-5.696100	0.003585
-5.692173	0.003591
-5.688246	0.003597
-5.684319	0.003603
-5.680392	0.003609
-5.676465	0.003615
-5.672538	0.003621
-5.668611	0.003627
-5.664684	0.003633
-5.660757	0.003639
-5.656830	0.003646
-5.652903	0.003652
-5.648976	0.003658
-5.645049	0.003664
-5.641122	0.003670
-5.637195	0.003676
-5.633268	0.003683
-5.629341	0.003689
-5.625414	0.003695
-5.621487	0.003702
-5.617560	0.003708
-5.613633	0.003714
-5.609706	0.003720
-5.605779	0.003727
-5.601852	0.003733
-5.597925	0.003740
-5.593998	0.003746
-5.590071	0.003752
-5.586144	0.003759
-5.582217	0.003765
-5.578290	0.003772
-5.574363	0.003778
-5.570436	0.003785
-5.566509	0.003791
-5.562582	0.003798
-5.558656	0.003804
-5.554729	0.003811
-5.550802	0.003818
-5.546875	0.003824
-5.542948	0.003831
-5.539021	0.003838
-5.535094	0.003844
-5.531167	0.003851
-5.527240	0.003858
-5.523313	0.003864
-5.519386	0.003871
-5.515459	0.003878
-5.511532	0.003885
-5.507605	0.003891
-5.503678	0.003898
-5.499751	0.003905
-5.495824	0.003912
-5.491897	0.003919
-5.487970	0.003926
-5.484043	0.003933
-5.480116	0.003940
-5.476189	0.003947
-5.472262	0.003954
-5.468335	0.003961
-5.464408	0.003968
-5.460481	0.003975
-5.456554	0.003982
-5.452627	0.003989
-5.448700	0.003996
-5.444773	0.004003
-5.440846	0.004010
-5.436919	0.004017
-5.432992	0.004024
-5.429065	0.004032
-5.425138	0.004039
-5.421211	0.004046
-5.417284	0.004053
-5.413357	0.004061
-5.409430	0.004068
-5.405503	0.004075
-5.401576	0.004082
-5.397649	0.004090
-5.393722	0.004097
-5.389795	0.004105
-5.385868	0.004112
-5.381941	0.004120
-5.378014	0.004127
-5.374087	0.004134
-5.370160	0.004142
-5.366233	0.004149
-5.362306	0.004157
-5.358379	0.004165
-5.354452	0.004172
-5.350525	0.004180
-5.346598	0.004187
-5.342671	0.004195
-5.338744	0.004203
-5.334817	0.004211
-5.330890	0.004218
-5.326963	0.004226
-5.323036	0.004234
-5.319109	0.004242
-5.315182	0.004249
-5.311255	0.004257
-5.307328	0.004265
-5.303401	0.004273
-5.299474	0.004281
-5.295547	0.004289
-5.291620	0.004297
-5.287693	0.004305
-5.283766	0.004313
-5.279839	0.004321
-5.275912	0.004329
-5.271985	0.004337
-5.268058	0.004345
-5.264131	0.004353
-5.260204	0.004361
-5.256277	0.004369
-5.252350	0.004378
-5.248423	0.004386
-5.244496	0.004394
-5.240569	0.004402
-5.236642	0.004411
-5.232715	0.004419
-5.228788	0.004427
-5.224861	0.004436
-5.220934	0.004444
-5.217007	0.004453
-5.213080	0.004461
-5.209153	0.004470
-5.205226	0.004478
-5.201299	0.004487
-5.197372	0.004495
-5.193445	0.004504
-5.189518	0.004512
-5.185591	0.004521
-5.181664	0.004530
-5.177737	0.004538
-5.173810	0.004547
-5.169883	0.004556
-5.165956	0.004564
-5.162029	0.004573
-5.158102	0.004582
-5.154175	0.004591
-5.150248	0.004600
-5.146321	0.004609
-5.142394	0.004618
-5.138467	0.004626
-5.134540	0.004635
-5.130614	0.004644
-5.126687	0.004653
-5.122760	0.004663
-5.118833	0.004672
-5.114906	0.004681
-5.110979	0.004690
-5.107052	0.004699
-5.103125	0.004708
-5.099198	0.004718
-5.095271	0.004727
-5.091344	0.004736
-5.087417	0.004745
-5.083490	0.004755
-5.079563	0.004764
-5.075636	0.004774
-5.071709	0.004783
-5.067782	0.004792
-5.063855	0.004802
-5.059928	0.004811
-5.056001	0.004821
-5.052074	0.004831
-5.048147	0.004840
-5.044220	0.004850
-5.040293	0.004860
-5.036366	0.004869
-5.032439	0.004879
-5.028512	0.004889
-5.024585	0.004899
-5.020658	0.004908
-5.016731	0.004918
-5.012804	0.004928
-5.008877	0.004938
-5.004950	0.004948
-5.001023	0.004958
-4.997096	0.004968
-4.993169	0.004978
-4.989242	0.004988
-4.985315	0.004998
-4.981388	0.005008
-4.977461	0.005019
-4.973534	0.005029
-4.969607	0.005039
-4.965680	0.005049
-4.961753	0.005060
-4.957826	0.005070
-4.953899	0.005080
-4.949972	0.005091
-4.946045	0.005101
-4.942118	0.005112
-4.938191	0.005122
-4.934264	0.005133
-4.930337	0.005144
-4.926410	0.005154
-4.922483	0.005165
-4.918556	0.005176
-4.914629	0.005186
-4.910702	0.005197
-4.906775	0.005208
-4.902848	0.005219
-4.898921	0.005230
-4.894994	0.005240
-4.891067	0.005251
-4.887140	0.005262
-4.883213	0.005273
-4.879286	0.005284
-4.875359	0.005296
-4.871432	0.005307
-4.867505	0.005318
-4.863578	0.005329
-4.859651	0.005340
-4.855724	0.005352
-4.851797	0.005363
-4.847870	0.005374
-4.843943	0.005386
-4.840016	0.005397
-4.836089	0.005409
-4.832162	0.005420
-4.828235	0.005432
-4.824308	0.005443
-4.820381	0.005455
-4.816454	0.005467
-4.812527	0.005478
-4.808600	0.005490
-4.804673	0.005502
-4.800746	0.005514
-4.796819	0.005526
-4.792892	0.005538
-4.788965	0.005550
-4.785038	0.005562
-4.781111	0.005574
-4.777184	0.005586
-4.773257	0.005598
-4.769330	0.005610
-4.765403	0.005622
-4.761476	0.005634
-4.757549	0.005647
-4.753622	0.005659
-4.749695	0.005671
-4.745768	0.005684
-4.741841	0.005696
-4.737914	0.005709
-4.733987	0.005721
-4.730060	0.005734
-4.726133	0.005747
-4.722206	0.005759
-4.718279	0.005772
-4.714352	0.005785
-4.710425	0.005798
-4.706498	0.005811
-4.702572	0.005824
-4.698645	0.005836
-4.694718	0.005850
-4.690791	0.005863
-4.686864	0.005876
-4.682937	0.005889
-4.679010	0.005902
-4.675083	0.005915
-4.671156	0.005929
-4.667229	0.005942
-4.663302	0.005955
-4.659375	0.005969
-4.655448	0.005982
-4.651521	0.005996
-4.647594	0.006009
-4.643667	0.006023
-4.639740	0.006037
-4.635813	0.006050
-4.631886	0.006064
-4.627959	0.006078
-4.624032	0.006092
-4.620105	0.006106
-4.616178	0.006120
-4.612251	0.006134
-4.608324	0.006148
-4.604397	0.006162
-4.600470	0.006176
-4.596543	0.006191
-4.592616	0.006205
-4.588689	0.006219
-4.584762	0.006234
-4.580835	0.006248
-4.576908	0.006263
-4.572981	0.006277
-4.569054	0.006292
-4.565127	0.006307
-4.561200	0.006321
-4.557273	0.006336
-4.553346	0.006351
-4.549419	0.006366
-4.545492	0.006381
-4.541565	0.006396
-4.537638	0.006411
-4.533711	0.006426
-4.529784	0.006441
-4.525857	0.006456
-4.521930	0.006472
-4.518003	0.006487
-4.514076	0.006503
-4.510149	0.006518
-4.506222	0.006534
-4.502295	0.006549
-4.498368	0.006565
-4.494441	0.006581
-4.490514	0.006596
-4.486587	0.006612
-4.482660	0.006628
-4.478733	0.006644
-4.474806	0.006660
-4.470879	0.006676
-4.466952	0.006692
-4.463025	0.006709
-4.459098	0.006725
-4.455171	0.006741
-4.451244	0.006758
-4.447317	0.006774
-4.443390	0.006791
-4.439463	0.006807
-4.435536	0.006824
-4.431609	0.006841
-4.427682	0.006857
-4.423755	0.006874
-4.419828	0.006891
-4.415901	0.006908
-4.411974	0.006925
-4.408047	0.006942
-4.404120	0.006960
-4.400193	0.006977
-4.396266	0.006994
-4.392339	0.007012
-4.388412	0.007029
-4.384485	0.007047
-4.380558	0.007064
-4.376631	0.007082
-4.372704	0.007100
-4.368777	0.007118
-4.364850	0.007136
-4.360923	0.007154
-4.356996	0.007172
-4.353069	0.007190
-4.349142	0.007208
-4.345215	0.007226
-4.341288	0.007245
-4.337361	0.007263
-4.333434	0.007282
-4.329507	0.007300
-4.325580	0.007319
-4.321653	0.007338
-4.317726	0.007356
-4.313799	0.007375
-4.309872	0.007394
-4.305945	0.007413
-4.302018	0.007432
-4.298091	0.007452
-4.294164	0.007471
-4.290237	0.007490
-4.286310	0.007510
-4.282383	0.007529
-4.278456	0.007549
-4.274530	0.007569
-4.270603	0.007588
-4.266676	0.007608
-4.262749	0.007628
-4.258822	0.007648
-4.254895	0.007668
-4.250968	0.007689
-4.247041	0.007709
-4.243114	0.007729
-4.239187	0.007750
-4.235260	0.007770
-4.231333	0.007791
-4.227406	0.007812
-4.223479	0.007833
-4.219552	0.007854
-4.215625	0.007875
-4.211698	0.007896
-4.207771	0.007917
-4.203844	0.007938
-4.199917	0.007960
-4.195990	0.007981
-4.192063	0.008003
-4.188136	0.008024
-4.184209	0.008046
-4.180282	0.008068
-4.176355	0.008090
-4.172428	0.008112
-4.168501	0.008134
-4.164574	0.008156
-4.160647	0.008179
-4.156720	0.008201
-4.152793	0.008223
-4.148866	0.008246
-4.144939	0.008269
-4.141012	0.008292
-4.137085	0.008315
-4.133158	0.008338
-4.129231	0.008361
-4.125304	0.008384
-4.121377	0.008407
-4.117450	0.008431
-4.113523	0.008455
-4.109596	0.008478
-4.105669	0.008502
-4.101742	0.008526
-4.097815	0.008550
-4.093888	0.008574
-4.089961	0.008598
-4.086034	0.008623
-4.082107	0.008647
-4.078180	0.008672
-4.074253	0.008696
-4.070326	0.008721
-4.066399	0.008746
-4.062472	0.008771
-4.058545	0.008796
-4.054618	0.008821
-4.050691	0.008847
-4.046764	0.008872
-4.042837	0.008898
-4.038910	0.008924
-4.034983	0.008949
-4.031056	0.008975
-4.027129	0.009002
-4.023202	0.009028
-4.019275	0.009054
-4.015348	0.009081
-4.011421	0.009107
-4.007494	0.009134
-4.003567	0.009161
-3.999640	0.009188
-3.995713	0.009215
-3.991786	0.009242
-3.987859	0.009270
-3.983932	0.009297
-3.980005	0.009325
-3.976078	0.009352
-3.972151	0.009380
-3.968224	0.009408
-3.964297	0.009437
-3.960370	0.009465
-3.956443	0.009493
-3.952516	0.009522
-3.948589	0.009551
-3.944662	0.009580
-3.940735	0.009609
-3.936808	0.009638
-3.932881	0.009667
-3.928954	0.009697
-3.925027	0.009726
-3.921100	0.009756
-3.917173	0.009786
-3.913246	0.009816
-3.909319	0.009846
-3.905392	0.009877
-3.901465	0.009907
-3.897538	0.009938
-3.893611	0.009969
-3.889684	0.010000
-3.885757	0.010031
-3.881830	0.010062
-3.877903	0.010093
-3.873976	0.010125
-3.870049	0.010157
-3.866122	0.010189
-3.862195	0.010221
-3.858268	0.010253
-3.854341	0.010286
-3.850414	0.010318
-3.846488	0.010351
-3.842561	0.010384
-3.838634	0.010417
-3.834707	0.010450
-3.830780	0.010484
-3.826853	0.010517
-3.822926	0.010551
-3.818999	0.010585
-3.815072	0.010619
-3.811145	0.010654
-3.807218	0.010688
-3.803291	0.010723
-3.799364	0.010758
-3.795437	0.010793
-3.791510	0.010828
-3.787583	0.010864
-3.783656	0.010899
-3.779729	0.010935
-3.775802	0.010971
-3.771875	0.011008
-3.767948	0.011044
-3.764021	0.011081
-3.760094	0.011118
-3.756167	0.011155
-3.752240	0.011192
-3.748313	0.011229
-3.744386	0.011267
-3.740459	0.011305
-3.736532	0.011343
-3.732605	0.011381
-3.728678	0.011420
-3.724751	0.011458
-3.720824	0.011497
-3.716897	0.011536
-3.712970	0.011576
-3.709043	0.011615
-3.705116	0.011655
-3.701189	0.011695
-3.697262	0.011735
-3.693335	0.011776
-3.689408	0.011817
-3.685481	0.011858
-3.681554	0.011899
-3.677627	0.011940
-3.673700	0.011982
-3.669773	0.012024
-3.665846	0.012066
-3.661919	0.012108
-3.657992	0.012151
-3.654065	0.012194
-3.650138	0.012237
-3.646211	0.012280
-3.642284	0.012324
-3.638357	0.012368
-3.634430	0.012412
-3.630503	0.012456
-3.626576	0.012501
-3.622649	0.012546
-3.618722	0.012591
-3.614795	0.012636
-3.610868	0.012682
-3.606941	0.012728
-3.603014	0.012774
-3.599087	0.012821
-3.595160	0.012868
-3.591233	0.012915
-3.587306	0.012962
-3.583379	0.013010
-3.579452	0.013058
-3.575525	0.013106
-3.571598	0.013155
-3.567671	0.013204
-3.563744	0.013253
-3.559817	0.013302
-3.555890	0.013352
-3.551963	0.013402
-3.548036	0.013453
-3.544109	0.013503
-3.540182	0.013554
-3.536255	0.013606
-3.532328	0.013657
-3.528401	0.013709
-3.524474	0.013762
-3.520547	0.013814
-3.516620	0.013867
-3.512693	0.013920
-3.508766	0.013974
-3.504839	0.014028
-3.500912	0.014082
-3.496985	0.014137
-3.493058	0.014192
-3.489131	0.014247
-3.485204	0.014303
-3.481277	0.014359
-3.477350	0.014416
-3.473423	0.014473
-3.469496	0.014530
-3.465569	0.014587
-3.461642	0.014645
-3.457715	0.014704
-3.453788	0.014762
-3.449861	0.014822
-3.445934	0.014881
-3.442007	0.014941
-3.438080	0.015001
-3.434153	0.015062
-3.430226	0.015123
-3.426299	0.015185
-3.422372	0.015247
-3.418446	0.015309
-3.414519	0.015372
-3.410592	0.015435
-3.406665	0.015499
-3.402738	0.015563
-3.398811	0.015627
-3.394884	0.015692
-3.390957	0.015757
-3.387030	0.015823
-3.383103	0.015890
-3.379176	0.015956
-3.375249	0.016024
-3.371322	0.016091
-3.367395	0.016160
-3.363468	0.016228
-3.359541	0.016297
-3.355614	0.016367
-3.351687	0.016437
-3.347760	0.016508
-3.343833	0.016579
-3.339906	0.016651
-3.335979	0.016723
-3.332052	0.016795
-3.328125	0.016869
-3.324198	0.016942
-3.320271	0.017017
-3.316344	0.017092
-3.312417	0.017167
-3.308490	0.017243
-3.304563	0.017319
-3.300636	0.017396
-3.296709	0.017474
-3.292782	0.017552
-3.288855	0.017631
-3.284928	0.017710
-3.281001	0.017790
-3.277074	0.017871
-3.273147	0.017952
-3.269220	0.018034
-3.265293	0.018116
-3.261366	0.018199
-3.257439	0.018283
-3.253512	0.018367
-3.249585	0.018452
-3.245658	0.018538
-3.241731	0.018624
-3.237804	0.018711
-3.233877	0.018799
-3.229950	0.018887
-3.226023	0.018976
-3.222096	0.019066
-3.218169	0.019156
-3.214242	0.019247
-3.210315	0.019339
-3.206388	0.019431
-3.202461	0.019525
-3.198534	0.019619
-3.194607	0.019714
-3.190680	0.019809
-3.186753	0.019906
-3.182826	0.020003
-3.178899	0.020101
-3.174972	0.020199
-3.171045	0.020299
-3.167118	0.020399
-3.163191	0.020500
-3.159264	0.020602
-3.155337	0.020705
-3.151410	0.020809
-3.147483	0.020914
-3.143556	0.021019
-3.139629	0.021125
-3.135702	0.021233
-3.131775	0.021341
-3.127848	0.021450
-3.123921	0.021560
-3.119994	0.021671
-3.116067	0.021783
-3.112140	0.021896
-3.108213	0.022010
-3.104286	0.022125
-3.100359	0.022240
-3.096432	0.022357
-3.092505	0.022475
-3.088578	0.022594
-3.084651	0.022714
-3.080724	0.022835
-3.076797	0.022957
-3.072870	0.023081
-3.068943	0.023205
-3.065016	0.023331
-3.061089	0.023457
-3.057162	0.023585
-3.053235	0.023714
-3.049308	0.023844
-3.045381	0.023975
-3.041454	0.024108
-3.037527	0.024242
-3.033600	0.024377
-3.029673	0.024513
-3.025746	0.024650
-3.021819	0.024789
-3.017892	0.024929
-3.013965	0.025071
-3.010038	0.025214
-3.006111	0.025358
-3.002184	0.025504
-2.998257	0.025650
-2.994330	0.025799
-2.990404	0.025949
-2.986477	0.026100
-2.982550	0.026253
-2.978623	0.026407
-2.974696	0.026563
-2.970769	0.026720
-2.966842	0.026879
-2.962915	0.027040
-2.958988	0.027202
-2.955061	0.027366
-2.951134	0.027531
-2.947207	0.027698
-2.943280	0.027867
-2.939353	0.028037
-2.935426	0.028210
-2.931499	0.028384
-2.927572	0.028560
-2.923645	0.028737
-2.919718	0.028917
-2.915791	0.029098
-2.911864	0.029282
-2.907937	0.029467
-2.904010	0.029654
-2.900083	0.029844
-2.896156	0.030035
-2.892229	0.030228
-2.888302	0.030424
-2.884375	0.030621
-2.880448	0.030821
-2.876521	0.031023
-2.872594	0.031227
-2.868667	0.031434
-2.864740	0.031642
-2.860813	0.031853
-2.856886	0.032067
-2.852959	0.032283
-2.849032	0.032501
-2.845105	0.032722
-2.841178	0.032945
-2.837251	0.033171
-2.833324	0.033400
-2.829397	0.033631
-2.825470	0.033865
-2.821543	0.034101
-2.817616	0.034341
-2.813689	0.034583
-2.809762	0.034828
-2.805835	0.035076
-2.801908	0.035327
-2.797981	0.035581
-2.794054	0.035838
-2.790127	0.036098
-2.786200	0.036362
-2.782273	0.036628
-2.778346	0.036898
-2.774419	0.037172
-2.770492	0.037449
-2.766565	0.037729
-2.762638	0.038013
-2.758711	0.038300
-2.754784	0.038591
-2.750857	0.038886
-2.746930	0.039184
-2.743003	0.039487
-2.739076	0.039793
-2.735149	0.040104
-2.731222	0.040418
-2.727295	0.040737
-2.723368	0.041060
-2.719441	0.041387
-2.715514	0.041719
-2.711587	0.042055
-2.707660	0.042395
-2.703733	0.042741
-2.699806	0.043091
-2.695879	0.043446
-2.691952	0.043806
-2.688025	0.044171
-2.684098	0.044541
-2.680171	0.044916
-2.676244	0.045297
-2.672317	0.045683
-2.668390	0.046075
-2.664463	0.046472
-2.660536	0.046876
-2.656609	0.047285
-2.652682	0.047700
-2.648755	0.048121
-2.644828	0.048549
-2.640901	0.048983
-2.636974	0.049424
-2.633047	0.049871
-2.629120	0.050325
-2.625193	0.050786
-2.621266	0.051255
-2.617339	0.051730
-2.613412	0.052214
-2.609485	0.052704
-2.605558	0.053203
-2.601631	0.053709
-2.597704	0.054224
-2.593777	0.054747
-2.589850	0.055279
-2.585923	0.055819
-2.581996	0.056369
-2.578069	0.056927
-2.574142	0.057495
-2.570215	0.058072
-2.566288	0.058660
-2.562362	0.059257
-2.558435	0.059865
-2.554508	0.060483
-2.550581	0.061112
-2.546654	0.061752
-2.542727	0.062403
-2.538800	0.063066
-2.534873	0.063741
-2.530946	0.064429
-2.527019	0.065128
-2.523092	0.065841
-2.519165	0.066567
-2.515238	0.067306
-2.511311	0.068060
-2.507384	0.068827
-2.503457	0.069610
-2.499530	0.070407
-2.495603	0.071220
-2.491676	0.072049
-2.487749	0.072894
-2.483822	0.073756
-2.479895	0.074635
-2.475968	0.075532
-2.472041	0.076448
-2.468114	0.077382
-2.464187	0.078335
-2.460260	0.079309
-2.456333	0.080302
-2.452406	0.081317
-2.448479	0.082354
-2.444552	0.083413
-2.440625	0.084495
-2.436698	0.085601
-2.432771	0.086732
-2.428844	0.087888
-2.424917	0.089070
-2.420990	0.090279
-2.417063	0.091515
-2.413136	0.092781
-2.409209	0.094076
-2.405282	0.095402
-2.401355	0.096759
-2.397428	0.098149
-2.393501	0.099573
-2.389574	0.101032
-2.385647	0.102527
-2.381720	0.104060
-2.377793	0.105632
-2.373866	0.107244
-2.369939	0.108897
-2.366012	0.110594
-2.362085	0.112335
-2.358158	0.114123
-2.354231	0.115959
-2.350304	0.117845
-2.346377	0.119784
-2.342450	0.121776
-2.338523	0.123824
-2.334596	0.125931
-2.330669	0.128098
-2.326742	0.130328
-2.322815	0.132624
-2.318888	0.134989
-2.314961	0.137425
-2.311034	0.139936
-2.307107	0.142524
-2.303180	0.145193
-2.299253	0.147946
-2.295326	0.150788
-2.291399	0.153723
-2.287472	0.156754
-2.283545	0.159886
-2.279618	0.163123
-2.275691	0.166472
-2.271764	0.169937
-2.267837	0.173523
-2.263910	0.177237
-2.259983	0.181086
-2.256056	0.185076
-2.252129	0.189214
-2.248202	0.193508
-2.244275	0.197967
-2.240348	0.202599
-2.236421	0.207414
-2.232494	0.212421
-2.228567	0.217632
-2.224640	0.223059
-2.220713	0.228713
-2.216786	0.234608
-2.212859	0.240759
-2.208932	0.247182
-2.205005	0.253892
-2.201078	0.260908
-2.197151	0.268249
-2.193224	0.275937
-2.189297	0.283994
-2.185370	0.292445
-2.181443	0.301317
-2.177516	0.310639
-2.173589	0.320443
-2.169662	0.330763
-2.165735	0.341638
-2.161808	0.353108
-2.157881	0.365219
-2.153954	0.378020
-2.150027	0.391565
-2.146100	0.405915
-2.142173	0.421133
-2.138246	0.437294
-2.134320	0.454476
-2.130393	0.472768
-2.126466	0.492267
-2.122539	0.513081
-2.118612	0.535330
-2.114685	0.559146
-2.110758	0.584678
-2.106831	0.612090
-2.102904	0.641565
-2.098977	0.673307
-2.095050	0.707542
-2.091123	0.744522
-2.087196	0.784529
-2.083269	0.827872
-2.079342	0.874897
-2.075415	0.925982
-2.071488	0.981542
-2.067561	1.042028
-2.063634	1.107924
-2.059707	1.179739
-2.055780	1.258003
-2.051853	1.343242
-2.047926	1.435955
-2.043999	1.536577
-2.040072	1.645424
-2.036145	1.762624
-2.032218	1.888035
-2.028291	2.021140
-2.024364	2.160947
-2.020437	2.305903
-2.016510	2.453834
-2.012583	2.601966
-2.008656	2.747033
-2.004729	2.885484
-2.000802	3.013792
-1.996875	3.128794
-1.992948	3.228005
-1.989021	3.309842
-1.985094	3.373704
-1.981167	3.419915
-1.977240	3.449553
-1.973313	3.464227
-1.969386	3.465846
-1.965459	3.456419
-1.961532	3.437903
-1.957605	3.412107
-1.953678	3.380634
-1.949751	3.344865
-1.945824	3.305958
-1.941897	3.264869
-1.937970	3.222371
-1.934043	3.179082
-1.930116	3.135490
-1.926189	3.091973
-1.922262	3.048823
-1.918335	3.006259
-1.914408	2.964446
-1.910481	2.923500
-1.906554	2.883503
-1.902627	2.844510
-1.898700	2.806554
-1.894773	2.769648
-1.890846	2.733795
-1.886919	2.698988
-1.882992	2.665211
-1.879065	2.632444
-1.875138	2.600663
-1.871211	2.569840
-1.867284	2.539946
-1.863357	2.510951
-1.859430	2.482824
-1.855503	2.455534
-1.851576	2.429051
-1.847649	2.403345
-1.843722	2.378386
-1.839795	2.354147
-1.835868	2.330598
-1.831941	2.307713
-1.828014	2.285467
-1.824087	2.263835
-1.820160	2.242792
-1.816233	2.222317
-1.812306	2.202386
-1.808379	2.182980
-1.804452	2.164078
-1.800525	2.145662
-1.796598	2.127712
-1.792671	2.110211
-1.788744	2.093144
-1.784817	2.076493
-1.780890	2.060244
-1.776963	2.044382
-1.773036	2.028894
-1.769109	2.013766
-1.765182	1.998985
-1.761255	1.984540
-1.757328	1.970419
-1.753401	1.956611
-1.749474	1.943105
-1.745547	1.929892
-1.741620	1.916961
-1.737693	1.904304
-1.733766	1.891911
-1.729839	1.879775
-1.725912	1.867886
-1.721985	1.856238
-1.718058	1.844822
-1.714131	1.833633
-1.710205	1.822662
-1.706278	1.811903
-1.702351	1.801350
-1.698424	1.790997
-1.694497	1.780838
-1.690570	1.770867
-1.686643	1.761080
-1.682716	1.751470
-1.678789	1.742033
-1.674862	1.732764
-1.670935	1.723659
-1.667008	1.714712
-1.663081	1.705921
-1.659154	1.697280
-1.655227	1.688785
-1.651300	1.680433
-1.647373	1.672220
-1.643446	1.664143
-1.639519	1.656198
-1.635592	1.648381
-1.631665	1.640690
-1.627738	1.633121
-1.623811	1.625671
-1.619884	1.618338
-1.615957	1.611119
-1.612030	1.604011
-1.608103	1.597011
-1.604176	1.590116
-1.600249	1.583325
-1.596322	1.576635
-1.592395	1.570044
-1.588468	1.563548
-1.584541	1.557148
-1.580614	1.550839
-1.576687	1.544620
-1.572760	1.538490
-1.568833	1.532445
-1.564906	1.526485
-1.560979	1.520608
-1.557052	1.514811
-1.553125	1.509093
-1.549198	1.503453
-1.545271	1.497888
-1.541344	1.492398
-1.537417	1.486981
-1.533490	1.481635
-1.529563	1.476359
-1.525636	1.471151
-1.521709	1.466010
-1.517782	1.460935
-1.513855	1.455925
-1.509928	1.450978
-1.506001	1.446093
-1.502074	1.441269
-1.498147	1.436505
-1.494220	1.431799
-1.490293	1.427151
-1.486366	1.422559
-1.482439	1.418023
-1.478512	1.413541
-1.474585	1.409112
-1.470658	1.404736
-1.466731	1.400412
-1.462804	1.396138
-1.458877	1.391914
-1.454950	1.387739
-1.451023	1.383612
-1.447096	1.379532
-1.443169	1.375498
-1.439242	1.371510
-1.435315	1.367567
-1.431388	1.363668
-1.427461	1.359813
-1.423534	1.356000
-1.419607	1.352228
-1.415680	1.348499
-1.411753	1.344809
-1.407826	1.341160
-1.403899	1.337550
-1.399972	1.333979
-1.396045	1.330446
-1.392118	1.326950
-1.388191	1.323491
-1.384264	1.320068
-1.380337	1.316682
-1.376410	1.313330
-1.372483	1.310013
-1.368556	1.306730
-1.364629	1.303481
-1.360702	1.300265
-1.356775	1.297082
-1.352848	1.293931
-1.348921	1.290811
-1.344994	1.287723
-1.341067	1.284666
-1.337140	1.281638
-1.333213	1.278641
-1.329286	1.275673
-1.325359	1.272735
-1.321432	1.269825
-1.317505	1.266943
-1.313578	1.264089
-1.309651	1.261263
-1.305724	1.258464
-1.301797	1.255691
-1.297870	1.252945
-1.293943	1.250225
-1.290016	1.247530
-1.286089	1.244861
-1.282163	1.242217
-1.278236	1.239597
-1.274309	1.237002
-1.270382	1.234431
-1.266455	1.231884
-1.262528	1.229360
-1.258601	1.226859
-1.254674	1.224381
-1.250747	1.221925
-1.246820	1.219492
-1.242893	1.217081
-1.238966	1.214691
-1.235039	1.212323
-1.231112	1.209976
-1.227185	1.207650
-1.223258	1.205344
-1.219331	1.203059
-1.215404	1.200794
-1.211477	1.198549
-1.207550	1.196324
-1.203623	1.194118
-1.199696	1.191931
-1.195769	1.189764
-1.191842	1.187615
-1.187915	1.185484
-1.183988	1.183372
-1.180061	1.181278
-1.176134	1.179202
-1.172207	1.177144
-1.168280	1.175103
-1.164353	1.173079
-1.160426	1.171073
-1.156499	1.169083
-1.152572	1.167111
-1.148645	1.165155
-1.144718	1.163215
-1.140791	1.161291
-1.136864	1.159384
-1.132937	1.157492
-1.129010	1.155616
-1.125083	1.153755
-1.121156	1.151910
-1.117229	1.150080
-1.113302	1.148265
-1.109375	1.146465
-1.105448	1.144679
-1.101521	1.142909
-1.097594	1.141152
-1.093667	1.139410
-1.089740	1.137682
-1.085813	1.135968
-1.081886	1.134268
-1.077959	1.132581
-1.074032	1.130908
-1.070105	1.129248
-1.066178	1.127602
-1.062251	1.125969
-1.058324	1.124349
-1.054397	1.122742
-1.050470	1.121147
-1.046543	1.119565
-1.042616	1.117996
-1.038689	1.116439
-1.034762	1.114895
-1.030835	1.113362
-1.026908	1.111842
-1.022981	1.110334
-1.019054	1.108837
-1.015127	1.107352
-1.011200	1.105879
-1.007273	1.104418
-1.003346	1.102967
-0.999419	1.101528
-0.995492	1.100101
-0.991565	1.098684
-0.987638	1.097278
-0.983711	1.095884
-0.979784	1.094500
-0.975857	1.093126
-0.971930	1.091764
-0.968003	1.090412
-0.964076	1.089070
-0.960149	1.087739
-0.956222	1.086418
-0.952295	1.085107
-0.948368	1.083806
-0.944441	1.082515
-0.940514	1.081234
-0.936587	1.079963
-0.932660	1.078702
-0.928733	1.077450
-0.924806	1.076208
-0.920879	1.074976
-0.916952	1.073753
-0.913025	1.072539
-0.909098	1.071334
-0.905171	1.070139
-0.901244	1.068953
-0.897317	1.067776
-0.893390	1.066607
-0.889463	1.065448
-0.885536	1.064298
-0.881609	1.063156
-0.877682	1.062023
-0.873755	1.060899
-0.869828	1.059783
-0.865901	1.058676
-0.861974	1.057577
-0.858047	1.056487
-0.854121	1.055405
-0.850194	1.054331
-0.846267	1.053265
-0.842340	1.052207
-0.838413	1.051158
-0.834486	1.050116
-0.830559	1.049083
-0.826632	1.048057
-0.822705	1.047039
-0.818778	1.046029
-0.814851	1.045027
-0.810924	1.044032
-0.806997	1.043045
-0.803070	1.042066
-0.799143	1.041094
-0.795216	1.040129
-0.791289	1.039172
-0.787362	1.038222
-0.783435	1.037280
-0.779508	1.036344
-0.775581	1.035416
-0.771654	1.034495
-0.767727	1.033582
-0.763800	1.032675
-0.759873	1.031775
-0.755946	1.030882
-0.752019	1.029996
-0.748092	1.029117
-0.744165	1.028245
-0.740238	1.027380
-0.736311	1.026521
-0.732384	1.025669
-0.728457	1.024824
-0.724530	1.023985
-0.720603	1.023153
-0.716676	1.022327
-0.712749	1.021508
-0.708822	1.020695
-0.704895	1.019889
-0.700968	1.019089
-0.697041	1.018296
-0.693114	1.017508
-0.689187	1.016727
-0.685260	1.015952
-0.681333	1.015184
-0.677406	1.014421
-0.673479	1.013665
-0.669552	1.012914
-0.665625	1.012170
-0.661698	1.011432
-0.657771	1.010699
-0.653844	1.009973
-0.649917	1.009252
-0.645990	1.008537
-0.642063	1.007829
-0.638136	1.007125
-0.634209	1.006428
-0.630282	1.005737
-0.626355	1.005051
-0.622428	1.004371
-0.618501	1.003696
-0.614574	1.003027
-0.610647	1.002364
-0.606720	1.001706
-0.602793	1.001053
-0.598866	1.000407
-0.594939	0.999765
-0.591012	0.999129
-0.587085	0.998499
-0.583158	0.997874
-0.579231	0.997254
-0.575304	0.996640
-0.571377	0.996030
-0.567450	0.995427
-0.563523	0.994828
-0.559596	0.994235
-0.555669	0.993646
-0.551742	0.993063
-0.547815	0.992485
-0.543888	0.991913
-0.539961	0.991345
-0.536034	0.990782
-0.532107	0.990225
-0.528180	0.989672
-0.524253	0.989125
-0.520326	0.988582
-0.516399	0.988045
-0.512472	0.987512
-0.508545	0.986984
-0.504618	0.986462
-0.500691	0.985944
-0.496764	0.985430
-0.492837	0.984922
-0.488910	0.984419
-0.484983	0.983920
-0.481056	0.983426
-0.477129	0.982937
-0.473202	0.982452
-0.469275	0.981973
-0.465348	0.981498
-0.461421	0.981027
-0.457494	0.980562
-0.453567	0.980101
-0.449640	0.979644
-0.445713	0.979192
-0.441786	0.978745
-0.437859	0.978302
-0.433932	0.977864
-0.430005	0.977430
-0.426079	0.977001
-0.422152	0.976576
-0.418225	0.976156
-0.414298	0.975740
-0.410371	0.975329
-0.406444	0.974922
-0.402517	0.974520
-0.398590	0.974122
-0.394663	0.973728
-0.390736	0.973339
-0.386809	0.972954
-0.382882	0.972573
-0.378955	0.972197
-0.375028	0.971825
-0.371101	0.971457
-0.367174	0.971094
-0.363247	0.970735
-0.359320	0.970380
-0.355393	0.970029
-0.351466	0.969683
-0.347539	0.969341
-0.343612	0.969003
-0.339685	0.968669
-0.335758	0.968339
-0.331831	0.968014
-0.327904	0.967692
-0.323977	0.967375
-0.320050	0.967062
-0.316123	0.966753
-0.312196	0.966448
-0.308269	0.966147
-0.304342	0.965851
-0.300415	0.965558
-0.296488	0.965270
-0.292561	0.964985
-0.288634	0.964705
-0.284707	0.964428
-0.280780	0.964156
-0.276853	0.963887
-0.272926	0.963623
-0.268999	0.963363
-0.265072	0.963106
-0.261145	0.962854
-0.257218	0.962605
-0.253291	0.962361
-0.249364	0.962120
-0.245437	0.961883
-0.241510	0.961651
-0.237583	0.961422
-0.233656	0.961197
-0.229729	0.960976
-0.225802	0.960759
-0.221875	0.960545
-0.217948	0.960336
-0.214021	0.960131
-0.210094	0.959929
-0.206167	0.959731
-0.202240	0.959537
-0.198313	0.959347
-0.194386	0.959161
-0.190459	0.958979
-0.186532	0.958800
-0.182605	0.958625
-0.178678	0.958454
-0.174751	0.958287
-0.170824	0.958124
-0.166897	0.957964
-0.162970	0.957809
-0.159043	0.957657
-0.155116	0.957508
-0.151189	0.957364
-0.147262	0.957223
-0.143335	0.957086
-0.139408	0.956953
-0.135481	0.956824
-0.131554	0.956698
-0.127627	0.956576
-0.123700	0.956458
-0.119773	0.956344
-0.115846	0.956233
-0.111919	0.956126
-0.107992	0.956023
-0.104065	0.955923
-0.100138	0.955827
-0.096211	0.955735
-0.092284	0.955647
-0.088357	0.955562
-0.084430	0.955481
-0.080503	0.955404
-0.076576	0.955330
-0.072649	0.955260
-0.068722	0.955194
-0.064795	0.955132
-0.060868	0.955073
-0.056941	0.955018
-0.053014	0.954966
-0.049087	0.954918
-0.045160	0.954874
-0.041233	0.954834
-0.037306	0.954797
-0.033379	0.954764
-0.029452	0.954735
-0.025525	0.954709
-0.021598	0.954687
-0.017671	0.954669
-0.013744	0.954654
-0.009817	0.954643
-0.005890	0.954636
-0.001963	0.954632
0.001963	0.954632
0.005890	0.954635
0.009817	0.954643
0.013744	0.954654
0.017671	0.954669
0.021598	0.954687
0.025525	0.954709
0.029452	0.954735
0.033379	0.954764
0.037306	0.954797
0.041233	0.954834
0.045160	0.954874
0.049087	0.954918
0.053014	0.954966
0.056941	0.955017
0.060868	0.955073
0.064795	0.955131
0.068722	0.955194
0.072649	0.955260
0.076576	0.955330
0.080503	0.955404
0.084430	0.955481
0.088357	0.955562
0.092284	0.955647
0.096211	0.955735
0.100138	0.955827
0.104065	0.955923
0.107992	0.956023
0.111919	0.956126
0.115846	0.956233
0.119773	0.956343
0.123700	0.956458
0.127627	0.956576
0.131554	0.956698
0.135481	0.956824
0.139408	0.956953
0.143335	0.957086
0.147262	0.957223
0.151189	0.957364
0.155116	0.957508
0.159043	0.957656
0.162970	0.957808
0.166897	0.957964
0.170824	0.958124
0.174751	0.958287
0.178678	0.958454
0.182605	0.958625
0.186532	0.958800
0.190459	0.958979
0.194386	0.959161
0.198313	0.959347
0.202240	0.959537
0.206167	0.959731
0.210094	0.959929
0.214021	0.960131
0.217948	0.960336
0.221875	0.960545
0.225802	0.960759
0.229729	0.960976
0.233656	0.961197
0.237583	0.961422
0.241510	0.961651
0.245437	0.961883
0.249364	0.962120
0.253291	0.962361
0.257218	0.962605
0.261145	0.962854
0.265072	0.963106
0.268999	0.963363
0.272926	0.963623
0.276853	0.963887
0.280780	0.964156
0.284707	0.964428
0.288634	0.964705
0.292561	0.964985
0.296488	0.965270
0.300415	0.965558
0.304342	0.965851
0.308269	0.966147
0.312196	0.966448
0.316123	0.966753
0.320050	0.967062
0.323977	0.967375
0.327904	0.967692
0.331831	0.968014
0.335758	0.968339
0.339685	0.968669
0.343612	0.969003
0.347539	0.969341
0.351466	0.969683
0.355393	0.970029
0.359320	0.970380
0.363247	0.970735
0.367174	0.971094
0.371101	0.971457
0.375028	0.971825
0.378955	0.972197
0.382882	0.972573
0.386809	0.972954
0.390736	0.973339
0.394663	0.973728
0.398590	0.974122
0.402517	0.974520
0.406444	0.974922
0.410371	0.975329
0.414298	0.975741
0.418225	0.976156
0.422152	0.976576
0.426079	0.977001
0.430005	0.977430
0.433932	0.977864
0.437859	0.978302
0.441786	0.978745
0.445713	0.979192
0.449640	0.979644
0.453567	0.980101
0.457494	0.980562
0.461421	0.981027
0.465348	0.981498
0.469275	0.981973
0.473202	0.982453
0.477129	0.982937
0.481056	0.983426
0.484983	0.983920
0.488910	0.984419
0.492837	0.984922
0.496764	0.985430
0.500691	0.985944
0.504618	0.986462
0.508545	0.986984
0.512472	0.987512
0.516399	0.988045
0.520326	0.988582
0.524253	0.989125
0.528180	0.989672
0.532107	0.990225
0.536034	0.990782
0.539961	0.991345
0.543888	0.991913
0.547815	0.992485
0.551742	0.993063
0.555669	0.993646
0.559596	0.994235
0.563523	0.994828
0.567450	0.995427
0.571377	0.996030
0.575304	0.996640
0.579231	0.997254
0.583158	0.997874
0.587085	0.998499
0.591012	0.999129
0.594939	0.999765
0.598866	1.000407
0.602793	1.001053
0.606720	1.001706
0.610647	1.002364
0.614574	1.003027
0.618501	1.003696
0.622428	1.004371
0.626355	1.005051
0.630282	1.005737
0.634209	1.006428
0.638136	1.007125
0.642063	1.007829
0.645990	1.008537
0.649917	1.009252
0.653844	1.009973
0.657771	1.010699
0.661698	1.011431
0.665625	1.012170
0.669552	1.012914
0.673479	1.013665
0.677406	1.014421
0.681333	1.015184
0.685260	1.015952
0.689187	1.016727
0.693114	1.017508
0.697041	1.018295
0.700968	1.019089
0.704895	1.019889
0.708822	1.020695
0.712749	1.021508
0.716676	1.022327
0.720603	1.023153
0.724530	1.023985
0.728457	1.024824
0.732384	1.025669
0.736311	1.026521
0.740238	1.027380
0.744165	1.028245
0.748092	1.029117
0.752019	1.029996
0.755946	1.030882
0.759873	1.031775
0.763800	1.032675
0.767727	1.033582
0.771654	1.034495
0.775581	1.035416
0.779508	1.036344
0.783435	1.037280
0.787362	1.038222
0.791289	1.039172
0.795216	1.040129
0.799143	1.041094
0.803070	1.042066
0.806997	1.043045
0.810924	1.044032
0.814851	1.045027
0.818778	1.046029
0.822705	1.047039
0.826632	1.048057
0.830559	1.049083
0.834486	1.050116
0.838413	1.051158
0.842340	1.052207
0.846267	1.053265
0.850194	1.054331
0.854121	1.055405
0.858047	1.056487
0.861974	1.057577
0.865901	1.058676
0.869828	1.059783
0.873755	1.060899
0.877682	1.062023
0.881609	1.063156
0.885536	1.064298
0.889463	1.065448
0.893390	1.066607
0.897317	1.067776
0.901244	1.068953
0.905171	1.070139
0.909098	1.071334
0.913025	1.072539
0.916952	1.073753
0.920879	1.074976
0.924806	1.076208
0.928733	1.077450
0.932660	1.078702
0.936587	1.079963
0.940514	1.081234
0.944441	1.082515
0.948368	1.083806
0.952295	1.085107
0.956222	1.086418
0.960149	1.087739
0.964076	1.089070
0.968003	1.090412
0.971930	1.091764
0.975857	1.093126
0.979784	1.094500
0.983711	1.095884
0.987638	1.097278
0.991565	1.098684
0.995492	1.100101
0.999419	1.101528
1.003346	1.102967
1.007273	1.104418
1.011200	1.105879
1.015127	1.107352
1.019054	1.108837
1.022981	1.110334
1.026908	1.111842
1.030835	1.113362
1.034762	1.114895
1.038689	1.116439
1.042616	1.117996
1.046543	1.119565
1.050470	1.121147
1.054397	1.122742
1.058324	1.124349
1.062251	1.125969
1.066178	1.127602
1.070105	1.129248
1.074032	1.130908
1.077959	1.132581
1.081886	1.134268
1.085813	1.135968
1.089740	1.137682
1.093667	1.139410
1.097594	1.141152
1.101521	1.142909
1.105448	1.144679
1.109375	1.146465
1.113302	1.148265
1.117229	1.150080
1.121156	1.151910
1.125083	1.153755
1.129010	1.155616
1.132937	1.157492
1.136864	1.159384
1.140791	1.161291
1.144718	1.163215
1.148645	1.165155
1.152572	1.167111
1.156499	1.169083
1.160426	1.171073
1.164353	1.173079
1.168280	1.175103
1.172207	1.177144
1.176134	1.179202
1.180061	1.181278
1.183988	1.183372
1.187915	1.185484
1.191842	1.187615
1.195769	1.189764
1.199696	1.191931
1.203623	1.194118
1.207550	1.196324
1.211477	1.198549
1.215404	1.200794
1.219331	1.203059
1.223258	1.205344
1.227185	1.207650
1.231112	1.209976
1.235039	1.212323
1.238966	1.214691
1.242893	1.217081
1.246820	1.219492
1.250747	1.221925
1.254674	1.224381
1.258601	1.226859
1.262528	1.229360
1.266455	1.231884
1.270382	1.234431
1.274309	1.237002
1.278236	1.239597
1.282163	1.242217
1.286089	1.244861
1.290016	1.247530
1.293943	1.250225
1.297870	1.252945
1.301797	1.255691
1.305724	1.258464
1.309651	1.261263
1.313578	1.264089
1.317505	1.266943
1.321432	1.269825
1.325359	1.272735
1.329286	1.275673
1.333213	1.278641
1.337140	1.281638
1.341067	1.284666
1.344994	1.287723
1.348921	1.290811
1.352848	1.293931
1.356775	1.297082
1.360702	1.300265
1.364629	1.303481
1.368556	1.306730
1.372483	1.310013
1.376410	1.313330
1.380337	1.316682
1.384264	1.320068
1.388191	1.323491
1.392118	1.326950
1.396045	1.330446
1.399972	1.333979
1.403899	1.337550
1.407826	1.341160
1.411753	1.344809
1.415680	1.348499
1.419607	1.352228
1.423534	1.356000
1.427461	1.359813
1.431388	1.363668
1.435315	1.367567
1.439242	1.371510
1.443169	1.375498
1.447096	1.379532
1.451023	1.383612
1.454950	1.387739
1.458877	1.391914
1.462804	1.396138
1.466731	1.400412
1.470658	1.404736
1.474585	1.409112
1.478512	1.413541
1.482439	1.418023
1.486366	1.422559
1.490293	1.427151
1.494220	1.431799
1.498147	1.436505
1.502074	1.441269
1.506001	1.446093
1.509928	1.450978
1.513855	1.455925
1.517782	1.460935
1.521709	1.466010
1.525636	1.471151
1.529563	1.476359
1.533490	1.481635
1.537417	1.486981
1.541344	1.492398
1.545271	1.497888
1.549198	1.503453
1.553125	1.509093
1.557052	1.514811
1.560979	1.520608
1.564906	1.526485
1.568833	1.532445
1.572760	1.538490
1.576687	1.544620
1.580614	1.550839
1.584541	1.557148
1.588468	1.563548
1.592395	1.570044
1.596322	1.576635
1.600249	1.583325
1.604176	1.590116
1.608103	1.597011
1.612030	1.604011
1.615957	1.611119
1.619884	1.618338
1.623811	1.625671
1.627738	1.633121
1.631665	1.640690
1.635592	1.648381
1.639519	1.656198
1.643446	1.664143
1.647373	1.672220
1.651300	1.680433
1.655227	1.688785
1.659154	1.697280
1.663081	1.705921
1.667008	1.714712
1.670935	1.723659
1.674862	1.732764
1.678789	1.742033
1.682716	1.751470
1.686643	1.761080
1.690570	1.770867
1.694497	1.780838
1.698424	1.790997
1.702351	1.801350
1.706278	1.811903
1.710205	1.822662
1.714131	1.833633
1.718058	1.844822
1.721985	1.856238
1.725912	1.867886
1.729839	1.879775
1.733766	1.891911
1.737693	1.904304
1.741620	1.916961
1.745547	1.929892
1.749474	1.943105
1.753401	1.956611
1.757328	1.970419
1.761255	1.984540
1.765182	1.998985
1.769109	2.013766
1.773036	2.028894
1.776963	2.044382
1.780890	2.060244
1.784817	2.076493
1.788744	2.093144
1.792671	2.110211
1.796598	2.127712
1.800525	2.145662
1.804452	2.164078
1.808379	2.182980
1.812306	2.202386
1.816233	2.222317
1.820160	2.242792
1.824087	2.263835
1.828014	2.285467
1.831941	2.307713
1.835868	2.330598
1.839795	2.354147
1.843722	2.378386
1.847649	2.403345
1.851576	2.429051
1.855503	2.455534
1.859430	2.482824
1.863357	2.510951
1.867284	2.539946
1.871211	2.569840
1.875138	2.600663
1.879065	2.632444
1.882992	2.665211
1.886919	2.698988
1.890846	2.733795
1.894773	2.769648
1.898700	2.806554
1.902627	2.844510
1.906554	2.883503
1.910481	2.923500
1.914408	2.964446
1.918335	3.006259
1.922262	3.048823
1.926189	3.091973
1.930116	3.135490
1.934043	3.179082
1.937970	3.222371
1.941897	3.264869
1.945824	3.305958
1.949751	3.344865
1.953678	3.380634
1.957605	3.412107
1.961532	3.437903
1.965459	3.456419
1.969386	3.465846
1.973313	3.464227
1.977240	3.449553
1.981167	3.419915
1.985094	3.373704
1.989021	3.309842
1.992948	3.228005
1.996875	3.128794
2.000802	3.013792
2.004729	2.885484
2.008656	2.747033
2.012583	2.601966
2.016510	2.453834
2.020437	2.305903
2.024364	2.160947
2.028291	2.021140
2.032218	1.888035
2.036145	1.762624
2.040072	1.645424
2.043999	1.536577
2.047926	1.435955
2.051853	1.343242
2.055780	1.258003
2.059707	1.179739
2.063634	1.107924
2.067561	1.042028
2.071488	0.981542
2.075415	0.925982
2.079342	0.874897
2.083269	0.827872
2.087196	0.784529
2.091123	0.744522
2.095050	0.707542
2.098977	0.673307
2.102904	0.641565
2.106831	0.612090
2.110758	0.584678
2.114685	0.559146
2.118612	0.535330
2.122539	0.513081
2.126466	0.492267
2.130393	0.472768
2.134320	0.454476
2.138246	0.437294
2.142173	0.421133
2.146100	0.405915
2.150027	0.391565
2.153954	0.378020
2.157881	0.365219
2.161808	0.353108
2.165735	0.341638
2.169662	0.330763
2.173589	0.320443
2.177516	0.310639
2.181443	0.301317
2.185370	0.292445
2.189297	0.283994
2.193224	0.275937
2.197151	0.268249
2.201078	0.260908
2.205005	0.253892
2.208932	0.247182
2.212859	0.240759
2.216786	0.234608
2.220713	0.228713
2.224640	0.223059
2.228567	0.217632
2.232494	0.212421
2.236421	0.207414
2.240348	0.202599
2.244275	0.197967
2.248202	0.193508
2.252129	0.189214
2.256056	0.185076
2.259983	0.181086
2.263910	0.177237
2.267837	0.173523
2.271764	0.169937
2.275691	0.166472
2.279618	0.163123
2.283545	0.159886
2.287472	0.156754
2.291399	0.153723
2.295326	0.150788
2.299253	0.147946
2.303180	0.145193
2.307107	0.142524
2.311034	0.139936
2.314961	0.137425
2.318888	0.134989
2.322815	0.132624
2.326742	0.130328
2.330669	0.128098
2.334596	0.125931
2.338523	0.123824
2.342450	0.121776
2.346377	0.119784
2.350304	0.117845
2.354231	0.115959
2.358158	0.114123
2.362085	0.112335
2.366012	0.110594
2.369939	0.108897
2.373866	0.107244
2.377793	0.105632
2.381720	0.104060
2.385647	0.102527
2.389574	0.101032
2.393501	0.099573
2.397428	0.098149
2.401355	0.096759
2.405282	0.095402
2.409209	0.094076
2.413136	0.092781
2.417063	0.091515
2.420990	0.090279
2.424917	0.089070
2.428844	0.087888
2.432771	0.086732
2.436698	0.085601
2.440625	0.084495
2.444552	0.083413
2.448479	0.082354
2.452406	0.081317
2.456333	0.080302
2.460260	0.079309
2.464187	0.078335
2.468114	0.077382
2.472041	0.076448
2.475968	0.075532
2.479895	0.074635
2.483822	0.073756
2.487749	0.072894
2.491676	0.072049
2.495603	0.071220
2.499530	0.070407
2.503457	0.069610
2.507384	0.068827
2.511311	0.068060
2.515238	0.067306
2.519165	0.066567
2.523092	0.065841
2.527019	0.065128
2.530946	0.064429
2.534873	0.063741
2.538800	0.063066
2.542727	0.062403
2.546654	0.061752
2.550581	0.061112
2.554508	0.060483
2.558435	0.059865
2.562362	0.059257
2.566288	0.058660
2.570215	0.058072
2.574142	0.057495
2.578069	0.056927
2.581996	0.056369
2.585923	0.055819
2.589850	0.055279
2.593777	0.054747
2.597704	0.054224
2.601631	0.053709
2.605558	0.053203
2.609485	0.052704
2.613412	0.052214
2.617339	0.051730
2.621266	0.051255
2.625193	0.050786
2.629120	0.050325
2.633047	0.049871
2.636974	0.049424
2.640901	0.048983
2.644828	0.048549
2.648755	0.048121
2.652682	0.047700
2.656609	0.047285
2.660536	0.046876
2.664463	0.046472
2.668390	0.046075
2.672317	0.045683
2.676244	0.045297
2.680171	0.044916
2.684098	0.044541
2.688025	0.044171
2.691952	0.043806
2.695879	0.043446
2.699806	0.043091
2.703733	0.042741
2.707660	0.042395
2.711587	0.042055
2.715514	0.041719
2.719441	0.041387
2.723368	0.041060
2.727295	0.040737
2.731222	0.040418
2.735149	0.040104
2.739076	0.039793
2.743003	0.039487
2.746930	0.039184
2.750857	0.038886
2.754784	0.038591
2.758711	0.038300
2.762638	0.038013
2.766565	0.037729
2.770492	0.037449
2.774419	0.037172
2.778346	0.036898
2.782273	0.036628
2.786200	0.036362
2.790127	0.036098
2.794054	0.035838
2.797981	0.035581
2.801908	0.035327
2.805835	0.035076
2.809762	0.034828
2.813689	0.034583
2.817616	0.034341
2.821543	0.034101
2.825470	0.033865
2.829397	0.033631
2.833324	0.033400
2.837251	0.033171
2.841178	0.032945
2.845105	0.032722
2.849032	0.032501
2.852959	0.032283
2.856886	0.032067
2.860813	0.031853
2.864740	0.031642
2.868667	0.031434
2.872594	0.031227
2.876521	0.031023
2.880448	0.030821
2.884375	0.030621
2.888302	0.030424
2.892229	0.030228
2.896156	0.030035
2.900083	0.029844
2.904010	0.029654
2.907937	0.029467
2.911864	0.029282
2.915791	0.029098
2.919718	0.028917
2.923645	0.028737
2.927572	0.028560
2.931499	0.028384
2.935426	0.028210
2.939353	0.028037
2.943280	0.027867
2.947207	0.027698
2.951134	0.027531
2.955061	0.027366
2.958988	0.027202
2.962915	0.027040
2.966842	0.026879
2.970769	0.026720
2.974696	0.026563
2.978623	0.026407
2.982550	0.026253
2.986477	0.026100
2.990404	0.025949
2.994330	0.025799
2.998257	0.025650
3.002184	0.025504
3.006111	0.025358
3.010038	0.025214
3.013965	0.025071
3.017892	0.024929
3.021819	0.024789
3.025746	0.024650
3.029673	0.024513
3.033600	0.024377
3.037527	0.024242
3.041454	0.024108
3.045381	0.023975
3.049308	0.023844
3.053235	0.023714
3.057162	0.023585
3.061089	0.023457
3.065016	0.023331
3.068943	0.023205
3.072870	0.023081
3.076797	0.022957
3.080724	0.022835
3.084651	0.022714
3.088578	0.022594
3.092505	0.022475
3.096432	0.022357
3.100359	0.022240
3.104286	0.022125
3.108213	0.022010
3.112140	0.021896
3.116067	0.021783
3.119994	0.021671
3.123921	0.021560
3.127848	0.021450
3.131775	0.021341
3.135702	0.021233
3.139629	0.021125
3.143556	0.021019
3.147483	0.020914
3.151410	0.020809
3.155337	0.020705
3.159264	0.020602
3.163191	0.020500
3.167118	0.020399
3.171045	0.020299
3.174972	0.020199
3.178899	0.020101
3.182826	0.020003
3.186753	0.019906
3.190680	0.019809
3.194607	0.019714
3.198534	0.019619
3.202461	0.019525
3.206388	0.019431
3.210315	0.019339
3.214242	0.019247
3.218169	0.019156
3.222096	0.019066
3.226023	0.018976
3.229950	0.018887
3.233877	0.018799
3.237804	0.018711
3.241731	0.018624
3.245658	0.018538
3.249585	0.018452
3.253512	0.018367
3.257439	0.018283
3.261366	0.018199
3.265293	0.018116
3.269220	0.018034
3.273147	0.017952
3.277074	0.017871
3.281001	0.017790
3.284928	0.017710
3.288855	0.017631
3.292782	0.017552
3.296709	0.017474
3.300636	0.017396
3.304563	0.017319
3.308490	0.017243
3.312417	0.017167
3.316344	0.017092
3.320271	0.017017
3.324198	0.016942
3.328125	0.016869
3.332052	0.016795
3.335979	0.016723
3.339906	0.016651
3.343833	0.016579
3.347760	0.016508
3.351687	0.016437
3.355614	0.016367
3.359541	0.016297
3.363468	0.016228
3.367395	0.016160
3.371322	0.016091
3.375249	0.016024
3.379176	0.015956
3.383103	0.015890
3.387030	0.015823
3.390957	0.015757
3.394884	0.015692
3.398811	0.015627
3.402738	0.015563
3.406665	0.015499
3.410592	0.015435
3.414519	0.015372
3.418446	0.015309
3.422372	0.015247
3.426299	0.015185
3.430226	0.015123
3.434153	0.015062
3.438080	0.015001
3.442007	0.014941
3.445934	0.014881
3.449861	0.014822
3.453788	0.014762
3.457715	0.014704
3.461642	0.014645
3.465569	0.014587
3.469496	0.014530
3.473423	0.014473
3.477350	0.014416
3.481277	0.014359
3.485204	0.014303
3.489131	0.014247
3.493058	0.014192
3.496985	0.014137
3.500912	0.014082
3.504839	0.014028
3.508766	0.013974
3.512693	0.013920
3.516620	0.013867
3.520547	0.013814
3.524474	0.013762
3.528401	0.013709
3.532328	0.013657
3.536255	0.013606
3.540182	0.013554
3.544109	0.013503
3.548036	0.013453
3.551963	0.013402
3.555890	0.013352
3.559817	0.013302
3.563744	0.013253
3.567671	0.013204
3.571598	0.013155
3.575525	0.013106
3.579452	0.013058
3.583379	0.013010
3.587306	0.012962
3.591233	0.012915
3.595160	0.012868
3.599087	0.012821
3.603014	0.012774
3.606941	0.012728
3.610868	0.012682
3.614795	0.012636
3.618722	0.012591
3.622649	0.012546
3.626576	0.012501
3.630503	0.012456
3.634430	0.012412
3.638357	0.012368
3.642284	0.012324
3.646211	0.012280
3.650138	0.012237
3.654065	0.012194
3.657992	0.012151
3.661919	0.012108
3.665846	0.012066
3.669773	0.012024
3.673700	0.011982
3.677627	0.011940
3.681554	0.011899
3.685481	0.011858
3.689408	0.011817
3.693335	0.011776
3.697262	0.011735
3.701189	0.011695
3.705116	0.011655
3.709043	0.011615
3.712970	0.011576
3.716897	0.011536
3.720824	0.011497
3.724751	0.011458
3.728678	0.011420
3.732605	0.011381
3.736532	0.011343
3.740459	0.011305
3.744386	0.011267
3.748313	0.011229
3.752240	0.011192
3.756167	0.011155
3.760094	0.011118
3.764021	0.011081
3.767948	0.011044
3.771875	0.011008
3.775802	0.010971
3.779729	0.010935
3.783656	0.010899
3.787583	0.010864
3.791510	0.010828
3.795437	0.010793
3.799364	0.010758
3.803291	0.010723
3.807218	0.010688
3.811145	0.010654
3.815072	0.010619
3.818999	0.010585
3.822926	0.010551
3.826853	0.010517
3.830780	0.010484
3.834707	0.010450
3.838634	0.010417
3.842561	0.010384
3.846488	0.010351
3.850414	0.010318
3.854341	0.010286
3.858268	0.010253
3.862195	0.010221
3.866122	0.010189
3.870049	0.010157
3.873976	0.010125
3.877903	0.010093
3.881830	0.010062
3.885757	0.010031
3.889684	0.010000
3.893611	0.009969
3.897538	0.009938
3.901465	0.009907
3.905392	0.009877
3.909319	0.009846
3.913246	0.009816
3.917173	0.009786
3.921100	0.009756
3.925027	0.009726
3.928954	0.009697
3.932881	0.009667
3.936808	0.009638
3.940735	0.009609
3.944662	0.009580
3.948589	0.009551
3.952516	0.009522
3.956443	0.009493
3.960370	0.009465
3.964297	0.009437
3.968224	0.009408
3.972151	0.009380
3.976078	0.009352
3.980005	0.009325
3.983932	0.009297
3.987859	0.009270
3.991786	0.009242
3.995713	0.009215
3.999640	0.009188
4.003567	0.009161
4.007494	0.009134
4.011421	0.009107
4.015348	0.009081
4.019275	0.009054
4.023202	0.009028
4.027129	0.009002
4.031056	0.008975
4.034983	0.008949
4.038910	0.008924
4.042837	0.008898
4.046764	0.008872
4.050691	0.008847
4.054618	0.008821
4.058545	0.008796
4.062472	0.008771
4.066399	0.008746
4.070326	0.008721
4.074253	0.008696
4.078180	0.008672
4.082107	0.008647
4.086034	0.008623
4.089961	0.008598
4.093888	0.008574
4.097815	0.008550
4.101742	0.008526
4.105669	0.008502
4.109596	0.008478
4.113523	0.008455
4.117450	0.008431
4.121377	0.008407
4.125304	0.008384
4.129231	0.008361
4.133158	0.008338
4.137085	0.008315
4.141012	0.008292
4.144939	0.008269
4.148866	0.008246
4.152793	0.008223
4.156720	0.008201
4.160647	0.008179
4.164574	0.008156
4.168501	0.008134
4.172428	0.008112
4.176355	0.008090
4.180282	0.008068
4.184209	0.008046
4.188136	0.008024
4.192063	0.008003
4.195990	0.007981
4.199917	0.007960
4.203844	0.007938
4.207771	0.007917
4.211698	0.007896
4.215625	0.007875
4.219552	0.007854
4.223479	0.007833
4.227406	0.007812
4.231333	0.007791
4.235260	0.007770
4.239187	0.007750
4.243114	0.007729
4.247041	0.007709
4.250968	0.007689
4.254895	0.007668
4.258822	0.007648
4.262749	0.007628
4.266676	0.007608
4.270603	0.007588
4.274530	0.007569
4.278456	0.007549
4.282383	0.007529
4.286310	0.007510
4.290237	0.007490
4.294164	0.007471
4.298091	0.007452
4.302018	0.007432
4.305945	0.007413
4.309872	0.007394
4.313799	0.007375
4.317726	0.007356
4.321653	0.007338
4.325580	0.007319
4.329507	0.007300
4.333434	0.007282
4.337361	0.007263
4.341288	0.007245
4.345215	0.007226
4.349142	0.007208
4.353069	0.007190
4.356996	0.007172
4.360923	0.007154
4.364850	0.007136
4.368777	0.007118
4.372704	0.007100
4.376631	0.007082
4.380558	0.007064
4.384485	0.007047
4.388412	0.007029
4.392339	0.007012
4.396266	0.006994
4.400193	0.006977
4.404120	0.006960
4.408047	0.006942
4.411974	0.006925
4.415901	0.006908
4.419828	0.006891
4.423755	0.006874
4.427682	0.006857
4.431609	0.006841
4.435536	0.006824
4.439463	0.006807
4.443390	0.006791
4.447317	0.006774
4.451244	0.006758
4.455171	0.006741
4.459098	0.006725
4.463025	0.006709
4.466952	0.006692
4.470879	0.006676
4.474806	0.006660
4.478733	0.006644
4.482660	0.006628
4.486587	0.006612
4.490514	0.006596
4.494441	0.006581
4.498368	0.006565
4.502295	0.006549
4.506222	0.006534
4.510149	0.006518
4.514076	0.006503
4.518003	0.006487
4.521930	0.006472
4.525857	0.006456
4.529784	0.006441
4.533711	0.006426
4.537638	0.006411
4.541565	0.006396
4.545492	0.006381
4.549419	0.006366
4.553346	0.006351
4.557273	0.006336
4.561200	0.006321
4.565127	0.006307
4.569054	0.006292
4.572981	0.006277
4.576908	0.006263
4.580835	0.006248
4.584762	0.006234
4.588689	0.006219
4.592616	0.006205
4.596543	0.006191
4.600470	0.006176
4.604397	0.006162
4.608324	0.006148
4.612251	0.006134
4.616178	0.006120
4.620105	0.006106
4.624032	0.006092
4.627959	0.006078
4.631886	0.006064
4.635813	0.006050
4.639740	0.006037
4.643667	0.006023
4.647594	0.006009
4.651521	0.005996
4.655448	0.005982
4.659375	0.005969
4.663302	0.005955
4.667229	0.005942
4.671156	0.005929
4.675083	0.005915
4.679010	0.005902
4.682937	0.005889
4.686864	0.005876
4.690791	0.005863
4.694718	0.005850
4.698645	0.005836
4.702572	0.005824
4.706498	0.005811
4.710425	0.005798
4.714352	0.005785
4.718279	0.005772
4.722206	0.005759
4.726133	0.005747
4.730060	0.005734
4.733987	0.005721
4.737914	0.005709
4.741841	0.005696
4.745768	0.005684
4.749695	0.005671
4.753622	0.005659
4.757549	0.005647
4.761476	0.005634
4.765403	0.005622
4.769330	0.005610
4.773257	0.005598
4.777184	0.005586
4.781111	0.005574
4.785038	0.005562
4.788965	0.005550
4.792892	0.005538
4.796819	0.005526
4.800746	0.005514
4.804673	0.005502
4.808600	0.005490
4.812527	0.005478
4.816454	0.005467
4.820381	0.005455
4.824308	0.005443
4.828235	0.005432
4.832162	0.005420
4.836089	0.005409
4.840016	0.005397
4.843943	0.005386
4.847870	0.005374
4.851797	0.005363
4.855724	0.005352
4.859651	0.005340
4.863578	0.005329
4.867505	0.005318
4.871432	0.005307
4.875359	0.005296
4.879286	0.005284
4.883213	0.005273
4.887140	0.005262
4.891067	0.005251
4.894994	0.005240
4.898921	0.005230
4.902848	0.005219
4.906775	0.005208
4.910702	0.005197
4.914629	0.005186
4.918556	0.005176
4.922483	0.005165
4.926410	0.005154
4.930337	0.005144
4.934264	0.005133
4.938191	0.005122
4.942118	0.005112
4.946045	0.005101
4.949972	0.005091
4.953899	0.005080
4.957826	0.005070
4.961753	0.005060
4.965680	0.005049
4.969607	0.005039
4.973534	0.005029
4.977461	0.005019
4.981388	0.005008
4.985315	0.004998
4.989242	0.004988
4.993169	0.004978
4.997096	0.004968
5.001023	0.004958
5.004950	0.004948
5.008877	0.004938
5.012804	0.004928
5.016731	0.004918
5.020658	0.004908
5.024585	0.004899
5.028512	0.004889
5.032439	0.004879
5.036366	0.004869
5.040293	0.004860
5.044220	0.004850
5.048147	0.004840
5.052074	0.004831
5.056001	0.004821
5.059928	0.004811
5.063855	0.004802
5.067782	0.004792
5.071709	0.004783
5.075636	0.004774
5.079563	0.004764
5.083490	0.004755
5.087417	0.004745
5.091344	0.004736
5.095271	0.004727
5.099198	0.004718
5.103125	0.004708
5.107052	0.004699
5.110979	0.004690
5.114906	0.004681
5.118833	0.004672
5.122760	0.004663
5.126687	0.004653
5.130614	0.004644
5.134540	0.004635
5.138467	0.004626
5.142394	0.004618
5.146321	0.004609
5.150248	0.004600
5.154175	0.004591
5.158102	0.004582
5.162029	0.004573
5.165956	0.004564
5.169883	0.004556
5.173810	0.004547
5.177737	0.004538
5.181664	0.004530
5.185591	0.004521
5.189518	0.004512
5.193445	0.004504
5.197372	0.004495
5.201299	0.004487
5.205226	0.004478
5.209153	0.004470
5.213080	0.004461
5.217007	0.004453
5.220934	0.004444
5.224861	0.004436
5.228788	0.004427
5.232715	0.004419
5.236642	0.004411
5.240569	0.004402
5.244496	0.004394
5.248423	0.004386
5.252350	0.004378
5.256277	0.004369
5.260204	0.004361
5.264131	0.004353
5.268058	0.004345
5.271985	0.004337
5.275912	0.004329
5.279839	0.004321
5.283766	0.004313
5.287693	0.004305
5.291620	0.004297
5.295547	0.004289
5.299474	0.004281
5.303401	0.004273
5.307328	0.004265
5.311255	0.004257
5.315182	0.004249
5.319109	0.004242
5.323036	0.004234
5.326963	0.004226
5.330890	0.004218
5.334817	0.004211
5.338744	0.004203
5.342671	0.004195
5.346598	0.004187
5.350525	0.004180
5.354452	0.004172
5.358379	0.004165
5.362306	0.004157
5.366233	0.004149
5.370160	0.004142
5.374087	0.004134
5.378014	0.004127
5.381941	0.004120
5.385868	0.004112
5.389795	0.004105
5.393722	0.004097
5.397649	0.004090
5.401576	0.004082
5.405503	0.004075
5.409430	0.004068
5.413357	0.004061
5.417284	0.004053
5.421211	0.004046
5.425138	0.004039
5.429065	0.004032
5.432992	0.004024
5.436919	0.004017
5.440846	0.004010
5.444773	0.004003
5.448700	0.003996
5.452627	0.003989
5.456554	0.003982
5.460481	0.003975
5.464408	0.003968
5.468335	0.003961
5.472262	0.003954
5.476189	0.003947
5.480116	0.003940
5.484043	0.003933
5.487970	0.003926
5.491897	0.003919
5.495824	0.003912
5.499751	0.003905
5.503678	0.003898
5.507605	0.003891
5.511532	0.003885
5.515459	0.003878
5.519386	0.003871
5.523313	0.003864
5.527240	0.003858
5.531167	0.003851
5.535094	0.003844
5.539021	0.003838
5.542948	0.003831
5.546875	0.003824
5.550802	0.003818
5.554729	0.003811
5.558656	0.003804
5.562582	0.003798
5.566509	0.003791
5.570436	0.003785
5.574363	0.003778
5.578290	0.003772
5.582217	0.003765
5.586144	0.003759
5.590071	0.003752
5.593998	0.003746
5.597925	0.003740
5.601852	0.003733
5.605779	0.003727
5.609706	0.003720
5.613633	0.003714
5.617560	0.003708
5.621487	0.003702
5.625414	0.003695
5.629341	0.003689
5.633268	0.003683
5.637195	0.003676
5.641122	0.003670
5.645049	0.003664
5.648976	0.003658
5.652903	0.003652
5.656830	0.003646
5.660757	0.003639
5.664684	0.003633
5.668611	0.003627
5.672538	0.003621
5.676465	0.003615
5.680392	0.003609
5.684319	0.003603
5.688246	0.003597
5.692173	0.003591
5.696100	0.003585
5.700027	0.003579
5.703954	0.003573
5.707881	0.003567
5.711808	0.003561
5.715735	0.003555
5.719662	0.003549
5.723589	0.003543
5.727516	0.003538
5.731443	0.003532
5.735370	0.003526
5.739297	0.003520
5.743224	0.003514
5.747151	0.003508
5.751078	0.003503
5.755005	0.003497
5.758932	0.003491
5.762859	0.003485
5.766786	0.003480
5.770713	0.003474
5.774640	0.003468
5.778567	0.003463
5.782494	0.003457
5.786421	0.003451
5.790348	0.003446
5.794275	0.003440
5.798202	0.003434
5.802129	0.003429
5.806056	0.003423
5.809983	0.003418
5.813910	0.003412
5.817837	0.003407
5.821764	0.003401
5.825691	0.003396
5.829618	0.003390
5.833545	0.003385
5.837472	0.003379
5.841399	0.003374
5.845326	0.003368
5.849253	0.003363
5.853180	0.003358
5.857107	0.003352
5.861034	0.003347
5.864961	0.003341
5.868888	0.003336
5.872815	0.003331
5.876742	0.003325
5.880669	0.003320
5.884596	0.003315
5.888523	0.003309
5.892450	0.003304
5.896377	0.003299
5.900304	0.003294
5.904231	0.003288
5.908158	0.003283
5.912085	0.003278
5.916012	0.003273
5.919939	0.003268
5.923866	0.003263
5.927793	0.003257
5.931720	0.003252
5.935647	0.003247
5.939574	0.003242
5.943501	0.003237
5.947428	0.003232
5.951355	0.003227
5.955282	0.003222
5.959209	0.003217
5.963136	0.003212
5.967063	0.003207
5.970990	0.003202
5.974917	0.003197
5.978844	0.003192
5.982771	0.003187
5.986698	0.003182
5.990624	0.003177
5.994551	0.003172
5.998478	0.003167
6.002405	0.003162
6.006332	0.003157
6.010259	0.003152
6.014186	0.003147
6.018113	0.003142
6.022040	0.003137
6.025967	0.003133
6.029894	0.003128
6.033821	0.003123
6.037748	0.003118
6.041675	0.003113
6.045602	0.003109
6.049529	0.003104
6.053456	0.003099
6.057383	0.003094
6.061310	0.003089
6.065237	0.003085
6.069164	0.003080
6.073091	0.003075
6.077018	0.003071
6.080945	0.003066
6.084872	0.003061
6.088799	0.003057
6.092726	0.003052
6.096653	0.003047
6.100580	0.003043
6.104507	0.003038
6.108434	0.003033
6.112361	0.003029
6.116288	0.003024
6.120215	0.003020
6.124142	0.003015
6.128069	0.003011
6.131996	0.003006
6.135923	0.003002
6.139850	0.002997
6.143777	0.002992
6.147704	0.002988
6.151631	0.002983
6.155558	0.002979
6.159485	0.002975
6.163412	0.002970
6.167339	0.002966
6.171266	0.002961
6.175193	0.002957
6.179120	0.002952
6.183047	0.002948
6.186974	0.002944
6.190901	0.002939
6.194828	0.002935
6.198755	0.002930
6.202682	0.002926
6.206609	0.002922
6.210536	0.002917
6.214463	0.002913
6.218390	0.002909
6.222317	0.002904
6.226244	0.002900
6.230171	0.002896
6.234098	0.002892
6.238025	0.002887
6.241952	0.002883
6.245879	0.002879
6.249806	0.002875
6.253733	0.002870
6.257660	0.002866
6.261587	0.002862
6.265514	0.002858
6.269441	0.002854
6.273368	0.002849
6.277295	0.002845
6.281222	0.002841
6.285149	0.002837
6.289076	0.002833
6.293003	0.002829
6.296930	0.002825
6.300857	0.002820
6.304784	0.002816
6.308711	0.002812
6.312638	0.002808
6.316565	0.002804
6.320492	0.002800
6.324419	0.002796
6.328346	0.002792
6.332273	0.002788
6.336200	0.002784
6.340127	0.002780
6.344054	0.002776
6.347981	0.002772
6.351908	0.002768
6.355835	0.002764
6.359762	0.002760
6.363689	0.002756
6.367616	0.002752
6.371543	0.002748
6.375470	0.002744
6.379397	0.002740
6.383324	0.002736
6.387251	0.002732
6.391178	0.002728
6.395105	0.002725
6.399032	0.002721
6.402959	0.002717
6.406886	0.002713
6.410813	0.002709
6.414739	0.002705
6.418666	0.002701
6.422593	0.002697
6.426520	0.002694
6.430447	0.002690
6.434374	0.002686
6.438301	0.002682
6.442228	0.002678
6.446155	0.002675
6.450082	0.002671
6.454009	0.002667
6.457936	0.002663
6.461863	0.002660
6.465790	0.002656
6.469717	0.002652
6.473644	0.002648
6.477571	0.002645
6.481498	0.002641
6.485425	0.002637
6.489352	0.002634
6.493279	0.002630
6.497206	0.002626
6.501133	0.002623
6.505060	0.002619
6.508987	0.002615
6.512914	0.002612
6.516841	0.002608
6.520768	0.002604
6.524695	0.002601
6.528622	0.002597
6.532549	0.002594
6.536476	0.002590
6.540403	0.002586
6.544330	0.002583
6.548257	0.002579
6.552184	0.002576
6.556111	0.002572
6.560038	0.002568
6.563965	0.002565
6.567892	0.002561
6.571819	0.002558
6.575746	0.002554
6.579673	0.002551
6.583600	0.002547
6.587527	0.002544
6.591454	0.002540
6.595381	0.002537
6.599308	0.002533
6.603235	0.002530
6.607162	0.002526
6.611089	0.002523
6.615016	0.002520
6.618943	0.002516
6.622870	0.002513
6.626797	0.002509
6.630724	0.002506
6.634651	0.002502
6.638578	0.002499
6.642505	0.002496
6.646432	0.002492
6.650359	0.002489
6.654286	0.002485
6.658213	0.002482
6.662140	0.002479
6.666067	0.002475
6.669994	0.002472
6.673921	0.002469
6.677848	0.002465
6.681775	0.002462
6.685702	0.002459
6.689629	0.002455
6.693556	0.002452
6.697483	0.002449
6.701410	0.002446
6.705337	0.002442
6.709264	0.002439
6.713191	0.002436
6.717118	0.002432
6.721045	0.002429
6.724972	0.002426
6.728899	0.002423
6.732826	0.002419
6.736753	0.002416
6.740680	0.002413
6.744607	0.002410
6.748534	0.002407
6.752461	0.002403
6.756388	0.002400
6.760315	0.002397
6.764242	0.002394
6.768169	0.002391
6.772096	0.002388
6.776023	0.002384
6.779950	0.002381
6.783877	0.002378
6.787804	0.002375
6.791731	0.002372
6.795658	0.002369
6.799585	0.002366
6.803512	0.002362
6.807439	0.002359
6.811366	0.002356
6.815293	0.002353
6.819220	0.002350
6.823147	0.002347
6.827074	0.002344
6.831001	0.002341
6.834928	0.002338
6.838855	0.002335
6.842781	0.002332
6.846708	0.002329
6.850635	0.002325
6.854562	0.002322
6.858489	0.002319
6.862416	0.002316
6.866343	0.002313
6.870270	0.002310
6.874197	0.002307
6.878124	0.002304
6.882051	0.002301
6.885978	0.002298
6.889905	0.002295
6.893832	0.002292
6.897759	0.002289
6.901686	0.002286
6.905613	0.002284
6.909540	0.002281
6.913467	0.002278
6.917394	0.002275
6.921321	0.002272
6.925248	0.002269
6.929175	0.002266
6.933102	0.002263
6.937029	0.002260
6.940956	0.002257
6.944883	0.002254
6.948810	0.002251
6.952737	0.002249
6.956664	0.002246
6.960591	0.002243
6.964518	0.002240
6.968445	0.002237
6.972372	0.002234
6.976299	0.002231
6.980226	0.002228
6.984153	0.002226
6.988080	0.002223
6.992007	0.002220
6.995934	0.002217
6.999861	0.002214
7.003788	0.002212
7.007715	0.002209
7.011642	0.002206
7.015569	0.002203
7.019496	0.002200
7.023423	0.002198
7.027350	0.002195
7.031277	0.002192
7.035204	0.002189
7.039131	0.002186
7.043058	0.002184
7.046985	0.002181
7.050912	0.002178
7.054839	0.002175
7.058766	0.002173
7.062693	0.002170
7.066620	0.002167
7.070547	0.002165
7.074474	0.002162
7.078401	0.002159
7.082328	0.002156
7.086255	0.002154
7.090182	0.002151
7.094109	0.002148
7.098036	0.002146
7.101963	0.002143
7.105890	0.002140
7.109817	0.002138
7.113744	0.002135
7.117671	0.002132
7.121598	0.002130
7.125525	0.002127
7.129452	0.002124
7.133379	0.002122
7.137306	0.002119
7.141233	0.002116
7.145160	0.002114
7.149087	0.002111
7.153014	0.002109
7.156941	0.002106
7.160868	0.002103
7.164795	0.002101
7.168722	0.002098
7.172649	0.002096
7.176576	0.002093
7.180503	0.002090
7.184430	0.002088
7.188357	0.002085
7.192284	0.002083
7.196211	0.002080
7.200138	0.002078
7.204065	0.002075
7.207992	0.002073
7.211919	0.002070
7.215846	0.002067
7.219773	0.002065
7.223700	0.002062
7.227627	0.002060
7.231554	0.002057
7.235481	0.002055
7.239408	0.002052
7.243335	0.002050
7.247262	0.002047
7.251189	0.002045
7.255116	0.002042
7.259043	0.002040
7.262970	0.002037
7.266897	0.002035
7.270823	0.002033
7.274750	0.002030
7.278677	0.002028
7.282604	0.002025
7.286531	0.002023
7.290458	0.002020
7.294385	0.002018
7.298312	0.002015
7.302239	0.002013
7.306166	0.002011
7.310093	0.002008
7.314020	0.002006
7.317947	0.002003
7.321874	0.002001
7.325801	0.001998
7.329728	0.001996
7.333655	0.001994
7.337582	0.001991
7.341509	0.001989
7.345436	0.001987
7.349363	0.001984
7.353290	0.001982
7.357217	0.001979
7.361144	0.001977
7.365071	0.001975
7.368998	0.001972
7.372925	0.001970
7.376852	0.001968
7.380779	0.001965
7.384706	0.001963
7.388633	0.001961
7.392560	0.001958
7.396487	0.001956
7.400414	0.001954
7.404341	0.001951
7.408268	0.001949
7.412195	0.001947
7.416122	0.001944
7.420049	0.001942
7.423976	0.001940
7.427903	0.001937
7.431830	0.001935
7.435757	0.001933
7.439684	0.001931
7.443611	0.001928
7.447538	0.001926
7.451465	0.001924
7.455392	0.001922
7.459319	0.001919
7.463246	0.001917
7.467173	0.001915
7.471100	0.001913
7.475027	0.001910
7.478954	0.001908
7.482881	0.001906
7.486808	0.001904
7.490735	0.001901
7.494662	0.001899
7.498589	0.001897
7.502516	0.001895
7.506443	0.001893
7.510370	0.001890
7.514297	0.001888
7.518224	0.001886
7.522151	0.001884
7.526078	0.001882
7.530005	0.001879
7.533932	0.001877
7.537859	0.001875
7.541786	0.001873
7.545713	0.001871
7.549640	0.001869
7.553567	0.001866
7.557494	0.001864
7.561421	0.001862
7.565348	0.001860
7.569275	0.001858
7.573202	0.001856
7.577129	0.001853
7.581056	0.001851
7.584983	0.001849
7.588910	0.001847
7.592837	0.001845
7.596764	0.001843
7.600691	0.001841
7.604618	0.001839
7.608545	0.001836
7.612472	0.001834
7.616399	0.001832
7.620326	0.001830
7.624253	0.001828
7.628180	0.001826
7.632107	0.001824
7.636034	0.001822
7.639961	0.001820
7.643888	0.001818
7.647815	0.001816
7.651742	0.001814
7.655669	0.001811
7.659596	0.001809
7.663523	0.001807
7.667450	0.001805
7.671377	0.001803
7.675304	0.001801
7.679231	0.001799
7.683158	0.001797
7.687085	0.001795
7.691012	0.001793
7.694939	0.001791
7.698865	0.001789
7.702792	0.001787
7.706719	0.001785
7.710646	0.001783
7.714573	0.001781
7.718500	0.001779
7.722427	0.001777
7.726354	0.001775
7.730281	0.001773
7.734208	0.001771
7.738135	0.001769
7.742062	0.001767
7.745989	0.001765
7.749916	0.001763
7.753843	0.001761
7.757770	0.001759
7.761697	0.001757
7.765624	0.001755
7.769551	0.001753
7.773478	0.001751
7.777405	0.001749
7.781332	0.001747
7.785259	0.001745
7.789186	0.001743
7.793113	0.001741
7.797040	0.001740
7.800967	0.001738
7.804894	0.001736
7.808821	0.001734
7.812748	0.001732
7.816675	0.001730
7.820602	0.001728
7.824529	0.001726
7.828456	0.001724
7.832383	0.001722
7.836310	0.001720
7.840237	0.001718
7.844164	0.001717
7.848091	0.001715
7.852018	0.001713
7.855945	0.001711
7.859872	0.001709
7.863799	0.001707
7.867726	0.001705
7.871653	0.001703
7.875580	0.001701
7.879507	0.001700
7.883434	0.001698
7.887361	0.001696
7.891288	0.001694
7.895215	0.001692
7.899142	0.001690
7.903069	0.001688
7.906996	0.001687
7.910923	0.001685
7.914850	0.001683
7.918777	0.001681
7.922704	0.001679
7.926631	0.001677
7.930558	0.001676
7.934485	0.001674
7.938412	0.001672
7.942339	0.001670
7.946266	0.001668
7.950193	0.001666
7.954120	0.001665
7.958047	0.001663
7.961974	0.001661
7.965901	0.001659
7.969828	0.001657
7.973755	0.001656
7.977682	0.001654
7.981609	0.001652
7.985536	0.001650
7.989463	0.001648
7.993390	0.001647
7.997317	0.001645
8.001244	0.001643
8.005171	0.001641
8.009098	0.001640
8.013025	0.001638
8.016952	0.001636
8.020879	0.001634
8.024806	0.001633
8.028733	0.001631
8.032660	0.001629
8.036587	0.001627
8.040514	0.001626
8.044441	0.001624
8.048368	0.001622
8.052295	0.001620
8.056222	0.001619
8.060149	0.001617
8.064076	0.001615
8.068003	0.001613
8.071930	0.001612
8.075857	0.001610
8.079784	0.001608
8.083711	0.001606
8.087638	0.001605
8.091565	0.001603
8.095492	0.001601
8.099419	0.001600
8.103346	0.001598
8.107273	0.001596
8.111200	0.001595
8.115127	0.001593
8.119054	0.001591
8.122981	0.001589
8.126907	0.001588
8.130834	0.001586
8.134761	0.001584
8.138688	0.001583
8.142615	0.001581
8.146542	0.001579
8.150469	0.001578
8.154396	0.001576
8.158323	0.001574
8.162250	0.001573
8.166177	0.001571
8.170104	0.001569
8.174031	0.001568
8.177958	0.001566
8.181885	0.001565
8.185812	0.001563
8.189739	0.001561
8.193666	0.001560
8.197593	0.001558
8.201520	0.001556
8.205447	0.001555
8.209374	0.001553
8.213301	0.001551
8.217228	0.001550
8.221155	0.001548
8.225082	0.001547
8.229009	0.001545
8.232936	0.001543
8.236863	0.001542
8.240790	0.001540
8.244717	0.001539
8.248644	0.001537
8.252571	0.001535
8.256498	0.001534
8.260425	0.001532
8.264352	0.001531
8.268279	0.001529
8.272206	0.001527
8.276133	0.001526
8.280060	0.001524
8.283987	0.001523
8.287914	0.001521
8.291841	0.001519
8.295768	0.001518
8.299695	0.001516
8.303622	0.001515
8.307549	0.001513
8.311476	0.001512
8.315403	0.001510
8.319330	0.001509
8.323257	0.001507
8.327184	0.001505
8.331111	0.001504
8.335038	0.001502
8.338965	0.001501
8.342892	0.001499
8.346819	0.001498
8.350746	0.001496
8.354673	0.001495
8.358600	0.001493
8.362527	0.001492
8.366454	0.001490
8.370381	0.001489
8.374308	0.001487
8.378235	0.001485
8.382162	0.001484
8.386089	0.001482
8.390016	0.001481
8.393943	0.001479
8.397870	0.001478
8.401797	0.001476
8.405724	0.001475
8.409651	0.001473
8.413578	0.001472
8.417505	0.001470
8.421432	0.001469
8.425359	0.001467
8.429286	0.001466
8.433213	0.001464
8.437140	0.001463
8.441067	0.001461
8.444994	0.001460
8.448921	0.001459
8.452848	0.001457
8.456775	0.001456
8.460702	0.001454
8.464629	0.001453
8.468556	0.001451
8.472483	0.001450
8.476410	0.001448
8.480337	0.001447
8.484264	0.001445
8.488191	0.001444
8.492118	0.001442
8.496045	0.001441
8.499972	0.001440
8.503899	0.001438
8.507826	0.001437
8.511753	0.001435
8.515680	0.001434
8.519607	0.001432
8.523534	0.001431
8.527461	0.001429
8.531388	0.001428
8.535315	0.001427
8.539242	0.001425
8.543169	0.001424
8.547096	0.001422
8.551023	0.001421
8.554949	0.001419
8.558876	0.001418
8.562803	0.001417
8.566730	0.001415
8.570657	0.001414
8.574584	0.001412
8.578511	0.001411
8.582438	0.001410
8.586365	0.001408
8.590292	0.001407
8.594219	0.001405
8.598146	0.001404
8.602073	0.001403
8.606000	0.001401
8.609927	0.001400
8.613854	0.001398
8.617781	0.001397
8.621708	0.001396
8.625635	0.001394
8.629562	0.001393
8.633489	0.001392
8.637416	0.001390
8.641343	0.001389
8.645270	0.001387
8.649197	0.001386
8.653124	0.001385
8.657051	0.001383
8.660978	0.001382
8.664905	0.001381
8.668832	0.001379
8.672759	0.001378
8.676686	0.001377
8.680613	0.001375
8.684540	0.001374
8.688467	0.001373
8.692394	0.001371
8.696321	0.001370
8.700248	0.001369
8.704175	0.001367
8.708102	0.001366
8.712029	0.001365
8.715956	0.001363
8.719883	0.001362
8.723810	0.001361
8.727737	0.001359
8.731664	0.001358
8.735591	0.001357
8.739518	0.001355
8.743445	0.001354
8.747372	0.001353
8.751299	0.001351
8.755226	0.001350
8.759153	0.001349
8.763080	0.001347
8.767007	0.001346
8.770934	0.001345
8.774861	0.001343
8.778788	0.001342
8.782715	0.001341
8.786642	0.001340
8.790569	0.001338
8.794496	0.001337
8.798423	0.001336
8.802350	0.001334
8.806277	0.001333
8.810204	0.001332
8.814131	0.001331
8.818058	0.001329
8.821985	0.001328
8.825912	0.001327
8.829839	0.001325
8.833766	0.001324
8.837693	0.001323
8.841620	0.001322
8.845547	0.001320
8.849474	0.001319
8.853401	0.001318
8.857328	0.001317
8.861255	0.001315
8.865182	0.001314
8.869109	0.001313
8.873036	0.001312
8.876963	0.001310
8.880890	0.001309
8.884817	0.001308
8.888744	0.001307
8.892671	0.001305
8.896598	0.001304
8.900525	0.001303
8.904452	0.001302
8.908379	0.001300
8.912306	0.001299
8.916233	0.001298
8.920160	0.001297
8.924087	0.001295
8.928014	0.001294
8.931941	0.001293
8.935868	0.001292
8.939795	0.001290
8.943722	0.001289
8.947649	0.001288
8.951576	0.001287
8.955503	0.001286
8.959430	0.001284
8.963357	0.001283
8.967284	0.001282
8.971211	0.001281
8.975138	0.001280
8.979065	0.001278
8.982991	0.001277
8.986918	0.001276
8.990845	0.001275
8.994772	0.001274
8.998699	0.001272
9.002626	0.001271
9.006553	0.001270
9.010480	0.001269
9.014407	0.001268
9.018334	0.001266
9.022261	0.001265
9.026188	0.001264
9.030115	0.001263
9.034042	0.001262
9.037969	0.001260
9.041896	0.001259
9.045823	0.001258
9.049750	0.001257
9.053677	0.001256
9.057604	0.001255
9.061531	0.001253
9.065458	0.001252
9.069385	0.001251
9.073312	0.001250
9.077239	0.001249
9.081166	0.001248
9.085093	0.001246
9.089020	0.001245
9.092947	0.001244
9.096874	0.001243
9.100801	0.001242
9.104728	0.001241
9.108655	0.001239
9.112582	0.001238
9.116509	0.001237
9.120436	0.001236
9.124363	0.001235
9.128290	0.001234
9.132217	0.001233
9.136144	0.001231
9.140071	0.001230
9.143998	0.001229
9.147925	0.001228
9.151852	0.001227
9.155779	0.001226
9.159706	0.001225
9.163633	0.001224
9.167560	0.001222
9.171487	0.001221
9.175414	0.001220
9.179341	0.001219
9.183268	0.001218
9.187195	0.001217
9.191122	0.001216
9.195049	0.001215
9.198976	0.001213
9.202903	0.001212
9.206830	0.001211
9.210757	0.001210
9.214684	0.001209
9.218611	0.001208
9.222538	0.001207
9.226465	0.001206
9.230392	0.001205
9.234319	0.001203
9.238246	0.001202
9.242173	0.001201
9.246100	0.001200
9.250027	0.001199
9.253954	0.001198
9.257881	0.001197
9.261808	0.001196
9.265735	0.001195
9.269662	0.001194
9.273589	0.001193
9.277516	0.001191
9.281443	0.001190
9.285370	0.001189
9.289297	0.001188
9.293224	0.001187
9.297151	0.001186
9.301078	0.001185
9.305005	0.001184
9.308932	0.001183
9.312859	0.001182
9.316786	0.001181
9.320713	0.001180
9.324640	0.001179
9.328567	0.001178
9.332494	0.001176
9.336421	0.001175
9.340348	0.001174
9.344275	0.001173
9.348202	0.001172
9.352129	0.001171
9.356056	0.001170
9.359983	0.001169
9.363910	0.001168
9.367837	0.001167
9.371764	0.001166
9.375691	0.001165
9.379618	0.001164
9.383545	0.001163
9.387472	0.001162
9.391399	0.001161
9.395326	0.001160
9.399253	0.001159
9.403180	0.001158
9.407107	0.001157
9.411033	0.001156
9.414960	0.001155
9.418887	0.001153
9.422814	0.001152
9.426741	0.001151
9.430668	0.001150
9.434595	0.001149
9.438522	0.001148
9.442449	0.001147
9.446376	0.001146
9.450303	0.001145
9.454230	0.001144
9.458157	0.001143
9.462084	0.001142
9.466011	0.001141
9.469938	0.001140
9.473865	0.001139
9.477792	0.001138
9.481719	0.001137
9.485646	0.001136
9.489573	0.001135
9.493500	0.001134
9.497427	0.001133
9.501354	0.001132
9.505281	0.001131
9.509208	0.001130
9.513135	0.001129
9.517062	0.001128
9.520989	0.001127
9.524916	0.001126
9.528843	0.001125
9.532770	0.001124
9.536697	0.001123
9.540624	0.001122
9.544551	0.001121
9.548478	0.001120
9.552405	0.001119
9.556332	0.001118
9.560259	0.001117
9.564186	0.001116
9.568113	0.001115
9.572040	0.001114
9.575967	0.001113
9.579894	0.001112
9.583821	0.001111
9.587748	0.001110
9.591675	0.001109
9.595602	0.001109
9.599529	0.001108
9.603456	0.001107
9.607383	0.001106
9.611310	0.001105
9.615237	0.001104
9.619164	0.001103
9.623091	0.001102
9.627018	0.001101
9.630945	0.001100
9.634872	0.001099
9.638799	0.001098
9.642726	0.001097
9.646653	0.001096
9.650580	0.001095
9.654507	0.001094
9.658434	0.001093
9.662361	0.001092
9.666288	0.001091
9.670215	0.001090
9.674142	0.001089
9.678069	0.001088
9.681996	0.001088
9.685923	0.001087
9.689850	0.001086
9.693777	0.001085
9.697704	0.001084
9.701631	0.001083
9.705558	0.001082
9.709485	0.001081
9.713412	0.001080
9.717339	0.001079
9.721266	0.001078
9.725193	0.001077
9.729120	0.001076
9.733047	0.001075
9.736974	0.001074
9.740901	0.001074
9.744828	0.001073
9.748755	0.001072
9.752682	0.001071
9.756609	0.001070
9.760536	0.001069
9.764463	0.001068
9.768390	0.001067
9.772317	0.001066
9.776244	0.001065
9.780171	0.001064
9.784098	0.001063
9.788025	0.001063
9.791952	0.001062
9.795879	0.001061
9.799806	0.001060
9.803733	0.001059
9.807660	0.001058
9.811587	0.001057
9.815514	0.001056
9.819441	0.001055
