# 1.Frequency     2.DD_LinearResponse(Re)    3.DD_LinearResponse(Im)    4.Orthog    5.Norm    6.NewGS   7.OldGS  8.OrthogRHS    9.NI_LR(Re)   10.NI_LR(Im)   11.Iters
       9.900000000          0.2160258392E-01      0.2842356707E-01      0.1499774443E-03      0.1310061251          0.9725620979          0.9725620979          0.4658816735E-15      0.1807726489          0.1109533934        4500
       9.915000000          0.2049818263E-01      0.2919101183E-01      0.1506236357E-03      0.1312986477          0.9725620979          0.9725620979          0.4658816735E-15      0.1804660677          0.1100341333        4500
       9.930000000          0.1949741266E-01      0.2925020234E-01      0.1997226424E-03      0.1312685291          0.9725620979          0.9725620979          0.4658816735E-15      0.1801682782          0.1091313512        4500
       9.945000000          0.1882866629E-01      0.2922612822E-01      0.1855493779E-03      0.1321186748          0.9725620979          0.9725620979          0.4658816735E-15      0.1798798266          0.1082436364        4500
       9.960000000          0.1858281733E-01      0.2924080413E-01      0.1856837684E-03      0.1333684600          0.9725620979          0.9725620979          0.4658816735E-15      0.1796011083          0.1073695937        4500
       9.975000000          0.1839973045E-01      0.2928773084E-01      0.1934416285E-03      0.1344253849          0.9725620979          0.9725620979          0.4658816735E-15      0.1793323805          0.1065078597        4500
       9.990000000          0.1830140297E-01      0.2939332369E-01      0.2141113589E-03      0.1356716340          0.9725620979          0.9725620979          0.4658816735E-15      0.1790737767          0.1056571132        4500
       10.00500000          0.1818724695E-01      0.2945969626E-01      0.2226522334E-03      0.1367843852          0.9725620979          0.9725620979          0.4658816735E-15      0.1788253173          0.1048160805        4500
       10.02000000          0.1806181818E-01      0.2948412264E-01      0.2375709854E-03      0.1377712200          0.9725620979          0.9725620979          0.4658816735E-15      0.1785869157          0.1039835406        4500
       10.03500000          0.1790763879E-01      0.2946832309E-01      0.2502530621E-03      0.1385445007          0.9725620979          0.9725620979          0.4658816735E-15      0.1783583819          0.1031583337        4500
       10.05000000          0.1771899144E-01      0.2946898079E-01      0.2507138834E-03      0.1393194664          0.9725620979          0.9725620979          0.4658816735E-15      0.1781394288          0.1023393744        4500
       10.06500000          0.1749374429E-01      0.2951545023E-01      0.2469245963E-03      0.1402205006          0.9725620979          0.9725620979          0.4658816735E-15      0.1779296831          0.1015256665        4500
       10.08000000          0.1722203896E-01      0.2962446755E-01      0.2386158935E-03      0.1413326912          0.9725620979          0.9725620979          0.4658816735E-15      0.1777287028          0.1007163160        4500
       10.09500000          0.1691237902E-01      0.2979611565E-01      0.2257571670E-03      0.1426946019          0.9725620979          0.9725620979          0.4658816735E-15      0.1775360002          0.9991053918E-01    4500
       10.11000000          0.1657775380E-01      0.3002413820E-01      0.2102710611E-03      0.1442893027          0.9725620979          0.9725620979          0.4658816735E-15      0.1773510666          0.9910766227E-01    4500
       10.12500000          0.1623635230E-01      0.3030417093E-01      0.1924415176E-03      0.1460848304          0.9725620979          0.9725620979          0.4658816735E-15      0.1771733960          0.9830711356E-01    4500
       10.14000000          0.1590769162E-01      0.3063516219E-01      0.1741812587E-03      0.1480581356          0.9725620979          0.9725620979          0.4658816735E-15      0.1770025028          0.9750840816E-01    4500
       10.15500000          0.1560944681E-01      0.3101983660E-01      0.1560176501E-03      0.1502096423          0.9725620979          0.9725620979          0.4658816735E-15      0.1768379320          0.9671113001E-01    4500
       10.17000000          0.1535538227E-01      0.3146228781E-01      0.1394491215E-03      0.1525595735          0.9725620979          0.9725620979          0.4658816735E-15      0.1766792615          0.9591491547E-01    4500
       10.18500000          0.1515464032E-01      0.3196462732E-01      0.1253744794E-03      0.1551336016          0.9725620979          0.9725620979          0.4658816735E-15      0.1765261003          0.9511944170E-01    4500
       10.20000000          0.1501382477E-01      0.3252508696E-01      0.1155468352E-03      0.1579460645          0.9725620979          0.9725620979          0.4658816735E-15      0.1763780872          0.9432441925E-01    4500
       10.21500000          0.1493900580E-01      0.3313749281E-01      0.1105400235E-03      0.1609915716          0.9725620979          0.9725620979          0.4658816735E-15      0.1762348905          0.9352958619E-01    4500
       10.23000000          0.1493670187E-01      0.3379208591E-01      0.1097220411E-03      0.1642416384          0.9725620979          0.9725620979          0.4658816735E-15      0.1760962092          0.9273470108E-01    4500
       10.24500000          0.1501464989E-01      0.3447622879E-01      0.1128953393E-03      0.1676407709          0.9725620979          0.9725620979          0.4658816735E-15      0.1759617725          0.9193953448E-01    4500
       10.26000000          0.1518119712E-01      0.3517594278E-01      0.1175586343E-03      0.1711240385          0.9725620979          0.9725620979          0.4658816735E-15      0.1758313362          0.9114386058E-01    4500
       10.27500000          0.1544419624E-01      0.3587677088E-01      0.1228471599E-03      0.1746197670          0.9725620979          0.9725620979          0.4658816735E-15      0.1757046775          0.9034745074E-01    4500
       10.29000000          0.1580940522E-01      0.3656385143E-01      0.1281448495E-03      0.1780546310          0.9725620979          0.9725620979          0.4658816735E-15      0.1755815883          0.8955006979E-01    4500
       10.30500000          0.1627943602E-01      0.3722219202E-01      0.1331952135E-03      0.1813587224          0.9725620979          0.9725620979          0.4658816735E-15      0.1754618692          0.8875147468E-01    4500
       10.32000000          0.1685303985E-01      0.3783600024E-01      0.1382359615E-03      0.1844632245          0.9725620979          0.9725620979          0.4658816735E-15      0.1753453246          0.8795141472E-01    4500
       10.33500000          0.1752439205E-01      0.3838889212E-01      0.1428211383E-03      0.1873006461          0.9725620979          0.9725620979          0.4658816735E-15      0.1752317589          0.8714963259E-01    4500
       10.35000000          0.1828295839E-01      0.3886324981E-01      0.1472099174E-03      0.1897914646          0.9725620979          0.9725620979          0.4658816735E-15      0.1751209745          0.8634586577E-01    4500
       10.36500000          0.1911382905E-01      0.3924206631E-01      0.1516100872E-03      0.1918558798          0.9725620979          0.9725620979          0.4658816735E-15      0.1750127703          0.8553984774E-01    4500
       10.38000000          0.1999862893E-01      0.3951035753E-01      0.1552397115E-03      0.1934201008          0.9725620979          0.9725620979          0.4658816735E-15      0.1749069411          0.8473130868E-01    4500
       10.39500000          0.2091487588E-01      0.3965319575E-01      0.1595908317E-03      0.1943905270          0.9725620979          0.9725620979          0.4658816735E-15      0.1748032783          0.8391997500E-01    4500
       10.41000000          0.2184083985E-01      0.3966423017E-01      0.1623565772E-03      0.1947248421          0.9725620979          0.9725620979          0.4658816735E-15      0.1747015691          0.8310556727E-01    4500
       10.42500000          0.2275279942E-01      0.3953920894E-01      0.1645233602E-03      0.1943837968          0.9725620979          0.9725620979          0.4658816735E-15      0.1746015947          0.8228779732E-01    4500
       10.44000000          0.2363060834E-01      0.3928310971E-01      0.1651447432E-03      0.1933820966          0.9725620979          0.9725620979          0.4658816735E-15      0.1745031252          0.8146636618E-01    4500
       10.45500000          0.2445526007E-01      0.3890402966E-01      0.1650383961E-03      0.1917516661          0.9725620979          0.9725620979          0.4658816735E-15      0.1744059145          0.8064096483E-01    4500
       10.47000000          0.2521130854E-01      0.3841438277E-01      0.1638039937E-03      0.1895491632          0.9725620979          0.9725620979          0.4658816735E-15      0.1743096951          0.7981127809E-01    4500
       10.48500000          0.2588351445E-01      0.3782818353E-01      0.1622769228E-03      0.1868382129          0.9725620979          0.9725620979          0.4658816735E-15      0.1742141774          0.7897698970E-01    4500
       10.50000000          0.2645878172E-01      0.3716392202E-01      0.1604960731E-03      0.1837084410          0.9725620979          0.9725620979          0.4658816735E-15      0.1741190518          0.7813778546E-01    4500
       10.51500000          0.2692984997E-01      0.3644416783E-01      0.1587605935E-03      0.1802759565          0.9725620979          0.9725620979          0.4658816735E-15      0.1740239919          0.7729335208E-01    4500
       10.53000000          0.2729376678E-01      0.3569211259E-01      0.1574156660E-03      0.1766618224          0.9725620979          0.9725620979          0.4658816735E-15      0.1739286534          0.7644337306E-01    4500
       10.54500000          0.2755370685E-01      0.3493007103E-01      0.1555506349E-03      0.1729848876          0.9725620979          0.9725620979          0.4658816735E-15      0.1738326692          0.7558752500E-01    4500
       10.56000000          0.2771561155E-01      0.3417706111E-01      0.1541088808E-03      0.1693436970          0.9725620979          0.9725620979          0.4658816735E-15      0.1737356417          0.7472547810E-01    4500
       10.57500000          0.2778852699E-01      0.3344848246E-01      0.1529394871E-03      0.1658204418          0.9725620979          0.9725620979          0.4658816735E-15      0.1736371354          0.7385690127E-01    4500
       10.59000000          0.2778187093E-01      0.3275608840E-01      0.1514327663E-03      0.1624783965          0.9725620979          0.9725620979          0.4658816735E-15      0.1735366749          0.7298146873E-01    4500
       10.60500000          0.2770546762E-01      0.3210907564E-01      0.1507190117E-03      0.1593642404          0.9725620979          0.9725620979          0.4658816735E-15      0.1734337444          0.7209886465E-01    4500
       10.62000000          0.2756982555E-01      0.3151403800E-01      0.1500747984E-03      0.1565060150          0.9725620979          0.9725620979          0.4658816735E-15      0.1733277871          0.7120878469E-01    4500
       10.63500000          0.2738649360E-01      0.3097434720E-01      0.1495491254E-03      0.1539181531          0.9725620979          0.9725620979          0.4658816735E-15      0.1732182011          0.7031093739E-01    4500
       10.65000000          0.2716370923E-01      0.3049102708E-01      0.1493351778E-03      0.1516005970          0.9725620979          0.9725620979          0.4658816735E-15      0.1731043326          0.6940504880E-01    4500
       10.66500000          0.2691048571E-01      0.3006522672E-01      0.1488329056E-03      0.1495556567          0.9725620979          0.9725620979          0.4658816735E-15      0.1729854708          0.6849087120E-01    4500
       10.68000000          0.2663666833E-01      0.2969699568E-01      0.1489637946E-03      0.1477775656          0.9725620979          0.9725620979          0.4658816735E-15      0.1728608454          0.6756819364E-01    4500
       10.69500000          0.2635068050E-01      0.2938300238E-01      0.1490111629E-03      0.1462423026          0.9725620979          0.9725620979          0.4658816735E-15      0.1727296272          0.6663685136E-01    4500
       10.71000000          0.2605866878E-01      0.2911858311E-01      0.1494459447E-03      0.1449247872          0.9725620979          0.9725620979          0.4658816735E-15      0.1725909272          0.6569673437E-01    4500
       10.72500000          0.2576440442E-01      0.2890131302E-01      0.1489504172E-03      0.1438086588          0.9725620979          0.9725620979          0.4658816735E-15      0.1724437942          0.6474779844E-01    4500
       10.74000000          0.2547403786E-01      0.2872951551E-01      0.1490242784E-03      0.1428773873          0.9725620979          0.9725620979          0.4658816735E-15      0.1722872129          0.6379008158E-01    4500
       10.75500000          0.2519290817E-01      0.2859918197E-01      0.1484323837E-03      0.1421000367          0.9725620979          0.9725620979          0.4658816735E-15      0.1721201081          0.6282372607E-01    4500
       10.77000000          0.2492475564E-01      0.2850544040E-01      0.1478503286E-03      0.1414501655          0.9725620979          0.9725620979          0.4658816735E-15      0.1719413579          0.6184900180E-01    4500
       10.78500000          0.2467287287E-01      0.2844377923E-01      0.1470404459E-03      0.1409114128          0.9725620979          0.9725620979          0.4658816735E-15      0.1717498153          0.6086632599E-01    4500
       10.80000000          0.2443781989E-01      0.2840959261E-01      0.1458466084E-03      0.1404643301          0.9725620979          0.9725620979          0.4658816735E-15      0.1715443360          0.5987627612E-01    4500
       10.81500000          0.2421955692E-01      0.2840109261E-01      0.1449470655E-03      0.1401001217          0.9725620979          0.9725620979          0.4658816735E-15      0.1713238079          0.5887959637E-01    4500
       10.83000000          0.2402031272E-01      0.2841646681E-01      0.1432709322E-03      0.1398154456          0.9725620979          0.9725620979          0.4658816735E-15      0.1710871815          0.5787719947E-01    4500
       10.84500000          0.2384132931E-01      0.2845176355E-01      0.1414561410E-03      0.1396010634          0.9725620979          0.9725620979          0.4658816735E-15      0.1708335042          0.5687016371E-01    4500
       10.86000000          0.2368044164E-01      0.2850509723E-01      0.1395119158E-03      0.1394500016          0.9725620979          0.9725620979          0.4658816735E-15      0.1705619572          0.5585972251E-01    4500
       10.87500000          0.2353717255E-01      0.2857617102E-01      0.1376172483E-03      0.1393800902          0.9725620979          0.9725620979          0.4658816735E-15      0.1702718949          0.5484724163E-01    4500
       10.89000000          0.2341354485E-01      0.2866387132E-01      0.1361109321E-03      0.1393855066          0.9725620979          0.9725620979          0.4658816735E-15      0.1699628785          0.5383418174E-01    4500
       10.90500000          0.2330963577E-01      0.2876559345E-01      0.1349793802E-03      0.1394544625          0.9725620979          0.9725620979          0.4658816735E-15      0.1696346972          0.5282204875E-01    4500
       10.92000000          0.2322248863E-01      0.2887829759E-01      0.1342050325E-03      0.1395783521          0.9725620979          0.9725620979          0.4658816735E-15      0.1692873717          0.5181233884E-01    4500
       10.93500000          0.2314831016E-01      0.2900165403E-01      0.1344114608E-03      0.1397675215          0.9725620979          0.9725620979          0.4658816735E-15      0.1689211393          0.5080648692E-01    4500
       10.95000000          0.2308487205E-01      0.2913809740E-01      0.1345544560E-03      0.1400427355          0.9725620979          0.9725620979          0.4658816735E-15      0.1685364257          0.4980582479E-01    4500
       10.96500000          0.2303199009E-01      0.2929092452E-01      0.1353593772E-03      0.1404255545          0.9725620979          0.9725620979          0.4658816735E-15      0.1681338095          0.4881155160E-01    4500
       10.98000000          0.2299202808E-01      0.2946197437E-01      0.1371687723E-03      0.1409254901          0.9725620979          0.9725620979          0.4658816735E-15      0.1677139836          0.4782471677E-01    4500
       10.99500000          0.2296793975E-01      0.2965086075E-01      0.1391887526E-03      0.1415500773          0.9725620979          0.9725620979          0.4658816735E-15      0.1672777172          0.4684621355E-01    4500
       11.01000000          0.2295929996E-01      0.2985649479E-01      0.1414959918E-03      0.1422977683          0.9725620979          0.9725620979          0.4658816735E-15      0.1668258215          0.4587678193E-01    4500
       11.02500000          0.2296545025E-01      0.3008021082E-01      0.1438035747E-03      0.1431893316          0.9725620979          0.9725620979          0.4658816735E-15      0.1663591213          0.4491701809E-01    4500
       11.04000000          0.2298867594E-01      0.3032431221E-01      0.1470959028E-03      0.1442359927          0.9725620979          0.9725620979          0.4658816735E-15      0.1658784314          0.4396738803E-01    4500
       11.05500000          0.2303320489E-01      0.3059122430E-01      0.1504933767E-03      0.1454473489          0.9725620979          0.9725620979          0.4658816735E-15      0.1653845403          0.4302824264E-01    4500
       11.07000000          0.2310158313E-01      0.3088108569E-01      0.1535617646E-03      0.1468065061          0.9725620979          0.9725620979          0.4658816735E-15      0.1648781966          0.4209983315E-01    4500
       11.08500000          0.2319511342E-01      0.3119666195E-01      0.1563331574E-03      0.1483315439          0.9725620979          0.9725620979          0.4658816735E-15      0.1643600996          0.4118232680E-01    4500
       11.10000000          0.2332135378E-01      0.3153920544E-01      0.1587037238E-03      0.1500230772          0.9725620979          0.9725620979          0.4658816735E-15      0.1638308927          0.4027582306E-01    4500
       11.11500000          0.2348650053E-01      0.3190563240E-01      0.1603458689E-03      0.1518577781          0.9725620979          0.9725620979          0.4658816735E-15      0.1632911614          0.3938036966E-01    4500
       11.13000000          0.2369494791E-01      0.3229746031E-01      0.1613171406E-03      0.1538540454          0.9725620979          0.9725620979          0.4658816735E-15      0.1627414347          0.3849597683E-01    4500
       11.14500000          0.2395558840E-01      0.3271068698E-01      0.1614959772E-03      0.1559823166          0.9725620979          0.9725620979          0.4658816735E-15      0.1621821900          0.3762262772E-01    4500
       11.16000000          0.2427337935E-01      0.3313929344E-01      0.1610324540E-03      0.1582193673          0.9725620979          0.9725620979          0.4658816735E-15      0.1616138577          0.3676028489E-01    4500
       11.17500000          0.2465649272E-01      0.3358160222E-01      0.1604041851E-03      0.1605567417          0.9725620979          0.9725620979          0.4658816735E-15      0.1610368232          0.3590889472E-01    4500
       11.19000000          0.2511104358E-01      0.3402689431E-01      0.1596839665E-03      0.1629378904          0.9725620979          0.9725620979          0.4658816735E-15      0.1604514288          0.3506839193E-01    4500
       11.20500000          0.2564233415E-01      0.3446896172E-01      0.1592121398E-03      0.1653377584          0.9725620979          0.9725620979          0.4658816735E-15      0.1598579734          0.3423870559E-01    4500
       11.22000000          0.2625561464E-01      0.3489603413E-01      0.1592277574E-03      0.1676907432          0.9725620979          0.9725620979          0.4658816735E-15      0.1592567163          0.3341976561E-01    4500
       11.23500000          0.2695324002E-01      0.3529584596E-01      0.1600739901E-03      0.1699426492          0.9725620979          0.9725620979          0.4658816735E-15      0.1586478806          0.3261150794E-01    4500
       11.25000000          0.2773718745E-01      0.3565788216E-01      0.1619872711E-03      0.1720420490          0.9725620979          0.9725620979          0.4658816735E-15      0.1580316590          0.3181387746E-01    4500
       11.26500000          0.2860698637E-01      0.3596522050E-01      0.1655584616E-03      0.1739019218          0.9725620979          0.9725620979          0.4658816735E-15      0.1574082172          0.3102682898E-01    4500
       11.28000000          0.2955913870E-01      0.3620486380E-01      0.1700334405E-03      0.1754617760          0.9725620979          0.9725620979          0.4658816735E-15      0.1567776958          0.3025032791E-01    4500
       11.29500000          0.3058718706E-01      0.3635960265E-01      0.1763212859E-03      0.1766320189          0.9725620979          0.9725620979          0.4658816735E-15      0.1561402115          0.2948435196E-01    4500
       11.31000000          0.3168330062E-01      0.3641535207E-01      0.1833825785E-03      0.1773386109          0.9725620979          0.9725620979          0.4658816735E-15      0.1554958580          0.2872889390E-01    4500
       11.32500000          0.3283329617E-01      0.3635723757E-01      0.1919121047E-03      0.1775059524          0.9725620979          0.9725620979          0.4658816735E-15      0.1548447085          0.2798396466E-01    4500
       11.34000000          0.3402132388E-01      0.3617244209E-01      0.2005379097E-03      0.1770645657          0.9725620979          0.9725620979          0.4658816735E-15      0.1541868185          0.2724959583E-01    4500
       11.35500000          0.3522962587E-01      0.3585351782E-01      0.2097376055E-03      0.1759745425          0.9725620979          0.9725620979          0.4658816735E-15      0.1535222289          0.2652584121E-01    4500
       11.37000000          0.3643547923E-01      0.3539501073E-01      0.2190045166E-03      0.1741978149          0.9725620979          0.9725620979          0.4658816735E-15      0.1528509684          0.2581277806E-01    4500
       11.38500000          0.3761784324E-01      0.3479653131E-01      0.2277144528E-03      0.1717284588          0.9725620979          0.9725620979          0.4658816735E-15      0.1521730555          0.2511050869E-01    4500
       11.40000000          0.3875266474E-01      0.3406263648E-01      0.2361234677E-03      0.1685810887          0.9725620979          0.9725620979          0.4658816735E-15      0.1514885002          0.2441916275E-01    4500
       11.41500000          0.3981898292E-01      0.3320249936E-01      0.2430938040E-03      0.1647915083          0.9725620979          0.9725620979          0.4658816735E-15      0.1507973071          0.2373890000E-01    4500
       11.43000000          0.4079991526E-01      0.3222885790E-01      0.2488237367E-03      0.1604213529          0.9725620979          0.9725620979          0.4658816735E-15      0.1500994787          0.2306991303E-01    4500
       11.44500000          0.4168009621E-01      0.3115774555E-01      0.2528415313E-03      0.1555463073          0.9725620979          0.9725620979          0.4658816735E-15      0.1493950196          0.2241242982E-01    4500
       11.46000000          0.4244814330E-01      0.3000776437E-01      0.2559069493E-03      0.1502484598          0.9725620979          0.9725620979          0.4658816735E-15      0.1486839410          0.2176671588E-01    4500
       11.47500000          0.4309747921E-01      0.2879713973E-01      0.2574845483E-03      0.1446114133          0.9725620979          0.9725620979          0.4658816735E-15      0.1479662662          0.2113307651E-01    4500
       11.49000000          0.4362429931E-01      0.2754440019E-01      0.2576823917E-03      0.1387207691          0.9725620979          0.9725620979          0.4658816735E-15      0.1472420365          0.2051185894E-01    4500
       11.50500000          0.4402890298E-01      0.2626796822E-01      0.2565550787E-03      0.1326661022          0.9725620979          0.9725620979          0.4658816735E-15      0.1465113189          0.1990345406E-01    4500
       11.52000000          0.4431417191E-01      0.2498472857E-01      0.2534028368E-03      0.1265272756          0.9725620979          0.9725620979          0.4658816735E-15      0.1457742146          0.1930829733E-01    4500
       11.53500000          0.4448512935E-01      0.2370959427E-01      0.2488585809E-03      0.1203789253          0.9725620979          0.9725620979          0.4658816735E-15      0.1450308691          0.1872686826E-01    4500
       11.55000000          0.4454856954E-01      0.2245623272E-01      0.2426457644E-03      0.1142878224          0.9725620979          0.9725620979          0.4658816735E-15      0.1442814841          0.1815968814E-01    4500
       11.56500000          0.4451285303E-01      0.2123579481E-01      0.2352991861E-03      0.1083078085          0.9725620979          0.9725620979          0.4658816735E-15      0.1435263298          0.1760731521E-01    4500
       11.58000000          0.4438744217E-01      0.2005752879E-01      0.2270298675E-03      0.1024866853          0.9725620979          0.9725620979          0.4658816735E-15      0.1427657580          0.1707033687E-01    4500
       11.59500000          0.4418174223E-01      0.1892868414E-01      0.2178383669E-03      0.9686139804E-01      0.9725620979          0.9725620979          0.4658816735E-15      0.1420002158          0.1654935770E-01    4500
       11.61000000          0.4390570490E-01      0.1785486280E-01      0.2076059079E-03      0.9146411665E-01      0.9725620979          0.9725620979          0.4658816735E-15      0.1412302574          0.1604498316E-01    4500
       11.62500000          0.4356955226E-01      0.1683954409E-01      0.1974052733E-03      0.8632121607E-01      0.9725620979          0.9725620979          0.4658816735E-15      0.1404565534          0.1555779830E-01    4500
       11.64000000          0.4318312719E-01      0.1588627167E-01      0.1870123328E-03      0.8145220292E-01      0.9725620979          0.9725620979          0.4658816735E-15      0.1396798953          0.1508834220E-01    4500
       11.65500000          0.4275542865E-01      0.1499611393E-01      0.1776393897E-03      0.7686513649E-01      0.9725620979          0.9725620979          0.4658816735E-15      0.1389011934          0.1463707895E-01    4500
       11.67000000          0.4229474800E-01      0.1416956387E-01      0.1682368973E-03      0.7255860827E-01      0.9725620979          0.9725620979          0.4658816735E-15      0.1381214660          0.1420436769E-01    4500
       11.68500000          0.4180995584E-01      0.1340621678E-01      0.1595710961E-03      0.6853012616E-01      0.9725620979          0.9725620979          0.4658816735E-15      0.1373418197          0.1379043442E-01    4500
       11.70000000          0.4130858400E-01      0.1270479600E-01      0.1517825584E-03      0.6477072838E-01      0.9725620979          0.9725620979          0.4658816735E-15      0.1365634203          0.1339534928E-01    4500
       11.71500000          0.4079743790E-01      0.1206337451E-01      0.1442649007E-03      0.6126872733E-01      0.9725620979          0.9725620979          0.4658816735E-15      0.1357874578          0.1301901255E-01    4500
       11.73000000          0.4028397465E-01      0.1147905524E-01      0.1375082698E-03      0.5801374203E-01      0.9725620979          0.9725620979          0.4658816735E-15      0.1350151070          0.1266115147E-01    4500
       11.74500000          0.3977431346E-01      0.1094766718E-01      0.1312863015E-03      0.5499626149E-01      0.9725620979          0.9725620979          0.4658816735E-15      0.1342474900          0.1232132869E-01    4500
       11.76000000          0.3927369044E-01      0.1046288166E-01      0.1253266222E-03      0.5220989593E-01      0.9725620979          0.9725620979          0.4658816735E-15      0.1334856427          0.1199896095E-01    4500
       11.77500000          0.3878620319E-01      0.1001804271E-01      0.1194009826E-03      0.4964927249E-01      0.9725620979          0.9725620979          0.4658816735E-15      0.1327304896          0.1169334538E-01    4500
       11.79000000          0.3831301148E-01      0.9607168840E-02      0.1144197894E-03      0.4730638539E-01      0.9725620979          0.9725620979          0.4658816735E-15      0.1319828279          0.1140368984E-01    4500
       11.80500000          0.3785336366E-01      0.9225386617E-02      0.1101881039E-03      0.4516890741E-01      0.9725620979          0.9725620979          0.4658816735E-15      0.1312433210          0.1112914387E-01    4500
       11.82000000          0.3740571571E-01      0.8869861538E-02      0.1063351849E-03      0.4321978222E-01      0.9725620979          0.9725620979          0.4658816735E-15      0.1305124996          0.1086882744E-01    4500
       11.83500000          0.3696882685E-01      0.8537988826E-02      0.1029950171E-03      0.4143997739E-01      0.9725620979          0.9725620979          0.4658816735E-15      0.1297907697          0.1062185565E-01    4500
       11.85000000          0.3654183452E-01      0.8228214320E-02      0.1006264880E-03      0.3981083909E-01      0.9725620979          0.9725620979          0.4658816735E-15      0.1290784239          0.1038735846E-01    4500
       11.86500000          0.3612502679E-01      0.7939435336E-02      0.9868538827E-04      0.3831701528E-01      0.9725620979          0.9725620979          0.4658816735E-15      0.1283756556          0.1016449547E-01    4500
       11.88000000          0.3571859076E-01      0.7670637303E-02      0.9722422935E-04      0.3694562043E-01      0.9725620979          0.9725620979          0.4658816735E-15      0.1276825729          0.9952466013E-02    4500
       11.89500000          0.3532264372E-01      0.7420702492E-02      0.9633342808E-04      0.3568477984E-01      0.9725620979          0.9725620979          0.4658816735E-15      0.1269992130          0.9750515457E-02    4500
       11.91000000          0.3493750158E-01      0.7188358731E-02      0.9587545043E-04      0.3452437768E-01      0.9725620979          0.9725620979          0.4658816735E-15      0.1263255549          0.9557938424E-02    4500
       11.92500000          0.3456370599E-01      0.6972228006E-02      0.9611894127E-04      0.3345498999E-01      0.9725620979          0.9725620979          0.4658816735E-15      0.1256615311          0.9374079672E-02    4500
       11.94000000          0.3420165895E-01      0.6770652892E-02      0.9661268519E-04      0.3246653589E-01      0.9725620979          0.9725620979          0.4658816735E-15      0.1250070373          0.9198333344E-02    4500
       11.95500000          0.3385157148E-01      0.6582028767E-02      0.9772327118E-04      0.3154891264E-01      0.9725620979          0.9725620979          0.4658816735E-15      0.1243619406          0.9030141108E-02    4500
       11.97000000          0.3351358733E-01      0.6404752968E-02      0.9884118768E-04      0.3069167867E-01      0.9725620979          0.9725620979          0.4658816735E-15      0.1237260873          0.8868989597E-02    4500
       11.98500000          0.3318761832E-01      0.6237113137E-02      0.1003998326E-03      0.2988413023E-01      0.9725620979          0.9725620979          0.4658816735E-15      0.1230993076          0.8714407470E-02    4500
       12.00000000          0.3287332560E-01      0.6077839019E-02      0.1018609803E-03      0.2911654237E-01      0.9725620979          0.9725620979          0.4658816735E-15      0.1224814210          0.8565962309E-02    4500
