   6.00000000000000                       2475   4.81607301190267     
 -0.253817705859623      -1.938195444522200E-002  5.002366290098800E-002
 -1.938196724046600E-002 -0.253817801986616      -0.253817705859623     
   1.18392696479065      -0.253817745409541       1.938195649882400E-002
  5.002367209953000E-002  1.938196150832700E-002 -1.938195444522200E-002
 -0.253817745409541        4.81607303681468      -0.253817706423117     
 -1.938195723815100E-002  5.002369121967100E-002  5.002366290098800E-002
  1.938195649882400E-002 -0.253817706423117        1.18392697943833     
 -0.253817788720492       1.938196686192500E-002 -1.938196724046600E-002
  5.002367209953000E-002 -1.938195723815100E-002 -0.253817788720492     
   4.81607297612879      -0.253817776668671      -0.253817801986616     
  1.938196150832700E-002  5.002369121967100E-002  1.938196686192500E-002
 -0.253817776668671        1.18392703146747     
