# 1.Frequency     2.GF_LinearResponse(Re)    3.GF_LinearResponse(Im)    4.ParticleGF(Re)   5.ParticleGF(Im)   6.HoleGF(Re)   7.HoleGF(Im)    8.Old_GS    9.New_GS   10.Particle_Norm  11.Hole_Norm   12.NI_GF(Re)   13.NI_GF(Im)  14.NI_GF_Part(Re)   15.NI_GF_Part(Im)   16.NI_GF_Hole(Re)   17.NI_GF_Hole(Im)  18.SpectralWeight  19.Iters_p   20.Iters_h    
       2.300000000          0.5664977554          0.3039300320          0.5303337681          0.3035600679          0.3616398728E-01      0.3699640927E-03     -0.2642232068         -0.2642232068           2.463980938          0.8601907745E-01      0.3542357875           2.211386478          0.3263283479           2.211114724          0.2790743962E-01      0.2717539938E-03       0.000000000         66     14
       2.320000000          0.5204773250          0.2908843528          0.4844606630          0.2905175179          0.3601666194E-01      0.3668348410E-03     -0.2642232068         -0.2642232068           2.410467093          0.8565451907E-01      0.4131078816           2.101793111          0.3853086962           2.101523484          0.2779918546E-01      0.2696266580E-03      0.9259136522E-03     60      8
       2.340000000          0.4789071351          0.2831660373          0.4430365547          0.2828022910          0.3587058040E-01      0.3637463408E-03     -0.2642232068         -0.2642232068           2.378243415          0.8529318057E-01      0.4509055596           1.997403318          0.4232137827           1.997135793          0.2769177685E-01      0.2675244663E-03      0.2753172796E-02     64      8
       2.360000000          0.4426462302          0.2785981621          0.4069205045          0.2782374642          0.3572572568E-01      0.3606978587E-03     -0.2642232068         -0.2642232068           2.358970419          0.8493501651E-01      0.4745191950           1.914810603          0.4469339911           1.914545156          0.2758520384E-01      0.2654470203E-03      0.4541323779E-02     66      8
       2.380000000          0.4096178692          0.2753583808          0.3740357873          0.2750006921          0.3558208190E-01      0.3576886895E-03     -0.2642232068         -0.2642232068           2.345209580          0.8457998383E-01      0.5019824746           1.841855023          0.4745030180           1.841591629          0.2747945659E-01      0.2633939290E-03      0.6304622221E-02     68      8
       2.400000000          0.3790960247          0.2740830770          0.3436563912          0.2737283589          0.3543963348E-01      0.3547181445E-03     -0.2642232068         -0.2642232068           2.339778245          0.8422804036E-01      0.5228452407           1.767911060          0.4954707152           1.767649695          0.2737452546E-01      0.2613648096E-03      0.8053548699E-02     69      8
       2.420000000          0.3513178863          0.2742494391          0.3160195211          0.2738976536          0.3529836513E-01      0.3517855503E-03     -0.2642232068         -0.2642232068           2.340502503          0.8387914470E-01      0.5319473465           1.702086108          0.5046769456           1.701826749          0.2727040093E-01      0.2593592866E-03      0.9798945308E-02     71      8
       2.440000000          0.3257060104          0.2747235292          0.2905477486          0.2743746390          0.3515826179E-01      0.3488902483E-03     -0.2642232068         -0.2642232068           2.342540366          0.8353325620E-01      0.5384205809           1.651374048          0.5112535072           1.651116671          0.2716707365E-01      0.2573769919E-03      0.1154638054E-01     72      8
       2.460000000          0.3001875900          0.2742386856          0.2651682813          0.2738926540          0.3501930871E-01      0.3460315944E-03     -0.2642232068         -0.2642232068           2.340482183          0.8319033494E-01      0.5549633302           1.606507165          0.5278987958           1.606251747          0.2706453440E-01      0.2554175647E-03      0.1329378154E-01     74      8
       2.480000000          0.2713468507          0.2749445135          0.2364653593          0.2746013045          0.3488149135E-01      0.3432089587E-03     -0.2642232068         -0.2642232068           2.343508286          0.8285034174E-01      0.5709102164           1.550474813          0.5439474423           1.550221332          0.2696277412E-01      0.2534806513E-03      0.1504188595E-01     76      8
       2.500000000          0.2408310006          0.2815051691          0.2060862051          0.2811647474          0.3474479545E-01      0.3404217248E-03     -0.2642232068         -0.2642232068           2.371349170          0.8251323810E-01      0.5668674561           1.498295388          0.5400056722           1.498043822          0.2686178388E-01      0.2515659048E-03      0.1681312031E-01     78      8
       2.520000000          0.2124131072          0.2927070164          0.1778039002          0.2923693471          0.3460920697E-01      0.3376692900E-03     -0.2642232068         -0.2642232068           2.418136841          0.8217898623E-01      0.5642598740           1.470075902          0.5374983191           1.469826229          0.2676155487E-01      0.2496729849E-03      0.1864089446E-01     79      8
       2.540000000          0.1838786125          0.3081422155          0.1494039021          0.3078072645          0.3447471034E-01      0.3349509980E-03     -0.2642232068         -0.2642232068           2.481157233          0.8184755027E-01      0.5810921541           1.440685656          0.5544300757           1.440437855          0.2666207845E-01      0.2478015581E-03      0.2055345697E-01     80      7
       2.560000000          0.1573827819          0.3329594096          0.1230414863          0.3326271432          0.3434129552E-01      0.3322664037E-03     -0.2642232068         -0.2642232068           2.579252435          0.8151889089E-01      0.5935216742           1.395504687          0.5669583281           1.395258736          0.2656334609E-01      0.2459512971E-03      0.2259414682E-01     81      7
       2.580000000          0.1417157313          0.3664797061          0.1075067837          0.3661500912          0.3420894754E-01      0.3296148784E-03     -0.2642232068         -0.2642232068           2.706104504          0.8119297405E-01      0.5894534086           1.354680525          0.5629880593           1.354436403          0.2646534938E-01      0.2441218809E-03      0.2482053067E-01     82      7
       2.600000000          0.1417914952          0.3982282956          0.1077138420          0.3979012997          0.3407765320E-01      0.3269958671E-03     -0.2642232068         -0.2642232068           2.820998070          0.8086976430E-01      0.5840537897           1.329092274          0.5576857096           1.328849961          0.2636808007E-01      0.2423129948E-03      0.2725467184E-01     83      7
       2.620000000          0.1504537131          0.4159653630          0.1165063135          0.4156409542          0.3394739962E-01      0.3244088287E-03     -0.2642232068         -0.2642232068           2.883195845          0.8054922706E-01      0.5889514920           1.310587110          0.5626799620           1.310346585          0.2627153000E-01      0.2405243299E-03      0.2984633075E-01     84      7
       2.640000000          0.1490142791          0.4201937703          0.1151961050          0.4198719170          0.3381817411E-01      0.3218532335E-03     -0.2642232068         -0.2642232068           2.897833683          0.8023132833E-01      0.6029913290           1.284411674          0.5768156379           1.284172919          0.2617569115E-01      0.2387555831E-03      0.3250790794E-01     86      7
       2.660000000          0.1306390483          0.4308401615          0.9694908407E-01      0.4305208329          0.3368996421E-01      0.3193285627E-03     -0.2642232068         -0.2642232068           2.934351127          0.7991603470E-01      0.6075826079           1.248313517          0.5815020523           1.248076510          0.2608055562E-01      0.2370064571E-03      0.3521683308E-01     88      7
       2.680000000          0.1060152803          0.4609170485          0.7245252267E-01      0.4606002142          0.3356275767E-01      0.3168343086E-03     -0.2642232068         -0.2642232068           3.035127229          0.7960331332E-01      0.6007255629           1.222762692          0.5747394473           1.222527415          0.2598611563E-01      0.2352766602E-03      0.3805538444E-01     89      7
       2.700000000          0.9089265443E-01      0.5165851437          0.5745611200E-01      0.5162707738          0.3343654243E-01      0.3143699739E-03     -0.2642232068         -0.2642232068           3.213318079          0.7929313192E-01      0.6020526878           1.208943065          0.5761603243           1.208709499          0.2589236349E-01      0.2335659060E-03      0.4116687055E-01     91      7
       2.720000000          0.1090246347          0.5892184638          0.7571332809E-01      0.5889065287          0.3331130662E-01      0.3119350717E-03     -0.2642232068         -0.2642232068           3.431927653          0.7898545878E-01      0.6129046486           1.190155937          0.5871053570           1.189924063          0.2579929167E-01      0.2318739136E-03      0.4468675276E-01    100      7
       2.740000000          0.1690285327          0.6524311391          0.1358414941          0.6521216100          0.3318703858E-01      0.3095291250E-03     -0.2642232068         -0.2642232068           3.611430703          0.7868026271E-01      0.6216070398           1.164245724          0.5959001471           1.164015523          0.2570689271E-01      0.2302004072E-03      0.4863904619E-01    102      7
       2.760000000          0.2635974661          0.6775005162          0.2305337393          0.6771933645          0.3306372682E-01      0.3071516668E-03     -0.2642232068         -0.2642232068           3.680199137          0.7837751304E-01      0.6240609259           1.136329081          0.5984457666           1.136100535          0.2561515928E-01      0.2285451162E-03      0.5287235013E-01    104      7
       2.780000000          0.3521670814          0.6377321937          0.3192257214          0.6374273915          0.3294136005E-01      0.3048022394E-03     -0.2642232068         -0.2642232068           3.570510908          0.7807717962E-01      0.6201392806           1.113802720          0.5946151965           1.113575812          0.2552408415E-01      0.2269077748E-03      0.5705886587E-01    111      7
       2.800000000          0.3824452429          0.5664103807          0.3496253157          0.5661079003          0.3281992715E-01      0.3024803946E-03     -0.2642232068         -0.2642232068           3.364841138          0.7777923282E-01      0.6200897501           1.098115390          0.5946560899           1.097890102          0.2543366019E-01      0.2252881222E-03      0.6089177073E-01    110      7
       2.820000000          0.3624156423          0.5196856901          0.3297162251          0.5193855044          0.3269941719E-01      0.3001856932E-03     -0.2642232068         -0.2642232068           3.222996353          0.7748364347E-01      0.6221469133           1.078655449          0.5968030329           1.078431764          0.2534388038E-01      0.2236859024E-03      0.6434892190E-01    110      7
       2.840000000          0.3305983644          0.5192732634          0.2980185450          0.5189753457          0.3257981940E-01      0.2979177047E-03     -0.2642232068         -0.2642232068           3.221722693          0.7719038290E-01      0.6184682241           1.063486878          0.5932134863           1.063264778          0.2525473781E-01      0.2221008639E-03      0.6765603096E-01    110      7
       2.860000000          0.3246548093          0.5557371555          0.2921936861          0.5554414795          0.3246112319E-01      0.2956760075E-03     -0.2642232068         -0.2642232068           3.332989333          0.7689942292E-01      0.6241727501           1.055572635          0.5990065245           1.055352102          0.2516622566E-01      0.2205327598E-03      0.7107789540E-01    110      7
       2.880000000          0.3635450165          0.5971190126          0.3312016984          0.5968255525          0.3234331814E-01      0.2934601884E-03     -0.2642232068         -0.2642232068           3.454924515          0.7661073580E-01      0.6368181422           1.035280594          0.6117398050           1.035061612          0.2507833721E-01      0.2189813478E-03      0.7474755056E-01    110      7
       2.900000000          0.4379042750          0.6078785473          0.4056778810          0.6075872775          0.3222639397E-01      0.2912698421E-03     -0.2642232068         -0.2642232068           3.485935189          0.7632429425E-01      0.6367806995           1.007070505          0.6117896336           1.006853059          0.2499106582E-01      0.2174463898E-03      0.7858317692E-01    111      7
       2.920000000          0.5118389144          0.5700679779          0.4797285738          0.5697788734          0.3211034059E-01      0.2891045717E-03     -0.2642232068         -0.2642232068           3.375734491          0.7604007144E-01      0.6259580750          0.9887429987          0.6010536700          0.9885270710          0.2490440497E-01      0.2159276520E-03      0.8233269716E-01    112      7
       2.940000000          0.5511739681          0.5063498139          0.5191788200          0.5060628500          0.3199514805E-01      0.2869639881E-03     -0.2642232068         -0.2642232068           3.181393875          0.7575804096E-01      0.6191795807          0.9815400430          0.5943612325          0.9813256181          0.2481834822E-01      0.2144249048E-03      0.8575904141E-01    112      7
       2.960000000          0.5646202787          0.4506034725          0.5327394721          0.4503186248          0.3188080655E-01      0.2848477095E-03     -0.2642232068         -0.2642232068           3.001063026          0.7547817684E-01      0.6195810372          0.9763303822          0.5948481480          0.9761174443          0.2473288922E-01      0.2129379227E-03      0.8880511833E-01    121      7
       2.980000000          0.5763907396          0.3992445200          0.5446234331          0.3989617646          0.3176730646E-01      0.2827553620E-03     -0.2642232068         -0.2642232068           2.824754157          0.7520045351E-01      0.6244201420          0.9685642676          0.5997721203          0.9683528011          0.2464802172E-01      0.2114664840E-03      0.9151026851E-01    118      7
       3.000000000          0.5783862263          0.3396105815          0.5467315880          0.3393298949          0.3165463829E-01      0.2806865786E-03     -0.2642232068         -0.2642232068           2.605109116          0.7492484583E-01      0.6285356210          0.9573807732          0.6039718815          0.9571707628          0.2456373954E-01      0.2100103713E-03      0.9386211734E-01    122      7
       3.020000000          0.5622212845          0.2838317661          0.5306784918          0.2835531251          0.3154279269E-01      0.2786409998E-03     -0.2642232068         -0.2642232068           2.381398134          0.7465132904E-01      0.6301031181          0.9467668927          0.6056230815          0.9465583234          0.2448003659E-01      0.2085693705E-03      0.9584659597E-01    121      7
       3.040000000          0.5358013926          0.2402978479          0.5043696322          0.2400212296          0.3143176044E-01      0.2766182728E-03     -0.2642232068         -0.2642232068           2.190987418          0.7437987879E-01      0.6304208903          0.9408005809          0.6060239835          0.9405934376          0.2439690689E-01      0.2071432718E-03      0.9751495234E-01    113      7
       3.060000000          0.5057428008          0.2080062204          0.4744212683          0.2077316023          0.3132153249E-01      0.2746180516E-03     -0.2642232068         -0.2642232068           2.038291991          0.7411047110E-01      0.6399080694          0.9400625966          0.6155937249          0.9398568647          0.2431434451E-01      0.2057318687E-03      0.9894194851E-01    120      7
       3.080000000          0.4740341789          0.1851545125          0.4428220790          0.1848818725          0.3121209991E-01      0.2726399969E-03     -0.2642232068         -0.2642232068           1.922925422          0.7384308237E-01      0.6590246997          0.9260417217          0.6347923561          0.9258373867          0.2423234362E-01      0.2043349584E-03      0.1001934180        119      7
       3.100000000          0.4430136313          0.1700560729          0.4119101774          0.1697853892          0.3110345389E-01      0.2706837757E-03     -0.2642232068         -0.2642232068           1.842745875          0.7357768938E-01      0.6632872448          0.8988205927          0.6391363463          0.8986176404          0.2415089847E-01      0.2029523415E-03      0.1013240884        113      7
       3.120000000          0.4142117804          0.1604889627          0.3832161946          0.1602202136          0.3099558579E-01      0.2687490617E-03     -0.2642232068         -0.2642232068           1.790086324          0.7331426926E-01      0.6519062440          0.8847240266          0.6278362407          0.8845224427          0.2407000337E-01      0.2015838222E-03      0.1023762459        119      7
       3.140000000          0.3871140428          0.1565173496          0.3562255558          0.1562505140          0.3088848706E-01      0.2668355344E-03     -0.2642232068         -0.2642232068           1.767770725          0.7305279949E-01      0.6493422905          0.8875965387          0.6253526377          0.8873963095          0.2398965273E-01      0.2002292081E-03      0.1033853084        120      7
       3.160000000          0.3625355989          0.1608177529          0.3317534496          0.1605528100          0.3078214930E-01      0.2649428795E-03     -0.2642232068         -0.2642232068           1.791942383          0.7279325792E-01      0.6643145058          0.8868633107          0.6404046647          0.8866644224          0.2390984104E-01      0.1988883099E-03      0.1043954174        121      7
       3.180000000          0.3464714487          0.1749337713          0.3157948845          0.1746707005          0.3067656423E-01      0.2630707885E-03     -0.2642232068         -0.2642232068           1.869068354          0.7253562272E-01      0.6800931530          0.8679911436          0.6562625901          0.8677935827          0.2383056283E-01      0.1975609417E-03      0.1054641477        122      7
       3.200000000          0.3491331866          0.1900913882          0.3185614629          0.1898301692          0.3057172368E-01      0.2612189589E-03     -0.2642232068         -0.2642232068           1.948487062          0.7227987241E-01      0.6773070588          0.8452398991          0.6535552460          0.8450436521          0.2375181275E-01      0.1962469207E-03      0.1066260588        124      7
       3.220000000          0.3655886494          0.1856008663          0.3351210298          0.1853414792          0.3046761962E-01      0.2593870935E-03     -0.2642232068         -0.2642232068           1.925312286          0.7202598582E-01      0.6682587168          0.8401588876          0.6445851313          0.8399639415          0.2367358549E-01      0.1949460672E-03      0.1078219244        134      7
       3.240000000          0.3716117041          0.1615902082          0.3412474600          0.1613326333          0.3036424412E-01      0.2575749010E-03     -0.2642232068         -0.2642232068           1.796287809          0.7177394212E-01      0.6743276326          0.8431306479          0.6507317568          0.8429369897          0.2359587582E-01      0.1936582044E-03      0.1089270679        135      7
       3.260000000          0.3614456842          0.1374880782          0.3311840949          0.1372322961          0.3026158938E-01      0.2557820951E-03     -0.2642232068         -0.2642232068           1.656697207          0.7152372079E-01      0.6892285638          0.8343291538          0.6657098852          0.8341367706          0.2351867858E-01      0.1923831588E-03      0.1098790637        143      7
       3.280000000          0.3446397121          0.1210904790          0.3144800644          0.1208364706          0.3015964770E-01      0.2540083950E-03     -0.2642232068         -0.2642232068           1.554581485          0.7127530160E-01      0.6949377482          0.8166099764          0.6714957595          0.8164188557          0.2344198869E-01      0.1911207596E-03      0.1107021448        144      7
       3.300000000          0.3275661302          0.1093551557          0.2975077188          0.1091029021          0.3005841149E-01      0.2522535249E-03     -0.2642232068         -0.2642232068           1.477178830          0.7102866466E-01      0.6925270812          0.8068543280          0.6691612801          0.8066644572          0.2336580111E-01      0.1898708388E-03      0.1114356760        145      7
       3.320000000          0.3100424702          0.9923975513E-01      0.2800845969          0.9898923792E-01      0.2995787330E-01      0.2505172142E-03     -0.2642232068         -0.2642232068           1.407048927          0.7078379035E-01      0.6965122754          0.8028411796          0.6732221645          0.8026525464          0.2329011090E-01      0.1886332313E-03      0.1120996543        145      7
       3.340000000          0.2910915605          0.9144900269E-01      0.2612335348          0.9120020349E-01      0.2985802574E-01      0.2487991972E-03     -0.2642232068         -0.2642232068           1.350557652          0.7054065935E-01      0.7027731542          0.7953835803          0.6795582411          0.7951961726          0.2321491316E-01      0.1874077747E-03      0.1127066354        146      7
       3.360000000          0.2712854581          0.8644638162E-01      0.2415265966          0.8619928241E-01      0.2975886155E-01      0.2470992128E-03     -0.2642232068         -0.2642232068           1.313006214          0.7029925263E-01      0.7089720993          0.7887249906          0.6858318963          0.7885387963          0.2314020307E-01      0.1861943094E-03      0.1132728940        149      7
       3.380000000          0.2510291888          0.8416114240E-01      0.2213688152          0.8391572540E-01      0.2966037359E-01      0.2454170047E-03     -0.2642232068         -0.2642232068           1.295497113          0.7005955144E-01      0.7171679949          0.7799207502          0.6941020191          0.7797357575          0.2306597586E-01      0.1849926782E-03      0.1138159546        156      7
       3.400000000          0.2302518446          0.8505755776E-01      0.2006892898          0.8481380544E-01      0.2956255479E-01      0.2437523215E-03     -0.2642232068         -0.2642232068           1.302409920          0.6982153729E-01      0.7227074168          0.7689896624          0.6997151899          0.7688058597          0.2299222683E-01      0.1838027268E-03      0.1143545945        157      7
       3.420000000          0.2090108795          0.9028391296E-01      0.1795454813          0.9004180804E-01      0.2946539820E-01      0.2421049159E-03     -0.2642232068         -0.2642232068           1.341951405          0.6958519200E-01      0.7248736984          0.7605311377          0.7019547471          0.7603485134          0.2291895135E-01      0.1826243031E-03      0.1149127237        159      7
       3.440000000          0.1884171111          0.1018370181          0.1590482141          0.1015965435          0.2936889696E-01      0.2404745451E-03     -0.2642232068         -0.2642232068           1.425458959          0.6935049761E-01      0.7295919054          0.7582441373          0.7067457605          0.7580626800          0.2284614484E-01      0.1814572576E-03      0.1155242636        167      7
       3.460000000          0.1724282006          0.1225878499          0.1431551563          0.1223489890          0.2927304430E-01      0.2388609709E-03     -0.2642232068         -0.2642232068           1.564283929          0.6911743645E-01      0.7428664205          0.7527350232          0.7200926177          0.7525547217          0.2277380277E-01      0.1803014434E-03      0.1162386302        163      7
       3.480000000          0.1711670648          0.1524813556          0.1419892312          0.1522440916          0.2917783356E-01      0.2372639589E-03     -0.2642232068         -0.2642232068           1.744960068          0.6888599111E-01      0.7514800401          0.7384694093          0.7287781195          0.7382902526          0.2270192069E-01      0.1791567158E-03      0.1171142027        171      7
       3.500000000          0.1957568790          0.1756637658          0.1666736209          0.1754280826          0.2908325816E-01      0.2356832791E-03     -0.2642232068         -0.2642232068           1.873114915          0.6865614440E-01      0.7526508778          0.7305326014          0.7300203836          0.7303545785          0.2263049418E-01      0.1780229325E-03      0.1181587210        172      7
       3.520000000          0.2299481625          0.1667510882          0.2009588509          0.1665169695          0.2898931161E-01      0.2341187055E-03     -0.2642232068         -0.2642232068           1.824921025          0.6842787941E-01      0.7606275309          0.7290947675          0.7380680120          0.7289178675          0.2255951891E-01      0.1768999534E-03      0.1192486614        172      7
       3.540000000          0.2425650450          0.1361940823          0.2136690575          0.1359615123          0.2889598754E-01      0.2325700160E-03     -0.2642232068         -0.2642232068           1.649008957          0.6820117945E-01      0.7748655061          0.7218871167          0.7523765155          0.7217113290          0.2248899058E-01      0.1757876407E-03      0.1202129658        172      7
       3.560000000          0.2343937913          0.1092634785          0.2055905117          0.1090324415          0.2880327961E-01      0.2310369923E-03     -0.2642232068         -0.2642232068           1.476703122          0.6797602809E-01      0.7840115456          0.7094127166          0.7615926406          0.7092380308          0.2241890495E-01      0.1746858590E-03      0.1209942815        172      7
       3.580000000          0.2187889010          0.9277570320E-01      0.1900777194          0.9254618378E-01      0.2871118162E-01      0.2295194201E-03     -0.2642232068         -0.2642232068           1.360486581          0.6775240912E-01      0.7896135233          0.7026113814          0.7672642654          0.7024377870          0.2234925783E-01      0.1735944747E-03      0.1216373922        172      7
       3.600000000          0.2038434561          0.8341883867E-01      0.1752237686          0.8319082158E-01      0.2861968744E-01      0.2280170887E-03     -0.2642232068         -0.2642232068           1.289890566          0.6753030655E-01      0.8015814715          0.6989719467          0.7793014264          0.6987994333          0.2228004511E-01      0.1725133565E-03      0.1221982368        173      7
       3.620000000          0.1911019580          0.7542428664E-01      0.1625731670          0.7519775685E-01      0.2852879100E-01      0.2265297910E-03     -0.2642232068         -0.2642232068           1.226358979          0.6730970463E-01      0.8167368019          0.6894169272          0.7945255392          0.6892454848          0.2221126269E-01      0.1714423754E-03      0.1227038502        173      7
       3.640000000          0.1772547701          0.6679786752E-01      0.1488162838          0.6657281020E-01      0.2843848634E-01      0.2250573234E-03     -0.2642232068         -0.2642232068           1.153889408          0.6709058784E-01      0.8272641326          0.6787145985          0.8051212261          0.6785442170          0.2214290656E-01      0.1703814040E-03      0.1231565573        173      7
       3.660000000          0.1610384601          0.5967679628E-01      0.1326896925          0.5945319679E-01      0.2834876757E-01      0.2235994859E-03     -0.2642232068         -0.2642232068           1.090440990          0.6687294085E-01      0.8395252804          0.6727605404          0.8174503077          0.6725912101          0.2207497273E-01      0.1693303172E-03      0.1235591387        173      7
       3.680000000          0.1436355628          0.5506178533E-01      0.1153759339          0.5483962925E-01      0.2825962888E-01      0.2221560819E-03     -0.2642232068         -0.2642232068           1.047277573          0.6665674856E-01      0.8573963679          0.6641052437          0.8353889107          0.6639369547          0.2200745727E-01      0.1682889918E-03      0.1239243630        174      7
       3.700000000          0.1259300582          0.5274944394E-01      0.9775899370E-01      0.5252871702E-01      0.2817106453E-01      0.2207269182E-03     -0.2642232068         -0.2642232068           1.024974302          0.6644199609E-01      0.8733291954          0.6523500790          0.8513888391          0.6521828217          0.2194035632E-01      0.1672573065E-03      0.1242675368        174      7
       3.720000000          0.1082618990          0.5252259049E-01      0.8017883008E-01      0.5230327869E-01      0.2808306888E-01      0.2193118046E-03     -0.2642232068         -0.2642232068           1.022772106          0.6622866875E-01      0.8911132625          0.6429031518          0.8692395965          0.6427369166          0.2187366603E-01      0.1662351420E-03      0.1246026280        177      7
       3.740000000          0.9094948318E-01      0.5439320393E-01      0.6295384683E-01      0.5417529338E-01      0.2799563635E-01      0.2179105544E-03     -0.2642232068         -0.2642232068           1.040915122          0.6601675206E-01      0.9129245417          0.6307400235          0.8911171590          0.6305748011          0.2180738262E-01      0.1652223806E-03      0.1249429516        190      7
       3.760000000          0.7463238446E-01      0.5831831933E-01      0.4672362304E-01      0.5810179635E-01      0.2790876142E-01      0.2165229839E-03     -0.2642232068         -0.2642232068           1.077977566          0.6580623172E-01      0.9359999926          0.6161518455          0.9142584902          0.6159876266          0.2174150237E-01      0.1642189066E-03      0.1253017235        199      7
       3.780000000          0.5989630762E-01      0.6394003498E-01      0.3207386896E-01      0.6372488607E-01      0.2782243866E-01      0.2151489126E-03     -0.2642232068         -0.2642232068           1.128936400          0.6559709367E-01      0.9624645040          0.5994771624          0.9407884824          0.5993139378          0.2167602157E-01      0.1632246062E-03      0.1256908839        217      7
       3.800000000          0.4796779132E-01      0.7113415207E-01      0.2023112860E-01      0.7092036391E-01      0.2773666272E-01      0.2137881627E-03     -0.2642232068         -0.2642232068           1.190967669          0.6538932399E-01      0.9929660840          0.5778901710          0.9713551474          0.5777279317          0.2161093658E-01      0.1622393671E-03      0.1261208384        214      7
       3.820000000          0.4116049854E-01      0.7660396055E-01      0.1350907024E-01      0.7639151999E-01      0.2765142829E-01      0.2124405597E-03     -0.2642232068         -0.2642232068           1.236054040          0.6518290899E-01       1.026974437          0.5493884281           1.005428193          0.5492271650          0.2154624380E-01      0.1612630789E-03      0.1265911034        222      7
       3.840000000          0.3501212302E-01      0.7470660963E-01      0.7445392852E-02      0.7449550370E-01      0.2756673017E-01      0.2111059319E-03     -0.2642232068         -0.2642232068           1.220618547          0.6497783515E-01       1.064244132          0.5096730596           1.042762192          0.5095127640          0.2148193967E-01      0.1602956327E-03      0.1270727400        233      7
       3.860000000          0.2230466080E-01      0.6896131090E-01     -0.5177902391E-02      0.6875152679E-01      0.2748256319E-01      0.2097841103E-03     -0.2642232068         -0.2642232068           1.172616423          0.6477408912E-01       1.099634813          0.4528582409           1.078216793          0.4526989040          0.2141802069E-01      0.1593369216E-03      0.1275300491        238      7
       3.880000000          0.3793355147E-02      0.6502824531E-01     -0.2360556712E-01      0.6481977038E-01      0.2739892227E-01      0.2084749288E-03     -0.2642232068         -0.2642232068           1.138594372          0.6457165774E-01       1.120718103          0.3761610172           1.099363620          0.3760026303          0.2135448337E-01      0.1583868399E-03      0.1279565512        235      7
       3.900000000         -0.1803483753E-01      0.6410423401E-01     -0.4535063614E-01      0.6389705592E-01      0.2731579861E-01      0.2071780955E-03     -0.2642232068         -0.2642232068           1.130460258          0.6437052655E-01       1.112502611          0.2914832718           1.091211286          0.2913258265          0.2129132429E-01      0.1574452838E-03      0.1283675926        232      6
       3.920000000         -0.4208124193E-01      0.6611342893E-01     -0.6931443668E-01      0.6590753523E-01      0.2723319475E-01      0.2058937071E-03     -0.2642232068         -0.2642232068           1.148106599          0.6417068546E-01       1.077824573          0.2202646392           1.056596033          0.2201081271          0.2122854006E-01      0.1565121510E-03      0.1287820883        228      6
       3.940000000         -0.6778878528E-01      0.7119074470E-01     -0.9493988748E-01      0.7098612322E-01      0.2715110220E-01      0.2046214787E-03     -0.2642232068         -0.2642232068           1.191521507          0.6397212087E-01       1.032954453          0.1699624781           1.011788326          0.1698068907          0.2116612733E-01      0.1555873406E-03      0.1292191411        230      6
       3.960000000         -0.9461201989E-01      0.7970924725E-01     -0.1216815359          0.7950588600E-01      0.2706951602E-01      0.2033612525E-03     -0.2642232068         -0.2642232068           1.260998201          0.6377482004E-01      0.9885106158          0.1359244662          0.9674065330          0.1357697955          0.2110408280E-01      0.1546707535E-03      0.1296994706        242      6
       3.980000000         -0.1217181107          0.9172773149E-01     -0.1487065422          0.9152561862E-01      0.2698843142E-01      0.2021128755E-03     -0.2642232068         -0.2642232068           1.352966006          0.6357877065E-01      0.9479621669          0.1123847430          0.9269197637          0.1122309807          0.2104240319E-01      0.1537622918E-03      0.1302451715        253      6
       4.000000000         -0.1492515760          0.1068383769         -0.1761594197          0.1066375007          0.2690784370E-01      0.2008761972E-03     -0.2642232068         -0.2642232068           1.460392064          0.6338396058E-01      0.9117628679          0.9546480063E-01      0.8907817826          0.9531193877E-01      0.2098108528E-01      0.1528618591E-03      0.1308772271        255      6
       4.020000000         -0.1772060831          0.1269016563         -0.2040338314          0.1267020052          0.2682774822E-01      0.1996510692E-03     -0.2642232068         -0.2642232068           1.591863960          0.6319037782E-01      0.8794902491          0.8283192541E-01      0.8585701232          0.8267995605E-01      0.2092012587E-01      0.1519693607E-03      0.1316212447        270      6
       4.040000000         -0.2013206136          0.1518359579         -0.2280687540          0.1516375205          0.2674814038E-01      0.1984373460E-03     -0.2642232068         -0.2642232068           1.741475472          0.6299801056E-01      0.8505647573          0.7308322301E-01      0.8297052355          0.7293213831E-01      0.2085952181E-01      0.1510847029E-03      0.1325084941        288      6
       4.060000000         -0.2223042156          0.1748351086         -0.2489732312          0.1746378738          0.2666901566E-01      0.1972348839E-03     -0.2642232068         -0.2642232068           1.868895895          0.6280684711E-01      0.8244526772          0.6534887085E-01      0.8036534072          0.6519866306E-01      0.2079926999E-01      0.1502077937E-03      0.1335483204        288      6
       4.080000000         -0.2488290496          0.1981775793         -0.2754194192          0.1979815358          0.2659036957E-01      0.1960435418E-03     -0.2642232068         -0.2642232068           1.989881258          0.6261687597E-01      0.8007083065          0.5906926585E-01      0.7799689392          0.5891992731E-01      0.2073936732E-01      0.1493385423E-03      0.1347356566        282      6
       4.100000000         -0.2780967400          0.2305526794         -0.3046089377          0.2303578162          0.2651219771E-01      0.1948631808E-03     -0.2642232068         -0.2642232068           2.146422282          0.6242808574E-01      0.7789702507          0.5387125771E-01      0.7582904400          0.5372278085E-01      0.2067981076E-01      0.1484768593E-03      0.1361003474        289      6
       4.120000000         -0.3019110495          0.2686309810         -0.3283455452          0.2684372873          0.2643449570E-01      0.1936936641E-03     -0.2642232068         -0.2642232068           2.317049655          0.6224046521E-01      0.7589471813          0.4949780899E-01      0.7383265840          0.4935018633E-01      0.2062059730E-01      0.1476226566E-03      0.1376892984        305      6
       4.140000000         -0.3292363036          0.3023836119         -0.3555935628          0.3021910770          0.2635725924E-01      0.1925348571E-03     -0.2642232068         -0.2642232068           2.458417124          0.6205400330E-01      0.7404034029          0.4576669354E-01      0.7198416789          0.4561991769E-01      0.2056172397E-01      0.1467758474E-03      0.1395068943        327      6
       4.160000000         -0.3772945300          0.3480979937         -0.4035750141          0.3479066070          0.2628048408E-01      0.1913866273E-03     -0.2642232068         -0.2642232068           2.637850298          0.6186868906E-01      0.7231467951          0.4254540911E-01      0.7026436073          0.4239947276E-01      0.2050318783E-01      0.1459363460E-03      0.1415774415        344      6
       4.180000000         -0.4364838280          0.4354494226         -0.4626879940          0.4352591738          0.2620416600E-01      0.1902488442E-03     -0.2642232068         -0.2642232068           2.950449716          0.6168451169E-01      0.7070193474          0.3973543946E-01      0.6865743615          0.3959033539E-01      0.2044498597E-01      0.1451040682E-03      0.1440715504        357      6
       4.200000000         -0.4723578120          0.5868671416         -0.4984861128          0.5866780202          0.2612830087E-01      0.1891213795E-03     -0.2642232068         -0.2642232068           3.425403867          0.6150146053E-01      0.6918898895          0.3726208427E-01      0.6715027740          0.3711780533E-01      0.2038711553E-01      0.1442789309E-03      0.1473256851        370      6
       4.220000000         -0.4136350555          0.7934441613         -0.4396879401          0.7932561572          0.2605288457E-01      0.1880041068E-03     -0.2642232068         -0.2642232068           3.983099618          0.6131952505E-01      0.6776485364          0.3506770784E-01      0.6573189628          0.3492424699E-01      0.2032957365E-01      0.1434608521E-03      0.1517193524        386      6
       4.240000000         -0.2103771690          0.9423636204         -0.2363550821          0.9421767235          0.2597791307E-01      0.1868969016E-03     -0.2642232068         -0.2642232068           4.340936968          0.6113869485E-01      0.6642024331          0.3310714728E-01      0.6439300756          0.3296449753E-01      0.2027235755E-01      0.1426497511E-03      0.1572446002        415      6
       4.260000000          0.1600058388E-01      0.9327352172         -0.9902798469E-02      0.9325494176          0.2590338235E-01      0.1857996414E-03     -0.2642232068         -0.2642232068           4.318656194          0.6095895968E-01      0.6514724739          0.3134452006E-01      0.6312570095          0.3120267452E-01      0.2021546443E-01      0.1418455483E-03      0.1632132252        467      6
       4.280000000          0.1687757921          0.8423482787          0.1429465036          0.8421635665          0.2582928846E-01      0.1847122055E-03     -0.2642232068         -0.2642232068           4.104071521          0.6078030939E-01      0.6393907542          0.2975096046E-01      0.6192318626          0.2960991230E-01      0.2015889156E-01      0.1410481654E-03      0.1688634915        479      6
       4.300000000          0.2485094325          0.7207524741          0.2227538050          0.7205688396          0.2575562751E-01      0.1836344752E-03     -0.2642232068         -0.2642232068           3.796208836          0.6060273398E-01      0.6278985730          0.2830298537E-01      0.6077959367          0.2816272784E-01      0.2010263624E-01      0.1402575249E-03      0.1738389957        536      6
       4.320000000          0.2589668882          0.6203558760          0.2332844926          0.6201733097          0.2568239563E-01      0.1825663334E-03     -0.2642232068         -0.2642232068           3.521870919          0.6042622356E-01      0.6169448542          0.2698129533E-01      0.5968981584          0.2684182178E-01      0.2004669577E-01      0.1394735508E-03      0.1781078761        562      6
       4.340000000          0.2557380037          0.5589888315          0.2301284147          0.5588073238          0.2560958901E-01      0.1815076649E-03     -0.2642232068         -0.2642232068           3.343077354          0.6025076838E-01      0.6064848876          0.2576988175E-01      0.5864938201          0.2563118558E-01      0.1999106750E-01      0.1386961677E-03      0.1818618469        578      6
       4.360000000          0.2525461362          0.4997607824          0.2270089323          0.4995803241          0.2553720389E-01      0.1804583564E-03     -0.2642232068         -0.2642232068           3.160938714          0.6007635878E-01      0.5964793162          0.2465535300E-01      0.5765435674          0.2451742770E-01      0.1993574883E-01      0.1379253017E-03      0.1852319516        590      6
       4.380000000          0.2236512201          0.4462093865          0.1981859836          0.4460299682          0.2546523654E-01      0.1794182960E-03     -0.2642232068         -0.2642232068           2.986752029          0.5990298526E-01      0.5868933156          0.2362641946E-01      0.5670125784          0.2348925858E-01      0.1988073714E-01      0.1371608797E-03      0.1882430682        594      6
       4.400000000          0.1844006401          0.4255828572          0.1590069568          0.4254044699          0.2539368330E-01      0.1783873737E-03     -0.2642232068         -0.2642232068           2.916846977          0.5973063840E-01      0.5776959234          0.2267349551E-01      0.5578698935          0.2253709268E-01      0.1982602989E-01      0.1364028298E-03      0.1910180691        607      6
       4.420000000          0.1685158576          0.4207917609          0.1431933171          0.4206143954          0.2532254053E-01      0.1773654811E-03     -0.2642232068         -0.2642232068           2.900405779          0.5955930892E-01      0.5688594880          0.2178838861E-01      0.5490878634          0.2165273753E-01      0.1977162454E-01      0.1356510808E-03      0.1937121632        618      6
       4.440000000          0.1601587973          0.3946556122          0.1349069927          0.3944792597          0.2525180464E-01      0.1763525114E-03     -0.2642232068         -0.2642232068           2.808837268          0.5938898764E-01      0.5603592112          0.2096405416E-01      0.5406416927          0.2082914860E-01      0.1971751858E-01      0.1349055629E-03      0.1963078128        600      6
       4.460000000          0.1240494784          0.3575239761          0.9886800628E-01      0.3573486277          0.2518147208E-01      0.1753483593E-03     -0.2642232068         -0.2642232068           2.673377019          0.5921966549E-01      0.5521727678          0.2019440033E-01      0.5325090582          0.2006023413E-01      0.1966370954E-01      0.1341662068E-03      0.1987020748        588      6
       4.480000000          0.5689213326E-01      0.3391722639          0.3178059391E-01      0.3389979110          0.2511153936E-01      0.1743529214E-03     -0.2642232068         -0.2642232068           2.603841360          0.5905133354E-01      0.5442799853          0.1947413148E-01      0.5246697903          0.1934069854E-01      0.1961019496E-01      0.1334329447E-03      0.2009197278        581      6
       4.500000000         -0.2467635019E-01      0.3552978994         -0.4971835318E-01      0.3551245333          0.2504200299E-01      0.1733660955E-03     -0.2642232068         -0.2642232068           2.665056330          0.5888398292E-01      0.5366625751          0.1879862154E-01      0.5171056026          0.1866591583E-01      0.1955697243E-01      0.1327057094E-03      0.2031302950        586      6
