   3.00000000000000                       2475   1.50000020517428     
 -4.166938310563400E-002  6.106710000000000E-010  1.588269496034800E-002
  6.323600000000000E-010 -4.167517044823800E-002 -4.166938310563400E-002
   1.49999979521372      -4.167286472847800E-002 -6.580190000000000E-010
  1.588322158847500E-002 -6.129600000000000E-010  6.106710000000000E-010
 -4.167286472847800E-002   1.50000020531592      -4.167517044783900E-002
  6.339100000000000E-010  1.588368584029800E-002  1.588269496034800E-002
 -6.580190000000000E-010 -4.167517044783900E-002   1.49999979492456     
 -4.166938310687800E-002 -6.400700000000000E-010  6.323600000000000E-010
  1.588322158847500E-002  6.339100000000000E-010 -4.166938310687800E-002
   1.50000020466501      -4.167286472859000E-002 -4.167517044823800E-002
 -6.129600000000000E-010  1.588368584029800E-002 -6.400700000000000E-010
 -4.167286472859000E-002   1.49999979464692     
