# 1.Frequency     2.GF_LinearResponse(Re)    3.GF_LinearResponse(Im)    4.ParticleGF(Re)   5.ParticleGF(Im)   6.HoleGF(Re)   7.HoleGF(Im)    8.Old_GS    9.New_GS   10.Particle_Norm  11.Hole_Norm   12.NI_GF(Re)   13.NI_GF(Im)  14.NI_GF_Part(Re)   15.NI_GF_Part(Im)   16.NI_GF_Hole(Re)   17.NI_GF_Hole(Im)  18.SpectralWeight  19.Iters_p   20.Iters_h    
      -4.500000000         -0.2603603337          0.5621873852E-01     -0.8073817104E-01      0.6702841685E-03     -0.1796221626          0.5554845435E-01      -3.402920264          -3.402920264          0.1157829257           1.054000993         -0.2704629802          0.4540462475E-02     -0.8284275997E-01      0.6961212982E-03     -0.1876202202          0.3844341176E-02       0.000000000         12   1405
      -4.480000000         -0.2667995550          0.5193040641E-01     -0.8100714584E-01      0.6748632066E-03     -0.1857924091          0.5125554320E-01      -3.402920264          -3.402920264          0.1161777339           1.012498923         -0.2722922790          0.4615159199E-02     -0.8312211939E-01      0.7008903067E-03     -0.1891701596          0.3914268892E-02      0.1652996175E-03      6   1157
      -4.460000000         -0.2754648106          0.4887111635E-01     -0.8127797315E-01      0.6794904120E-03     -0.1941868374          0.4819162594E-01      -3.402920264          -3.402920264          0.1165753404          0.9817351830         -0.2741518086          0.4692004711E-02     -0.8340339577E-01      0.7057091615E-03     -0.1907484128          0.3986295550E-02      0.4861608299E-03      6   1137
      -4.440000000         -0.2859929144          0.4799865787E-01     -0.8155066010E-01      0.6841663132E-03     -0.2044422543          0.4731449156E-01      -3.402920264          -3.402920264          0.1169757583          0.9727816259         -0.2760424424          0.4771091031E-02     -0.8368660919E-01      0.7105785690E-03     -0.1923558332          0.4060512462E-02      0.7945068980E-03      6   1117
      -4.420000000         -0.2981556066          0.5050775767E-01     -0.8182522662E-01      0.6888916112E-03     -0.2163303800          0.4981886606E-01      -3.402920264          -3.402920264          0.1173790186          0.9981824050         -0.2779650914          0.4852515511E-02     -0.8397178000E-01      0.7154992481E-03     -0.1939933114          0.4137016263E-02      0.1108062557E-02      6   1105
      -4.400000000         -0.3103409772          0.5807806751E-01     -0.8210169262E-01      0.6936670160E-03     -0.2282392846          0.5738440049E-01      -3.402920264          -3.402920264          0.1177851523           1.071305353         -0.2799207064          0.4936381230E-02     -0.8425892884E-01      0.7204719308E-03     -0.1956617775          0.4215909299E-02      0.1453701974E-02      6   1095
      -4.380000000         -0.3189993851          0.7127783394E-01     -0.8238007827E-01      0.6984932507E-03     -0.2366193069          0.7057934069E-01      -3.402920264          -3.402920264          0.1181941911           1.188099634         -0.2819102801          0.5022797424E-02     -0.8454807665E-01      0.7254973622E-03     -0.1973622034          0.4297300062E-02      0.1865454596E-02      6   1099
      -4.360000000         -0.3198437265          0.8673640499E-01     -0.8266040405E-01      0.7033710515E-03     -0.2371833224          0.8603303394E-01      -3.402920264          -3.402920264          0.1186061669           1.311743264         -0.2839348499          0.5111879954E-02     -0.8483924467E-01      0.7305763011E-03     -0.1990956052          0.4381303652E-02      0.2368429541E-02      6   1112
      -4.340000000         -0.3139262299          0.9800656082E-01     -0.8294269071E-01      0.7083011683E-03     -0.2309835392          0.9729825965E-01      -3.402920264          -3.402920264          0.1190211123           1.394968957         -0.2859955006          0.5203751815E-02     -0.8513245445E-01      0.7357095203E-03     -0.2008630461          0.4468042294E-02      0.2956484665E-02      6   1117
      -4.320000000         -0.3058017719          0.1039539607         -0.8322695932E-01      0.7132843648E-03     -0.2225748126          0.1032406764          -3.402920264          -3.402920264          0.1194390602           1.436960451         -0.2880933670          0.5298543701E-02     -0.8542772784E-01      0.7408978065E-03     -0.2026656392          0.4557645895E-02      0.3599344971E-02      6   1120
      -4.300000000         -0.2961533716          0.1038973278         -0.8351323126E-01      0.7183214188E-03     -0.2126401403          0.1031790064          -3.402920264          -3.402920264          0.1198600441           1.436502416         -0.2902296375          0.5396394619E-02     -0.8572508702E-01      0.7461419611E-03     -0.2045045505          0.4650252658E-02      0.4260956171E-02      6   1113
      -4.280000000         -0.2906758351          0.9533022691E-01     -0.8380152821E-01      0.7234131228E-03     -0.2068743069          0.9460681379E-01      -3.402920264          -3.402920264          0.1202840981           1.375559903         -0.2924055571          0.5497452561E-02     -0.8602455448E-01      0.7514428003E-03     -0.2063810026          0.4746009760E-02      0.4895117174E-02      6   1101
      -4.260000000         -0.2949676047          0.8499250892E-01     -0.8409187217E-01      0.7285602841E-03     -0.2108757325          0.8426394863E-01      -3.402920264          -3.402920264          0.1207112567           1.298177758         -0.2946224314          0.5601875243E-02     -0.8632615306E-01      0.7568011552E-03     -0.2082962783          0.4845074088E-02      0.5469102269E-02      6   1085
      -4.240000000         -0.3054895817          0.7884486391E-01     -0.8438428549E-01      0.7337637252E-03     -0.2211052962          0.7811110018E-01      -3.402920264          -3.402920264          0.1211415548           1.249889587         -0.2968816304          0.5709830930E-02     -0.8662990590E-01      0.7622178729E-03     -0.2102517245          0.4947613057E-02      0.5990612824E-02      6   1072
      -4.220000000         -0.3188932319          0.7665518415E-01     -0.8467879083E-01      0.7390242839E-03     -0.2342144411          0.7591615987E-01      -3.402920264          -3.402920264          0.1215750282           1.232203535         -0.2991845929          0.5821499328E-02     -0.8693583653E-01      0.7676938159E-03     -0.2122487563          0.5053805512E-02      0.6485584850E-02      6   1063
      -4.200000000         -0.3354640322          0.7830378886E-01     -0.8497541119E-01      0.7443428142E-03     -0.2504886210          0.7755944604E-01      -3.402920264          -3.402920264          0.1220117129           1.245468063         -0.3015328310          0.5937072580E-02     -0.8724396878E-01      0.7732298630E-03     -0.2142888622          0.5163842717E-02      0.6978834581E-02      6   1055
      -4.180000000         -0.3549268851          0.8618776034E-01     -0.8527416991E-01      0.7497201863E-03     -0.2696527152          0.8543804015E-01      -3.402920264          -3.402920264          0.1224516456           1.307193193         -0.3039279357          0.6056756368E-02     -0.8755432687E-01      0.7788269098E-03     -0.2163736088          0.5277929458E-02      0.7502427444E-02      6   1048
      -4.160000000         -0.3748368498          0.1029910782         -0.8557509070E-01      0.7551572868E-03     -0.2892617591          0.1022359209          -3.402920264          -3.402920264          0.1228948637           1.429941974         -0.3063715817          0.6180771134E-02     -0.8786693536E-01      0.7844858687E-03     -0.2185046464          0.5396285265E-02      0.8104602389E-02      6   1054
