   1.00000000000000                       2475  0.499999800530221     
 -3.563714590343000E-003 -5.349530000000000E-010  1.173684274745000E-003
  5.611660000000000E-010 -3.564686197261000E-003 -3.563714590343000E-003
  0.500000198673819      -3.564572136232000E-003  1.261480000000000E-009
  1.173984275799000E-003  4.425900000000000E-010 -5.349530000000000E-010
 -3.564572136232000E-003  0.499999800561382      -3.564686191686000E-003
 -2.498420000000000E-010  1.173890976700000E-003  1.173684274745000E-003
  1.261480000000000E-009 -3.564686191686000E-003  0.500000198833128     
 -3.563714597397000E-003  1.499760000000000E-010  5.611660000000000E-010
  1.173984275799000E-003 -2.498420000000000E-010 -3.563714597397000E-003
  0.499999800366304      -3.564572126644000E-003 -3.564686197261000E-003
  4.425900000000000E-010  1.173890976700000E-003  1.499760000000000E-010
 -3.564572126644000E-003  0.500000198894651     
