# 1.Frequency     2.GF_LinearResponse(Re)    3.GF_LinearResponse(Im)    4.ParticleGF(Re)   5.ParticleGF(Im)   6.HoleGF(Re)   7.HoleGF(Im)    8.Old_GS    9.New_GS   10.Particle_Norm  11.Hole_Norm   12.NI_GF(Re)   13.NI_GF(Im)  14.NI_GF_Part(Re)   15.NI_GF_Part(Im)   16.NI_GF_Hole(Re)   17.NI_GF_Hole(Im)  18.SpectralWeight  19.Iters_p   20.Iters_h    
       3.380000000         -0.1032712219          0.8717181356E-01     -0.1480411661          0.8694590961E-01      0.4476994421E-01      0.2259039544E-03      -11.56876466          -11.56876466           1.318672504          0.6721665780E-01      0.4603561697          0.1924204366E-01      0.3573708092          0.1815883862E-01      0.1029853605          0.1083205044E-02       0.000000000        998     14
       3.400000000         -0.1086032026          0.9151260354E-01     -0.1532830194          0.9128774481E-01      0.4467981681E-01      0.2248587249E-03      -11.56876466          -11.56876466           1.351206329          0.6706096976E-01      0.4529400937          0.1826691832E-01      0.3503860621          0.1719295381E-01      0.1025540315          0.1073964517E-02      0.2912936642E-03    855      7
       3.420000000         -0.1097705330          0.1005137865         -0.1543606375          0.1002899647          0.4459010447E-01      0.2238218147E-03      -11.56876466          -11.56876466           1.416265592          0.6690616868E-01      0.4458840866          0.1738254288E-01      0.3437577137          0.1631769888E-01      0.1021263729          0.1064843998E-02      0.9025326478E-03    880      7
       3.440000000         -0.1046870401          0.1073764020         -0.1491878453          0.1071536088          0.4450080518E-01      0.2227932025E-03      -11.56876466          -11.56876466           1.463918669          0.6675225169E-01      0.4391563671          0.1657675691E-01      0.3374540300          0.1552091553E-01      0.1017023372          0.1055841379E-02      0.1564267670E-02    911      7
       3.460000000         -0.1012268925          0.1068578817         -0.1456388077          0.1066361090          0.4441191519E-01      0.2217727705E-03      -11.56876466          -11.56876466           1.460384199          0.6659920779E-01      0.4327291613          0.1583948210E-01      0.3314472838          0.1479252750E-01      0.1012818775          0.1046954603E-02      0.2246196575E-02    930      7
       3.480000000         -0.1070642986          0.1067941285         -0.1513877300          0.1065733681          0.4432343136E-01      0.2207604295E-03      -11.56876466          -11.56876466           1.459965660          0.6644702908E-01      0.4265780618          0.1516229551E-01      0.3257131137          0.1412411386E-01      0.1008649481          0.1038181653E-02      0.2926272046E-02    943      7
       3.500000000         -0.1175734112          0.1166127091         -0.1618087617          0.1163929530          0.4423535044E-01      0.2197560817E-03      -11.56876466          -11.56876466           1.525710947          0.6629570673E-01      0.4206815089          0.1453810345E-01      0.3202300052          0.1350858289E-01      0.1004515037          0.1029520562E-02      0.3637398096E-02    957      7
       3.520000000         -0.1235271245          0.1382571983         -0.1676747938          0.1380384387          0.4414766925E-01      0.2187596302E-03      -11.56876466          -11.56876466           1.661581501          0.6614523202E-01      0.4150203668          0.1396088937E-01      0.3149788666          0.1293991997E-01      0.1000415002          0.1020969401E-02      0.4448674208E-02    973      7
       3.540000000         -0.1157687201          0.1666484653         -0.1598291048          0.1664306943          0.4406038466E-01      0.2177709810E-03      -11.56876466          -11.56876466           1.824428219          0.6599559646E-01      0.4095775751          0.1342551688E-01      0.3099426812          0.1241299060E-01      0.9963489391E-01      0.1012526286E-02      0.5419219079E-02    995      7
       3.560000000         -0.9353001647E-01      0.1883889889         -0.1375035101          0.1881721988          0.4397349359E-01      0.2167900409E-03      -11.56876466          -11.56876466           1.939969183          0.6584679164E-01      0.4043378601          0.1292757452E-01      0.3051062181          0.1192338515E-01      0.9923164205E-01      0.1004189373E-02      0.6549338395E-02   1016      7
       3.580000000         -0.6863545238E-01      0.2022347739         -0.1125224454          0.2020189571          0.4388699297E-01      0.2158167191E-03      -11.56876466          -11.56876466           2.010077975          0.6569880936E-01      0.3992874946          0.1246325211E-01      0.3004557921          0.1146729525E-01      0.9883170252E-01      0.9959568585E-03      0.7792732450E-02   1032      7
       3.600000000         -0.3366757447E-01      0.2130723721         -0.7746845426E-01      0.2128575211          0.4380087979E-01      0.2148509254E-03      -11.56876466          -11.56876466           2.063259478          0.6555164146E-01      0.3944140964          0.1202924161E-01      0.2959790624          0.1104141464E-01      0.9843503396E-01      0.9878269768E-03      0.9114696153E-02   1050      7
       3.620000000          0.9275229467E-02      0.2005554769         -0.3443992160E-01      0.2003415843          0.4371515107E-01      0.2138925721E-03      -11.56876466          -11.56876466           2.001744515          0.6540527999E-01      0.3897064580          0.1162265699E-01      0.2916648624          0.1064285899E-01      0.9804159569E-01      0.9797980004E-03      0.1043131449E-01   1061      7
       3.640000000          0.3229785938E-01      0.1684402686         -0.1133194447E-01      0.1682273270          0.4362980385E-01      0.2129415718E-03      -11.56876466          -11.56876466           1.834236203          0.6525971702E-01      0.3851544033          0.1124096888E-01      0.2875030556          0.1026910064E-01      0.9765134772E-01      0.9718682384E-03      0.1160586443E-01   1061      7
       3.660000000          0.3373743912E-01      0.1410867949         -0.9807396094E-02      0.1408747971          0.4354483521E-01      0.2119978396E-03      -11.56876466          -11.56876466           1.678561929          0.6511494482E-01      0.3807486641          0.1088195106E-01      0.2834844134          0.9917915026E-02      0.9726425072E-01      0.9640360359E-03      0.1259111967E-01   1060      7
       3.680000000          0.2782822929E-01      0.1286344239         -0.1563201299E-01      0.1284233626          0.4346024228E-01      0.2110612908E-03      -11.56876466          -11.56876466           1.602635131          0.6497095569E-01      0.3764807758          0.1054363628E-01      0.2796005098          0.9587336511E-02      0.9688026603E-01      0.9562997728E-03      0.1344966897E-01   1065      7
       3.700000000          0.2985812690E-01      0.1270748570         -0.1351789531E-01      0.1268647252          0.4337602221E-01      0.2101318433E-03      -11.56876466          -11.56876466           1.592887841          0.6482774213E-01      0.3723429868          0.1022427961E-01      0.2758436312          0.9275621743E-02      0.9649935561E-01      0.9486578629E-03      0.1426361690E-01   1074      7
       3.720000000          0.4325804837E-01      0.1200697335         -0.3412381795E-04      0.1198605241          0.4329217218E-01      0.2092094150E-03      -11.56876466          -11.56876466           1.548296207          0.6468529665E-01      0.3683281803          0.9922327779E-02      0.2722066983          0.8981219026E-02      0.9612148206E-01      0.9411087534E-03      0.1505030256E-01   1079      7
       3.740000000          0.5292320151E-01      0.1004077929          0.9714512098E-02      0.1001994990          0.4320868941E-01      0.2082939263E-03      -11.56876466          -11.56876466           1.415622426          0.6454361196E-01      0.3644298072          0.9636393573E-02      0.2686831986          0.8702742649E-02      0.9574660859E-01      0.9336509236E-03      0.1575210432E-01   1073      7
       3.760000000          0.5059360727E-01      0.7982531610E-01      0.7468036124E-02      0.7961793081E-01      0.4312557114E-01      0.2073852979E-03      -11.56876466          -11.56876466           1.261888870          0.6440268080E-01      0.3606418267          0.9365234107E-02      0.2652671277          0.8438951223E-02      0.9537469902E-01      0.9262828842E-03      0.1632580413E-01   1063      7
       3.780000000          0.4297691682E-01      0.6604862740E-01     -0.6589783247E-04      0.6584214394E-01      0.4304281466E-01      0.2064834526E-03      -11.56876466          -11.56876466           1.147534849          0.6426249608E-01      0.3569586554          0.9107732507E-02      0.2619529376          0.8188729330E-02      0.9500571775E-01      0.9190031770E-03      0.1679013531E-01   1056      7
       3.800000000          0.3587007012E-01      0.5698002596E-01     -0.7090347137E-02      0.5677443765E-01      0.4296041726E-01      0.2055883134E-03      -11.56876466          -11.56876466           1.065594055          0.6412305075E-01      0.3533751216          0.8862882281E-02      0.2587354918          0.7951071907E-02      0.9463962976E-01      0.9118103733E-03      0.1718174768E-01   1055      7
       3.820000000          0.2944291400E-01      0.4974229006E-01     -0.1343546230E-01      0.4953759026E-01      0.4287837630E-01      0.2046998057E-03      -11.56876466          -11.56876466          0.9953672421          0.6398433790E-01      0.3498864262          0.8629773974E-02      0.2556100256          0.7725070900E-02      0.9427640058E-01      0.9047030737E-03      0.1752145536E-01   1055      7
       3.840000000          0.2335257995E-01      0.4400065552E-01     -0.1944411108E-01      0.4379683753E-01      0.4279669103E-01      0.2038179925E-03      -11.56876466          -11.56876466          0.9359110933          0.6384636966E-01      0.3464881074          0.8407583712E-02      0.2525721110          0.7509903805E-02      0.9391599633E-01      0.8976799075E-03      0.1781984842E-01   1052      6
       3.860000000          0.1751432224E-01      0.3927803053E-01     -0.2520103087E-01      0.3907508803E-01      0.4271535311E-01      0.2029425066E-03      -11.56876466          -11.56876466          0.8840284659          0.6370909781E-01      0.3431760098          0.8195563332E-02      0.2496176261          0.7304823801E-02      0.9355838362E-01      0.8907395314E-03      0.1808493271E-01   1047      6
       3.880000000          0.1216213626E-01      0.3598628661E-01     -0.3047222948E-01      0.3578421317E-01      0.4263436574E-01      0.2020734410E-03      -11.56876466          -11.56876466          0.8459863036          0.6357254061E-01      0.3399462568          0.7993031854E-02      0.2467427272          0.7109151225E-02      0.9320352965E-01      0.8838806294E-03      0.1832450648E-01   1043      6
       3.900000000          0.8425086290E-02      0.3292760197E-01     -0.3412863829E-01      0.3272639124E-01      0.4255372458E-01      0.2012107337E-03      -11.56876466          -11.56876466          0.8090125020          0.6343669108E-01      0.3367952264          0.7799368077E-02      0.2439438243          0.6922266165E-02      0.9285140209E-01      0.8771019119E-03      0.1854386620E-01   1036      6
       3.920000000          0.4672024107E-02      0.2844390245E-01     -0.3780140268E-01      0.2824354817E-01      0.4247342679E-01      0.2003542849E-03      -11.56876466          -11.56876466          0.7516032680          0.6330153887E-01      0.3337195290          0.7614004139E-02      0.2412175599          0.6743602024E-02      0.9250196915E-01      0.8704021151E-03      0.1873921776E-01   1022      6
       3.940000000         -0.7561619065E-03      0.2400002481E-01     -0.4314963217E-01      0.2380052076E-01      0.4239347026E-01      0.1995040513E-03      -11.56876466          -11.56876466          0.6899139713          0.6316708138E-01      0.3307159881          0.7436419891E-02      0.2385607885          0.6572639890E-02      0.9215519953E-01      0.8637800003E-03      0.1890615197E-01   1001      6
       3.960000000         -0.7042978266E-02      0.2091927700E-01     -0.4935683044E-01      0.2072061706E-01      0.4231385217E-01      0.1986599437E-03      -11.56876466          -11.56876466          0.6437624130          0.6303330892E-01      0.3277816225          0.7266137969E-02      0.2359705600          0.6408903616E-02      0.9181106242E-01      0.8572343533E-03      0.1904913455E-01    988      6
       3.980000000         -0.1326479897E-01      0.1913342810E-01     -0.5549936938E-01      0.1893560618E-01      0.4223457042E-01      0.1978219145E-03      -11.56876466          -11.56876466          0.6153882768          0.6290021837E-01      0.3249136308          0.7102719471E-02      0.2334441033          0.6251955487E-02      0.9146952750E-01      0.8507639839E-03      0.1917662627E-01    986      6
       4.000000000         -0.1903469425E-01      0.1815592672E-01     -0.6119031654E-01      0.1795893684E-01      0.4215562229E-01      0.1969898815E-03      -11.56876466          -11.56876466          0.5993182045          0.6276780086E-01      0.3221093773          0.6945760139E-02      0.2309788124          0.6101392414E-02      0.9113056489E-01      0.8443677254E-03      0.1929532197E-01    995      6
       4.020000000         -0.2446635146E-01      0.1753099170E-01     -0.6654335713E-01      0.1733482790E-01      0.4207700567E-01      0.1961637950E-03      -11.56876466          -11.56876466          0.5888050362          0.6263605284E-01      0.3193663787          0.6794887001E-02      0.2285722335          0.5956842567E-02      0.9079414522E-01      0.8380444337E-03      0.1940891696E-01   1002      6
       4.040000000         -0.2987059565E-01      0.1719473685E-01     -0.7186931362E-01      0.1699939327E-01      0.4199871797E-01      0.1953435782E-03      -11.56876466          -11.56876466          0.5830942205          0.6250496615E-01      0.3166822930          0.6649755381E-02      0.2262220534          0.5817962393E-02      0.9046023953E-01      0.8317929872E-03      0.1951945239E-01   1007      6
       4.060000000         -0.3531501904E-01      0.1729771813E-01     -0.7723577610E-01      0.1710318895E-01      0.4192075706E-01      0.1945291803E-03      -11.56876466          -11.56876466          0.5848514432          0.6237453691E-01      0.3140549085          0.6510046263E-02      0.2239260892          0.5684433977E-02      0.9012881932E-01      0.8256122860E-03      0.1962924528E-01   1012      6
       4.080000000         -0.4077636271E-01      0.1779975460E-01     -0.8261948316E-01      0.1760603407E-01      0.4184312044E-01      0.1937205289E-03      -11.56876466          -11.56876466          0.5934025593          0.6224475754E-01      0.3114821349          0.6375463934E-02      0.2216822784          0.5555962683E-02      0.8979985654E-01      0.8195012514E-03      0.1974096401E-01   1020      6
       4.100000000         -0.4650642348E-01      0.1873163474E-01     -0.8827222949E-01      0.1853871717E-01      0.4176580601E-01      0.1929175729E-03      -11.56876466          -11.56876466          0.6089136515          0.6211562394E-01      0.3089619938          0.6245733884E-02      0.2194886703          0.5432275059E-02      0.8947332354E-01      0.8134588255E-03      0.1985724703E-01   1030      6
       4.120000000         -0.5262054377E-01      0.2051912940E-01     -0.9430935512E-01      0.2032700916E-01      0.4168881135E-01      0.1921202436E-03      -11.56876466          -11.56876466          0.6376022729          0.6198712903E-01      0.3064926115          0.6120600936E-02      0.2173434184          0.5313116965E-02      0.8914919310E-01      0.8074839706E-03      0.1998218609E-01   1042      6
       4.140000000         -0.5885610934E-01      0.2355385091E-01     -0.1004682437          0.2336252242E-01      0.4161213436E-01      0.1913284898E-03      -11.56876466          -11.56876466          0.6835621842          0.6185926855E-01      0.3040722113          0.5999827561E-02      0.2152447729          0.5198251892E-02      0.8882743842E-01      0.8015756689E-03      0.2012247475E-01   1068      6
       4.160000000         -0.6485626485E-01      0.2802598106E-01     -0.1063920375          0.2783543882E-01      0.4153577270E-01      0.1905422463E-03      -11.56876466          -11.56876466          0.7461250538          0.6173203584E-01      0.3016991071          0.5883192376E-02      0.2131910740          0.5087459454E-02      0.8850803310E-01      0.7957329219E-03      0.2028665845E-01   1099      6
       4.180000000         -0.7038382993E-01      0.3418946275E-01     -0.1118435542          0.3399970129E-01      0.4145972430E-01      0.1897614620E-03      -11.56876466          -11.56876466          0.8246185905          0.6160542653E-01      0.2993716973          0.5770488790E-02      0.2111807462          0.4980534039E-02      0.8819095112E-01      0.7899547501E-03      0.2048469636E-01   1128      6
       4.200000000         -0.7459083062E-01      0.4279201626E-01     -0.1159748175          0.4260303018E-01      0.4138398689E-01      0.1889860746E-03      -11.56876466          -11.56876466          0.9230707873          0.6147943432E-01      0.2970884591          0.5661523779E-02      0.2092122922          0.4877283587E-02      0.8787616686E-01      0.7842401922E-03      0.2072973602E-01   1156      6
       4.220000000         -0.7519927341E-01      0.5346459927E-01     -0.1165078318          0.5327638324E-01      0.4130855841E-01      0.1882160337E-03      -11.56876466          -11.56876466           1.032242257          0.6135405479E-01      0.2948479436          0.5556116792E-02      0.2072842885          0.4777528486E-02      0.8756365507E-01      0.7785883052E-03      0.2103613034E-01   1192      6
       4.240000000         -0.7093168417E-01      0.6315087316E-01     -0.1121651208          0.6296342188E-01      0.4123343666E-01      0.1874512795E-03      -11.56876466          -11.56876466           1.122175639          0.6122928195E-01      0.2926487709          0.5454098750E-02      0.2053953800          0.4681100586E-02      0.8725339090E-01      0.7729981637E-03      0.2140732892E-01   1230      6
       4.260000000         -0.6429854628E-01      0.6937195361E-01     -0.1054571659          0.6918526185E-01      0.4115861962E-01      0.1866917622E-03      -11.56876466          -11.56876466           1.176302132          0.6110511137E-01      0.2904896261          0.5355311150E-02      0.2035442763          0.4587842290E-02      0.8694534984E-01      0.7674688594E-03      0.2182916218E-01   1253      6
       4.280000000         -0.5677768326E-01      0.7357360096E-01     -0.9786178839E-01      0.7338766354E-01      0.4108410513E-01      0.1859374245E-03      -11.56876466          -11.56876466           1.211518222          0.6098153732E-01      0.2883692549          0.5259605244E-02      0.2017297471          0.4497605743E-02      0.8663950775E-01      0.7619995010E-03      0.2228417201E-01   1266      6
       4.300000000         -0.4709812248E-01      0.7455499996E-01     -0.8810801368E-01      0.7436981174E-01      0.4100989120E-01      0.1851882172E-03      -11.56876466          -11.56876466           1.219579120          0.6085855536E-01      0.2862864599          0.5166841299E-02      0.1999506191          0.4410252085E-02      0.8633584083E-01      0.7565892136E-03      0.2275567999E-01   1274      6
       4.320000000         -0.3853746803E-01      0.6985446586E-01     -0.7947344377E-01      0.6967002177E-01      0.4093597574E-01      0.1844440853E-03      -11.56876466          -11.56876466           1.180429750          0.6073616003E-01      0.2842400978          0.5076887920E-02      0.1982057722          0.4325650781E-02      0.8603432565E-01      0.7512371383E-03      0.2321534960E-01   1279      6
       4.340000000         -0.3471105361E-01      0.6269285616E-01     -0.7557341039E-01      0.6250915118E-01      0.4086235677E-01      0.1837049804E-03      -11.56876466          -11.56876466           1.118117170          0.6061434689E-01      0.2822290755          0.4989621436E-02      0.1964941364          0.4243679004E-02      0.8573493910E-01      0.7459424322E-03      0.2363726083E-01   1278      6
       4.360000000         -0.3394109262E-01      0.5618961157E-01     -0.7473012489E-01      0.5600664072E-01      0.4078903227E-01      0.1829708495E-03      -11.56876466          -11.56876466           1.058354718          0.6049311070E-01      0.2802523475          0.4904925339E-02      0.1948146891          0.4164221072E-02      0.8543765841E-01      0.7407042676E-03      0.2401567547E-01   1276      6
       4.380000000         -0.3508193334E-01      0.4966516471E-01     -0.7579793362E-01      0.4948292306E-01      0.4071600029E-01      0.1822416450E-03      -11.56876466          -11.56876466          0.9948276429          0.6037244707E-01      0.2783089133          0.4822689769E-02      0.1931664521          0.4087167938E-02      0.8514246115E-01      0.7355218318E-03      0.2435262169E-01   1274      6
       4.400000000         -0.3920509937E-01      0.4372548239E-01     -0.7984835820E-01      0.4354396507E-01      0.4064325883E-01      0.1815173159E-03      -11.56876466          -11.56876466          0.9331973512          0.6025235094E-01      0.2763978144          0.4742811046E-02      0.1915484892          0.4012416719E-02      0.8484932518E-01      0.7303943270E-03      0.2464989335E-01   1270      6
       4.420000000         -0.4572595509E-01      0.4002234968E-01     -0.8629676109E-01      0.3984155187E-01      0.4057080600E-01      0.1807978155E-03      -11.56876466          -11.56876466          0.8926632248          0.6013281796E-01      0.2745181326          0.4665191240E-02      0.1899599039          0.3939870270E-02      0.8455822872E-01      0.7253209698E-03      0.2491647098E-01   1267      6
       4.440000000         -0.5352634521E-01      0.3922669628E-01     -0.9402498505E-01      0.3904661319E-01      0.4049863984E-01      0.1800830944E-03      -11.56876466          -11.56876466          0.8836987799          0.6001384328E-01      0.2726689873          0.4589737773E-02      0.1883998370          0.3869436783E-02      0.8426915027E-01      0.7203009907E-03      0.2516872853E-01   1267      6
       4.460000000         -0.6160356229E-01      0.4176511319E-01     -0.1020303208          0.4158574009E-01      0.4042675849E-01      0.1793731069E-03      -11.56876466          -11.56876466          0.9119838959          0.5989542258E-01      0.2708495337          0.4516363065E-02      0.1868674651          0.3801029431E-02      0.8398206863E-01      0.7153336340E-03      0.2542653347E-01   1273      6
       4.480000000         -0.6846769048E-01      0.4825191763E-01     -0.1088228505          0.4807324983E-01      0.4035516003E-01      0.1786678053E-03      -11.56876466          -11.56876466          0.9805469348          0.5977755117E-01      0.2690589608          0.4444984190E-02      0.1853619979          0.3734566033E-02      0.8369696292E-01      0.7104181578E-03      0.2571306658E-01   1287      6
       4.500000000         -0.7114914835E-01      0.5811115997E-01     -0.1114329910          0.5793319282E-01      0.4028384263E-01      0.1779671449E-03      -11.56876466          -11.56876466           1.076406283          0.5966022482E-01      0.2672964896          0.4375522578E-02      0.1838826770          0.3669968745E-02      0.8341381255E-01      0.7055538330E-03      0.2605163077E-01   1307      6
