  0.500000048028753     
  0.261208230264828     
 -1.324999804682128E-008
 -9.274365810075338E-002
 -1.327686057375267E-008
  0.261218461117805     
 -0.102129162032529     
  7.100927919093249E-002
  0.188467597989445     
  0.188468430357427     
 -7.100719533392837E-002
 -0.102129168689195     
  0.261208230264828     
  0.499999951884326     
  0.261216516411727     
  1.328544149790710E-008
 -9.275334507581960E-002
  1.329117840498205E-008
  0.102127644464282     
  0.127710562213412     
 -0.155731492638556     
  0.155730035904499     
  0.127712269083129     
 -0.102127637851068     
 -1.324999804682128E-008
  0.261216516411727     
  0.500000048005240     
  0.261218461113570     
 -1.325820240225966E-008
 -9.274473416160862E-002
 -0.102130110055100     
 -0.198716058797248     
 -3.273816300322369E-002
 -3.274038383204989E-002
  0.198715737726982     
 -0.102130116702282     
 -9.274365810075338E-002
  1.328544149790710E-008
  0.261218461113570     
  0.499999951874174     
  0.261208230278896     
  1.331479288859016E-008
  0.102129168647344     
  7.100929474521277E-002
  0.188467639285776     
 -0.188468389067176     
  7.100717977752249E-002
 -0.102129162039781     
 -1.327686057375267E-008
 -9.275334507581960E-002
 -1.325820240225966E-008
  0.261208230278896     
  0.500000048045410     
  0.261216516408578     
 -0.102127637825726     
  0.127710534243096     
 -0.155731458540519     
 -0.155730070011619     
 -0.127712297036164     
 -0.102127644468698     
  0.261218461117805     
  1.329117840498205E-008
 -9.274473416160862E-002
  1.331479288859016E-008
  0.261216516408578     
  0.499999951837115     
  0.102130116671702     
 -0.198716102310416     
 -3.273817017891795E-002
  3.274037666536522E-002
 -0.198715694203544     
 -0.102130110099375     
 -0.102129162032529     
  0.102127644464282     
 -0.102130110055100     
  0.102129168647344     
 -0.102127637825726     
  0.102130116671702     
  0.932457039258784     
 -4.802908313576180E-012
  1.819626655923960E-012
 -3.101607952470677E-008
 -6.112452678037398E-008
  6.598094996701963E-009
  7.100927919093249E-002
  0.127710562213412     
 -0.198716058797248     
  7.100929474521277E-002
  0.127710534243096     
 -0.198716102310416     
 -4.802908313576180E-012
  0.856920511104232     
  3.114257457011960E-009
  4.222403149343928E-012
 -1.650263704957475E-008
 -6.106398166717660E-008
  0.188467597989445     
 -0.155731492638556     
 -3.273816300322369E-002
  0.188467639285776     
 -0.155731458540519     
 -3.273817017891795E-002
  1.819626655923960E-012
  3.114257457011960E-009
  0.856909936477295     
  1.652042201550210E-008
 -1.195129057094808E-011
  3.100593426635136E-008
  0.188468430357427     
  0.155730035904499     
 -3.274038383204989E-002
 -0.188468389067176     
 -0.155730070011619     
  3.274037666536522E-002
 -3.101607952470677E-008
  4.222403149343928E-012
  1.652042201550210E-008
  0.143090063626230     
  3.190571400276534E-009
 -1.042220028319720E-011
 -7.100719533392837E-002
  0.127712269083129     
  0.198715737726982     
  7.100717977752249E-002
 -0.127712297036164     
 -0.198715694203544     
 -6.112452678037398E-008
 -1.650263704957475E-008
 -1.195129057094808E-011
  3.190571400276534E-009
  0.143079489080490     
  4.775964885362873E-012
 -0.102129168689195     
 -0.102127637851068     
 -0.102130116702282     
 -0.102129162039781     
 -0.102127644468698     
 -0.102130110099375     
  6.598094996701963E-009
 -6.106398166717660E-008
  3.100593426635136E-008
 -1.042220028319720E-011
  4.775964885362873E-012
  6.754296077779152E-002
