  0.499999951960736     
  0.261208230281572     
  1.325983878348382E-008
 -9.274365809881173E-002
  1.327035895382430E-008
  0.261218461113724     
  0.102129168663718     
  7.100719265326683E-002
 -0.188468431360033     
  0.188467598749568     
  7.100927718906386E-002
  0.102129162030236     
  0.261208230281572     
  0.500000048127554     
  0.261216516400564     
 -1.329077179676809E-008
 -9.275334508226482E-002
 -1.330940803056783E-008
 -0.102127637842187     
  0.127712271290584     
  0.155730034104092     
  0.155731491276200     
 -0.127710563858728     
  0.102127644458329     
  1.325983878348382E-008
  0.261216516400564     
  0.499999951997998     
  0.261218461123041     
  1.325670975131892E-008
 -9.274473415888131E-002
  0.102130116714687     
 -0.198715737275879     
  3.274038665389477E-002
 -3.273816512457046E-002
 -0.198716058430166     
  0.102130110056977     
 -9.274365809881173E-002
 -1.329077179676809E-008
  0.261218461123041     
  0.500000048124583     
  0.261208230259223     
 -1.330048165602002E-008
 -0.102129162055463     
  7.100717709587392E-002
 -0.188468390069430     
 -0.188467640042160     
 -7.100929276533345E-002
  0.102129168655281     
  1.327035895382430E-008
 -9.275334508226482E-002
  1.325670975131892E-008
  0.261208230259223     
  0.499999951962938     
  0.261216516417554     
  0.102127644484294     
  0.127712299269303     
  0.155730068207220     
 -0.155731457170948     
  0.127710535884911     
  0.102127637826179     
  0.261218461113724     
 -1.330940803056783E-008
 -9.274473415888131E-002
 -1.330048165602002E-008
  0.261216516417554     
  0.500000048165011     
 -0.102130110092365     
 -0.198715693724516     
  3.274037946552572E-002
  3.273817229162184E-002
  0.198716101977962     
  0.102130116672537     
  0.102129168663718     
 -0.102127637842187     
  0.102130116714687     
 -0.102129162055463     
  0.102127644484294     
 -0.102130110092365     
  0.932457039221627     
  8.262942571599883E-014
 -7.389627472301193E-012
  3.102784112213393E-008
 -6.105823908010163E-008
 -6.603838707135998E-009
  7.100719265326683E-002
  0.127712271290584     
 -0.198715737275879     
  7.100717709587392E-002
  0.127712299269303     
 -0.198715693724516     
  8.262942571599883E-014
  0.856920510915136     
 -3.208523171861409E-009
 -2.022846832158111E-011
 -1.654754137621185E-008
  6.112487474895043E-008
 -0.188468431360033     
  0.155730034104092     
  3.274038665389477E-002
 -0.188468390069430     
  0.155730068207220     
  3.274037946552572E-002
 -7.389627472301193E-012
 -3.208523171861409E-009
  0.856909936372154     
  1.652040204159620E-008
  1.643611964023897E-011
  3.100855633222434E-008
  0.188467598749568     
  0.155731491276200     
 -3.273816512457046E-002
 -0.188467640042160     
 -0.155731457170948     
  3.273817229162184E-002
  3.102784112213393E-008
 -2.022846832158111E-011
  1.652040204159620E-008
  0.143090063519757     
 -3.096400614492848E-009
 -1.591540318056350E-012
  7.100927718906386E-002
 -0.127710563858728     
 -0.198716058430166     
 -7.100929276533345E-002
  0.127710535884911     
  0.198716101977962     
 -6.105823908010163E-008
 -1.654754137621185E-008
  1.643611964023897E-011
 -3.096400614492848E-009
  0.143079488890488     
 -3.766052835694523E-012
  0.102129162030236     
  0.102127644458329     
  0.102130110056977     
  0.102129168655281     
  0.102127637826179     
  0.102130116672537     
 -6.603838707135998E-009
  6.112487474895043E-008
  3.100855633222434E-008
 -1.591540318056350E-012
 -3.766052835694523E-012
  6.754296074186818E-002
