   2.00000000000000                       2475  0.999999977237375     
 -1.565608432778700E-002  2.175000000000000E-011  5.437453730646000E-003
 -9.689000000000000E-012 -1.565988851127600E-002 -1.565608432778700E-002
   1.00000002460144      -1.565919856275300E-002  1.060100000000000E-011
  5.438470175263000E-003  2.068000000000000E-012  2.175000000000000E-011
 -1.565919856275300E-002  0.999999978073801      -1.565988851145200E-002
 -1.485000000000000E-012  5.438219711680000E-003  5.437453730646000E-003
  1.060100000000000E-011 -1.565988851145200E-002   1.00000002276159     
 -1.565608432747700E-002 -2.171600000000000E-011 -9.689000000000000E-012
  5.438470175263000E-003 -1.485000000000000E-012 -1.565608432747700E-002
  0.999999975397874      -1.565919856327300E-002 -1.565988851127600E-002
  2.068000000000000E-012  5.438219711680000E-003 -2.171600000000000E-011
 -1.565919856327300E-002   1.00000002192653     
