# 1.Frequency     2.GF_LinearResponse(Re)    3.GF_LinearResponse(Im)    4.ParticleGF(Re)   5.ParticleGF(Im)   6.HoleGF(Re)   7.HoleGF(Im)    8.Old_GS    9.New_GS   10.Particle_Norm  11.Hole_Norm   12.NI_GF(Re)   13.NI_GF(Im)  14.NI_GF_Part(Re)   15.NI_GF_Part(Im)   16.NI_GF_Hole(Re)   17.NI_GF_Hole(Im)  18.SpectralWeight  19.Iters_p   20.Iters_h    
      -4.500000000         -0.2723707060          0.2886449166E-01     -0.8226915964E-01      0.6906951321E-03     -0.1901015463          0.2817379653E-01      -7.360674605          -7.360674605          0.1175325822          0.7506491636         -0.2682812231          0.4426495939E-02     -0.8323587049E-01      0.7026193981E-03     -0.1850453526          0.3723876541E-02       0.000000000         11   1262
      -4.480000000         -0.2760549529          0.2866383336E-01     -0.8254634292E-01      0.6954419323E-03     -0.1935086100          0.2796839143E-01      -7.360674605          -7.360674605          0.1179357361          0.7478960343         -0.2700643452          0.4497561098E-02     -0.8351784152E-01      0.7074541285E-03     -0.1865465037          0.3790106970E-02      0.9123981534E-04      6   1034
      -4.460000000         -0.2803042936          0.2932441136E-01     -0.8282543496E-01      0.7002383945E-03     -0.1974788586          0.2862417297E-01      -7.360674605          -7.360674605          0.1183417387          0.7566398367         -0.2718762210          0.4570613652E-02     -0.8380175597E-01      0.7123396061E-03     -0.1880744651          0.3858274046E-02      0.2758221311E-03      6   1023
      -4.440000000         -0.2850929028          0.3114956582E-01     -0.8310645467E-01      0.7050854530E-03     -0.2019864481          0.3044448037E-01      -7.360674605          -7.360674605          0.1187506136          0.7802991447         -0.2737176582          0.4645736195E-02     -0.8408763428E-01      0.7172765528E-03     -0.1896300240          0.3928459642E-02      0.4683167791E-03      6   1014
      -4.420000000         -0.2892101539          0.3502121161E-01     -0.8338942284E-01      0.7099838364E-03     -0.2058207311          0.3431122777E-01      -7.360674605          -7.360674605          0.1191623928          0.8284035810         -0.2755894981          0.4723015959E-02     -0.8437549716E-01      0.7222657036E-03     -0.1912140009          0.4000750256E-02      0.6789449054E-03      6   1010
      -4.400000000         -0.2905973571          0.3947800558E-01     -0.8367436012E-01      0.7149342822E-03     -0.2069229970          0.3876307129E-01      -7.360674605          -7.360674605          0.1195771079          0.8804698411         -0.2774926174          0.4802545154E-02     -0.8466536563E-01      0.7273078067E-03     -0.1928272518          0.4075237348E-02      0.9160832788E-03      6   1014
      -4.380000000         -0.2904675260          0.4159876944E-01     -0.8396128747E-01      0.7199375416E-03     -0.2065062385          0.4087883190E-01      -7.360674605          -7.360674605          0.1199947911          0.9042198074         -0.2794279307          0.4884421323E-02     -0.8495726103E-01      0.7324036242E-03     -0.1944706697          0.4152017699E-02      0.1174158669E-02      6   1017
      -4.360000000         -0.2914818467          0.4222478081E-01     -0.8425022615E-01      0.7249943799E-03     -0.2072316205          0.4149978643E-01      -7.360674605          -7.360674605          0.1204154749          0.9110227106         -0.2813963922          0.4968747736E-02     -0.8525120497E-01      0.7375539318E-03     -0.1961451873          0.4231193804E-02      0.1440977317E-02      6   1017
      -4.340000000         -0.2932189088          0.4254186362E-01     -0.8454119773E-01      0.7301055761E-03     -0.2086777111          0.4181175805E-01      -7.360674605          -7.360674605          0.1208391926          0.9144737349         -0.2833989985          0.5055633821E-02     -0.8554721940E-01      0.7427595197E-03     -0.1978517791          0.4312874302E-02      0.1710797926E-02      6   1015
      -4.320000000         -0.2960790537          0.4236379719E-01     -0.8483422411E-01      0.7352719238E-03     -0.2112448296          0.4162852526E-01      -7.360674605          -7.360674605          0.1212659779          0.9124408097         -0.2854367905          0.5145195630E-02     -0.8584532658E-01      0.7480211925E-03     -0.1995914639          0.4397174437E-02      0.1981061038E-02      6   1009
      -4.300000000         -0.3006307890          0.4271914694E-01     -0.8512932749E-01      0.7404942315E-03     -0.2155014615          0.4197865270E-01      -7.360674605          -7.360674605          0.1216958647          0.9162920524         -0.2875108569          0.5237556349E-02     -0.8614554909E-01      0.7533397697E-03     -0.2013653078          0.4484216579E-02      0.2251888461E-02      6   1002
      -4.280000000         -0.3063090393          0.4485852488E-01     -0.8542653041E-01      0.7457733224E-03     -0.2208825089          0.4411275156E-01      -7.360674605          -7.360674605          0.1221288879          0.9392742702         -0.2896223363          0.5332846859E-02     -0.8644790985E-01      0.7587160861E-03     -0.2031744264          0.4574130773E-02      0.2530656848E-02      6    995
      -4.260000000         -0.3116844797          0.4930715266E-01     -0.8572585574E-01      0.7511100354E-03     -0.2259586240          0.4855604262E-01      -7.360674605          -7.360674605          0.1225650826          0.9854650052         -0.2917724210          0.5431206352E-02     -0.8675243211E-01      0.7641509919E-03     -0.2050199889          0.4667055360E-02      0.2830395509E-02      6    992
      -4.240000000         -0.3152629603          0.5497148283E-01     -0.8602732668E-01      0.7565052250E-03     -0.2292356336          0.5421497761E-01      -7.360674605          -7.360674605          0.1230044845           1.041285596         -0.2939623602          0.5532782998E-02     -0.8705913946E-01      0.7696453535E-03     -0.2069032207          0.4763137644E-02      0.3162324715E-02      6    991
      -4.220000000         -0.3179504289          0.6025145343E-01     -0.8633096677E-01      0.7619597620E-03     -0.2316194621          0.5948949367E-01      -7.360674605          -7.360674605          0.1234471299           1.090785455         -0.2961934635          0.5637734687E-02     -0.8736805586E-01      0.7752000533E-03     -0.2088254076          0.4862534634E-02      0.3529090713E-02      6    992
      -4.200000000         -0.3206418599          0.6599735533E-01     -0.8663679993E-01      0.7674745334E-03     -0.2340050599          0.6522988079E-01      -7.360674605          -7.360674605          0.1238930557           1.142182678         -0.2984671050          0.5746229846E-02     -0.8767920559E-01      0.7808159904E-03     -0.2107878994          0.4965413856E-02      0.3930953152E-02      6    990
      -4.180000000         -0.3231957162          0.7232921538E-01     -0.8694485041E-01      0.7730504434E-03     -0.2362508658          0.7155616494E-01      -7.360674605          -7.360674605          0.1243422993           1.196296928         -0.3007847278          0.5858448334E-02     -0.8799261333E-01      0.7864940810E-03     -0.2127921145          0.5071954253E-02      0.4371260302E-02      6    992
      -4.160000000         -0.3264331556          0.8067963712E-01     -0.8725514284E-01      0.7786884131E-03     -0.2391780128          0.7990094870E-01      -7.360674605          -7.360674605          0.1247948986           1.264134413         -0.3031478484          0.5974582433E-02     -0.8830830411E-01      0.7922352589E-03     -0.2148395443          0.5182347174E-02      0.4858302606E-02      6    996
      -4.140000000         -0.3276948330          0.9411247826E-01     -0.8756770220E-01      0.7843893817E-03     -0.2401271308          0.9332808887E-01      -7.360674605          -7.360674605          0.1252508923           1.366208926         -0.3055580619          0.6094837946E-02     -0.8862630333E-01      0.7980404754E-03     -0.2169317585          0.5296797471E-02      0.5414683190E-02      6   1001
      -4.120000000         -0.3204737906          0.1110887251         -0.8788255389E-01      0.7901543061E-03     -0.2325912368          0.1102985708          -7.360674605          -7.360674605          0.1257103195           1.485267597         -0.3080170475          0.6219435415E-02     -0.8894663679E-01      0.8039107002E-03     -0.2190704107          0.5415524715E-02      0.6067858906E-02      6   1007
      -4.100000000         -0.3018739557          0.1229865645         -0.8819972364E-01      0.7959841620E-03     -0.2136742320          0.1221905804          -7.360674605          -7.360674605          0.1261732201           1.563250984         -0.3105265749          0.6348611465E-02     -0.8926933068E-01      0.8098469217E-03     -0.2212572442          0.5538764543E-02      0.6812943694E-02      6   1009
      -4.080000000         -0.2786496139          0.1214030816         -0.8851923763E-01      0.8018799437E-03     -0.1901303763          0.1206012017          -7.360674605          -7.360674605          0.1266396346           1.553089122         -0.3130885102          0.6482620309E-02     -0.8959441157E-01      0.8158501474E-03     -0.2234940986          0.5666770161E-02      0.7590860099E-02      6   1003
