# 1.Frequency     2.GF_LinearResponse(Re)    3.GF_LinearResponse(Im)    4.ParticleGF(Re)   5.ParticleGF(Im)   6.HoleGF(Re)   7.HoleGF(Im)    8.Old_GS    9.New_GS   10.Particle_Norm  11.Hole_Norm   12.NI_GF(Re)   13.NI_GF(Im)  14.NI_GF_Part(Re)   15.NI_GF_Part(Im)   16.NI_GF_Hole(Re)   17.NI_GF_Hole(Im)  18.SpectralWeight  19.Iters_p   20.Iters_h    
       3.440000000          0.2093869833          0.7859686048E-01      0.7693556960E-01      0.7746873096E-01      0.1324514137          0.1128129523E-02     -0.2642232068         -0.2642232068           1.244741890          0.1502084825          0.2283219205          0.2336441089          0.8619642589E-01      0.2324541054          0.1421254946          0.1190003514E-02       0.000000000        283     12
       3.460000000          0.2106973527          0.9258512914E-01      0.7869552179E-01      0.9146492543E-01      0.1320018309          0.1120203719E-02     -0.2642232068         -0.2642232068           1.352505550          0.1496798915          0.2344721872          0.2339388207          0.9282102658E-01      0.2327568028          0.1416511607          0.1182017856E-02      0.2947076192E-03    243      7
       3.480000000          0.2241573579          0.1025714814          0.9260196492E-01      0.1014591182          0.1315553930          0.1112363150E-02     -0.2642232068         -0.2642232068           1.424485102          0.1491551496          0.2391313577          0.2314192311          0.9795135375E-01      0.2302451183          0.1411800039          0.1174112826E-02      0.9159104041E-03    268      7
       3.500000000          0.2411323816          0.9930134023E-01      0.1100203080          0.9819673339E-01      0.1311120735          0.1104606841E-02     -0.2642232068         -0.2642232068           1.401406390          0.1486342241          0.2414701172          0.2309030724          0.1007581248          0.2297367851          0.1407119924          0.1166287337E-02      0.1558491553E-02    271      7
       3.520000000          0.2508148083          0.8670538139E-01      0.1201429694          0.8560844783E-01      0.1306718389          0.1096933561E-02     -0.2642232068         -0.2642232068           1.308484561          0.1481170721          0.2460632061          0.2323919185          0.1058161117          0.2312333782          0.1402470944          0.1158540318E-02      0.2150569337E-02    263      7
       3.540000000          0.2514329644          0.7313410562E-01      0.1211983083          0.7204476352E-01      0.1302346561          0.1089342106E-02     -0.2642232068         -0.2642232068           1.200380216          0.1476036519          0.2526922629          0.2319233213          0.1129069841          0.2307724506          0.1397852788          0.1150870718E-02      0.2659354226E-02    262      7
       3.560000000          0.2469563431          0.6366504848E-01      0.1171558504          0.6258321718E-01      0.1298004928          0.1081831294E-02     -0.2642232068         -0.2642232068           1.118783434          0.1470939220          0.2576653461          0.2297070059          0.1183388312          0.2285637284          0.1393265150          0.1143277502E-02      0.3094799458E-02    274      7
       3.580000000          0.2420119792          0.5883927565E-01      0.1126426624          0.5776487569E-01      0.1293693168          0.1074399965E-02     -0.2642232068         -0.2642232068           1.074846398          0.1465878419          0.2615426094          0.2293235819          0.1226718370          0.2281878223          0.1388707724          0.1135759655E-02      0.3484742832E-02    290      7
       3.600000000          0.2395736051          0.5606397688E-01      0.1106325084          0.5499692990E-01      0.1289410967          0.1067046978E-02     -0.2642232068         -0.2642232068           1.048768000          0.1460853714          0.2675892971          0.2299029522          0.1291712758          0.2287746361          0.1384180213          0.1128316175E-02      0.3850491245E-02    285      7
       3.620000000          0.2388736580          0.5129179097E-01      0.1103578567          0.5023201976E-01      0.1285158013          0.1059771217E-02     -0.2642232068         -0.2642232068           1.002305840          0.1455864712          0.2747222502          0.2284361961          0.1367540182          0.2273152500          0.1379682320          0.1120946080E-02      0.4192215267E-02    275      7
       3.640000000          0.2362247021          0.4459808551E-01      0.1081313020          0.4354551393E-01      0.1280934001          0.1052571581E-02     -0.2642232068         -0.2642232068          0.9332396114          0.1450911023          0.2803418832          0.2265468837          0.1428205077          0.2254332353          0.1375213755          0.1113648402E-02      0.4497442224E-02    251      7
       3.660000000          0.2311554087          0.3877064556E-01      0.1034815460          0.3772519857E-01      0.1276738627          0.1045446992E-02     -0.2642232068         -0.2642232068          0.8686243890          0.1445992263          0.2866285738          0.2262082413          0.1495511509          0.2251018191          0.1370774229          0.1106422191E-02      0.4762813137E-02    283      7
       3.680000000          0.2249556005          0.3468247245E-01      0.9769844111E-01      0.3364407606E-01      0.1272571594          0.1038396390E-02     -0.2642232068         -0.2642232068          0.8202952468          0.1441108056          0.2948900698          0.2248578766          0.1582537239          0.2237586101          0.1366363459          0.1099266512E-02      0.4996621673E-02    291      7
       3.700000000          0.2185286746          0.3229512791E-01      0.9168541376E-01      0.3126370918E-01      0.1268432609          0.1031418735E-02     -0.2642232068         -0.2642232068          0.7907472306          0.1436258030          0.3025349137          0.2223837847          0.1663367972          0.2212916042          0.1361981164          0.1092180443E-02      0.5209817997E-02    320      7
       3.720000000          0.2124608596          0.3148565930E-01      0.8602872152E-01      0.3046114629E-01      0.1264321381          0.1024513005E-02     -0.2642232068         -0.2642232068          0.7805175466          0.1431441817          0.3109142902          0.2206391534          0.1751515833          0.2195539903          0.1357627069          0.1085163081E-02      0.5412838548E-02    340      7
       3.740000000          0.2073972518          0.3205968453E-01      0.8137348925E-01      0.3104200633E-01      0.1260237626          0.1017678196E-02     -0.2642232068         -0.2642232068          0.7879253245          0.1426659056          0.3207791206          0.2178486810          0.1854490307          0.2167704675          0.1353300900          0.1078213535E-02      0.5615109659E-02    353      7
       3.760000000          0.2040302979          0.3305061372E-01      0.7841219177E-01      0.3203970040E-01      0.1256181061          0.1010913321E-02     -0.2642232068         -0.2642232068          0.8005000680          0.1421909392          0.3311762780          0.2141158726          0.1962760393          0.2130445417          0.1349002387          0.1071330929E-02      0.5822362176E-02    371      7
       3.780000000          0.2015516705          0.3339967204E-01      0.7633652957E-01      0.3239545463E-01      0.1252151409          0.1004217411E-02     -0.2642232068         -0.2642232068          0.8049418743          0.1417192473          0.3428807148          0.2095298236          0.2084075882          0.2084653092          0.1344731266          0.1064514401E-02      0.6033880005E-02    363      7
       3.800000000          0.1995664493          0.3394356728E-01      0.7475160970E-01      0.3294597777E-01      0.1248148396          0.9975895141E-03     -0.2642232068         -0.2642232068          0.8117413762          0.1412507954          0.3561329004          0.2030506957          0.2220841732          0.2019929326          0.1340487272          0.1057763104E-02      0.6248240193E-02    332      7
       3.820000000          0.1995850027          0.3382978617E-01      0.7516782747E-01      0.3283875747E-01      0.1244171753          0.9910286950E-03     -0.2642232068         -0.2642232068          0.8104118339          0.1407855492          0.3707574521          0.1939169153          0.2371304372          0.1928658391          0.1336270148          0.1051076204E-02      0.6463969477E-02    340      7
       3.840000000          0.1998446525          0.3040153949E-01      0.7582253131E-01      0.2941700545E-01      0.1240221212          0.9845340344E-03     -0.2642232068         -0.2642232068          0.7670420070          0.1403234753          0.3866629382          0.1805038646          0.2534549745          0.1794594118          0.1332079638          0.1044452879E-02      0.6668424137E-02    377      7
       3.860000000          0.1970821536          0.2531975384E-01      0.7345250253E-01      0.2434164921E-01      0.1236296511          0.9781046289E-03     -0.2642232068         -0.2642232068          0.6977335604          0.1398645405          0.4019394577          0.1605895184          0.2691479089          0.1595516261          0.1327915488          0.1037892322E-02      0.6845790522E-02    391      7
       3.880000000          0.1918154511          0.2127347795E-01      0.6857571193E-01      0.2030173835E-01      0.1232397391          0.9717395909E-03     -0.2642232068         -0.2642232068          0.6372019393          0.1394087120          0.4119379511          0.1330921961          0.2795602061          0.1320608024          0.1323777449          0.1031393738E-02      0.6994101385E-02    387      7
       3.900000000          0.1854362828          0.1879496662E-01      0.6258392306E-01      0.1782952857E-01      0.1228523597          0.9654380478E-03     -0.2642232068         -0.2642232068          0.5971579875          0.1389559577          0.4110198551          0.1024114228          0.2790533275          0.1013864665          0.1319665276          0.1024956346E-02      0.7121643206E-02    377      7
       3.920000000          0.1787049731          0.1772315670E-01      0.5623748544E-01      0.1676395756E-01      0.1224674876          0.9591991421E-03     -0.2642232068         -0.2642232068          0.5790320238          0.1385062458          0.4001707822          0.7654413335E-01      0.2686129097          0.7552555397E-01      0.1315578725          0.1018579374E-02      0.7237884002E-02    359      7
       3.940000000          0.1721593371          0.1794495134E-01      0.5007423908E-01      0.1699192931E-01      0.1220850980          0.9530220309E-03     -0.2642232068         -0.2642232068          0.5829444717          0.1380595449          0.3854090182          0.5831566067E-01      0.2542572626          0.5730339861E-01      0.1311517556          0.1012262065E-02      0.7351419116E-02    346      7
       3.960000000          0.1665885532          0.1914575774E-01      0.4488338693E-01      0.1819885186E-01      0.1217051663          0.9469058855E-03     -0.2642232068         -0.2642232068          0.6033039722          0.1376158243          0.3706818952          0.4604021899E-01      0.2399337420          0.4503421532E-01      0.1307481532          0.1006003674E-02      0.7469482510E-02    335      7
       3.980000000          0.1622221333          0.1985708996E-01      0.4089446508E-01      0.1891624006E-01      0.1213276683          0.9408498916E-03     -0.2642232068         -0.2642232068          0.6150874343          0.1371750534          0.3572894705          0.3760283899E-01      0.2269424286          0.3660303552E-01      0.1303470419          0.9998034664E-03      0.7593632430E-02    379      7
       4.000000000          0.1572514677          0.1961582318E-01      0.3629888708E-01      0.1868096999E-01      0.1209525806          0.9348531872E-03     -0.2642232068         -0.2642232068          0.6112446917          0.1367372076          0.3454124094          0.3157965542E-01      0.2154640108          0.3058599470E-01      0.1299483986          0.9936607190E-03      0.7719278615E-02    398      6
       4.020000000          0.1512420250          0.1992294387E-01      0.3066214680E-01      0.1899402877E-01      0.1205798782          0.9289151017E-03     -0.2642232068         -0.2642232068          0.6163471336          0.1363022458          0.3349045937          0.2711511704E-01      0.2053523934          0.2612754232E-01      0.1295522003          0.9875747208E-03      0.7845134420E-02    421      6
       4.040000000          0.1449891606          0.2122049773E-01      0.2477962137E-01      0.2029746292E-01      0.1202095393          0.9230348128E-03     -0.2642232068         -0.2642232068          0.6371414809          0.1358701454          0.3255599669          0.2369553092E-01      0.1964015421          0.2271398615E-01      0.1291584247          0.9815447711E-03      0.7976098062E-02    450      6
       4.060000000          0.1388012356          0.2337286055E-01      0.1895969527E-01      0.2245564900E-01      0.1198415404          0.9172115517E-03     -0.2642232068         -0.2642232068          0.6701538809          0.1354408770          0.3171880688          0.2100302102E-01      0.1884210193          0.2002745084E-01      0.1287670494          0.9755701803E-03      0.8118043130E-02    503      6
       4.080000000          0.1329531107          0.2653167819E-01      0.1347725187E-01      0.2562023362E-01      0.1194758588          0.9114445696E-03     -0.2642232068         -0.2642232068          0.7158274680          0.1350144122          0.3096299428          0.1883352401E-01      0.1812518904          0.1786387374E-01      0.1283780524          0.9696502695E-03      0.8276894210E-02    527      6
       4.100000000          0.1284103539          0.3031786614E-01      0.9297881484E-02      0.2941213301E-01      0.1191124724          0.9057331306E-03     -0.2642232068         -0.2642232068          0.7669657446          0.1345907229          0.3027569829          0.1705128319E-01      0.1747655708          0.1608749882E-01      0.1279914120          0.9637843701E-03      0.8457851930E-02    534      6
       4.120000000          0.1248661502          0.3267972420E-01      0.6114791340E-02      0.3177964769E-01      0.1187513589          0.9000765105E-03     -0.2642232068         -0.2642232068          0.7972420189          0.1341697815          0.2964658264          0.1556301287E-01      0.1688587196          0.1460504104E-01      0.1276071068          0.9579718238E-03      0.8658379488E-02    542      6
       4.140000000          0.1194028829          0.3371815960E-01      0.1010386339E-02      0.3282368561E-01      0.1183924965          0.8944739972E-03     -0.2642232068         -0.2642232068          0.8102340918          0.1337515606          0.2906731393          0.1430274596E-01      0.1634480239          0.1335053397E-01      0.1272251154          0.9522119822E-03      0.8869730517E-02    549      6
       4.160000000          0.1115152572          0.3616981631E-01     -0.6520606691E-02      0.3528089142E-01      0.1180358639          0.8889248904E-03     -0.2642232068         -0.2642232068          0.8400039893          0.1333360335          0.2853112512          0.1322264156E-01      0.1584658342          0.1227613735E-01      0.1268454170          0.9465042069E-03      0.9092190853E-02    558      6
       4.180000000          0.1023716976          0.4124988813E-01     -0.1530974222E-01      0.4036645963E-01      0.1176814398          0.8834285012E-03     -0.2642232068         -0.2642232068          0.8985209751          0.1329231733          0.2803247292          0.1228722577E-01      0.1538567383          0.1134637790E-01      0.1264679909          0.9408478691E-03      0.9338625426E-02    563      6
       4.200000000          0.9272029639E-01      0.5015297550E-01     -0.2460890685E-01      0.4927499135E-01      0.1173292032          0.8779841517E-03     -0.2642232068         -0.2642232068          0.9927221114          0.1325129541          0.2756677488          0.1146967499E-01      0.1495749322          0.1053443264E-01      0.1260928166          0.9352423497E-03      0.9629569778E-02    565      6
       4.220000000          0.8524795816E-01      0.6461737842E-01     -0.3173117538E-01      0.6374478724E-01      0.1169791335          0.8725911753E-03     -0.2642232068         -0.2642232068           1.129108534          0.1321053499          0.2713020869          0.1074935212E-01      0.1455822129          0.9819665079E-02      0.1257198740          0.9296870387E-03      0.9994895160E-02    576      6
       4.240000000          0.8536568965E-01      0.8298200546E-01     -0.3126552066E-01      0.8211475655E-01      0.1166312103          0.8672489160E-03     -0.2642232068         -0.2642232068           1.281529224          0.1317003351          0.2671955865          0.1011013304E-01      0.1418464434          0.9185951708E-02      0.1253491431          0.9241813353E-03      0.1046471859E-01    597      6
       4.260000000          0.9455102848E-01      0.9747170705E-01     -0.2173438490E-01      0.9660975032E-01      0.1162854134          0.8619567285E-03     -0.2642232068         -0.2642232068           1.390027556          0.1312978846          0.2633209751          0.9539244986E-02      0.1383403710          0.8620520338E-02      0.1249806041          0.9187246479E-03      0.1103912060E-01    637      6
       4.280000000          0.1068017780          0.1034742776         -0.9139944930E-02      0.1026175637          0.1159417229          0.8567139777E-03     -0.2642232068         -0.2642232068           1.432604455          0.1308979735          0.2596549485          0.9026443929E-02      0.1350407109          0.8113127535E-02      0.1246142376          0.9133163935E-03      0.1167875153E-01    658      6
       4.300000000          0.1155019372          0.1013629000         -0.9818195520E-04      0.1005113799          0.1156001192          0.8515200389E-03     -0.2642232068         -0.2642232068           1.417832786          0.1305005773          0.2561774538          0.8563421710E-02      0.1319274294          0.7655465712E-02      0.1242500244          0.9079559978E-03      0.1233076852E-01    672      6
       4.320000000          0.1161602029          0.9761070709E-01      0.8996200828E-03      0.9676433279E-01      0.1152605829          0.8463742971E-03     -0.2642232068         -0.2642232068           1.391134461          0.1301056717          0.2528711235          0.8143371667E-02      0.1289831781          0.7240728771E-02      0.1238879454          0.9026428952E-03      0.1296412118E-01    685      6
       4.340000000          0.1117650809          0.9737476758E-01     -0.3158013863E-02      0.9653349143E-01      0.1149230948          0.8412761474E-03     -0.2642232068         -0.2642232068           1.389500306          0.1297132330          0.2497208255          0.7760665691E-02      0.1261928437          0.6863289163E-02      0.1235279818          0.8973765283E-03      0.1358477922E-01    687      6
       4.360000000          0.1039637247          0.1026094596         -0.1062391139E-01      0.1017732346          0.1145876360          0.8362249941E-03     -0.2642232068         -0.2642232068           1.426680530          0.1293232374          0.2467133019          0.7410610861E-02      0.1235431870          0.6518454513E-02      0.1231701150          0.8921563481E-03      0.1422134879E-01    685      6
       4.380000000          0.9665169818E-01      0.1181216014         -0.1760248978E-01      0.1172903812          0.1142541880          0.8312202513E-03     -0.2642232068         -0.2642232068           1.531620304          0.1289356617          0.2438368766          0.7089263765E-02      0.1210225499          0.6202281952E-02      0.1228143267          0.8869818134E-03      0.1492395758E-01    687      6
       4.400000000          0.1025941105          0.1447444013         -0.1132862160E-01      0.1439181400          0.1139227321          0.8262613421E-03     -0.2642232068         -0.2642232068           1.696558160          0.1285504830          0.2410812167          0.6793287216E-02      0.1186206180          0.5911434825E-02      0.1224605987          0.8818523911E-03      0.1576068605E-01    695      6
       4.420000000          0.1336354641          0.1620455701          0.2004221388E-01      0.1612242224          0.1135932502          0.8213476986E-03     -0.2642232068         -0.2642232068           1.795696003          0.1281676784          0.2384371376          0.6519838526E-02      0.1163282245          0.5643070970E-02      0.1221089131          0.8767675560E-03      0.1673722886E-01    703      6
       4.440000000          0.1645904157          0.1475063947          0.5132469126E-01      0.1466899159          0.1132657244          0.8164787621E-03     -0.2642232068         -0.2642232068           1.712826035          0.1277872257          0.2358964410          0.6266481526E-02      0.1141371887          0.5394754735E-02      0.1217592522          0.8717267904E-03      0.1772256337E-01    708      6
       4.460000000          0.1705606922          0.1227822961          0.5762055536E-01      0.1219706421          0.1129401368          0.8116539822E-03     -0.2642232068         -0.2642232068           1.561867271          0.1274091027          0.2334517800          0.6031116680E-02      0.1120401815          0.5164387095E-02      0.1214115985          0.8667295841E-03      0.1858291899E-01    707      6
       4.480000000          0.1607090757          0.1079667412          0.4809260576E-01      0.1071598684          0.1126164700          0.8068728173E-03     -0.2642232068         -0.2642232068           1.463963900          0.1270332875          0.2310965474          0.5811925090E-02      0.1100306128          0.4950149656E-02      0.1210659346          0.8617754345E-03      0.1931741599E-01    713      6
       4.500000000          0.1477366833          0.1059542671          0.3544197681E-01      0.1051521323          0.1122947065          0.8021347342E-03     -0.2642232068         -0.2642232068           1.450189165          0.1266597587          0.2288247801          0.5607323294E-02      0.1081025367          0.4750459448E-02      0.1207222434          0.8568638460E-03      0.1999834771E-01    722      6
