0.0 -0.0456227442725 -0.0417564474023
0.1 -0.0601703330485 -0.0571579511087
0.2 -0.082316246301 -0.0806097586412
0.3 -0.100408423049 -0.105111428803
0.4 -0.12384392127 -0.121825284077
0.5 -0.141600633972 -0.147819139902
0.6 -0.181328117158 -0.17638564632
0.7 -0.198344650708 -0.188981726154
0.8 -0.225316349131 -0.214484075751
0.9 -0.263365077543 -0.241472093122
1.0 -0.269495173696 -0.248674919466
1.1 -0.308657903061 -0.273260930571
1.2 -0.34681630423 -0.292181938063
1.3 -0.362404635328 -0.295390526167
1.4 -0.398961124541 -0.316115438441
1.5 -0.433191169195 -0.321955172292
1.6 -0.453209235647 -0.323060151271
1.7 -0.492450950477 -0.331895586326
1.8 -0.521972189133 -0.325054184026
1.9 -0.542732513825 -0.318698450022
2.0 -0.573601339703 -0.309970628418
2.1 -0.580897968536 -0.289566596809
2.2 -0.585126774255 -0.273388660669
2.3 -0.579585237183 -0.252466243324
2.4 -0.558167288051 -0.23130515588
2.5 -0.534523874603 -0.211737621562
2.6 -0.506855235099 -0.190107684369
2.7 -0.465688261491 -0.17128960425
2.8 -0.403276734971 -0.151194861598
2.9 -0.353770377247 -0.133503259273
3.0 -0.302257361431 -0.115757605462
3.1 -0.262772073357 -0.0997223562634
3.2 -0.210018247719 -0.0846529567257
3.3 -0.170995134319 -0.0709947001407
3.4 -0.14235231991 -0.0587072029856
3.5 -0.10992792126 -0.047897078313
3.6 -0.0881641361102 -0.0386134762246
3.7 -0.0720778310914 -0.0308667197611
3.8 -0.062457102341 -0.0246602124275
3.9 -0.059739760723 -0.0199058421621
4.0 -0.0544879047899 -0.0164201873389
4.1 -0.0418335535893 -0.0139028484139
4.2 -0.0323918775563 -0.0120390090859
4.3 -0.026488779932 -0.0106022584627
4.4 -0.0225033196372 -0.00945509966039
4.5 -0.0195169845199 -0.00851428592012
4.6 -0.0173324246519 -0.00772683989041
4.7 -0.0155194260495 -0.00705722720188
4.8 -0.0140224524219 -0.00648053085659
4.9 -0.0128703232492 -0.00597863905097
5.0 -0.0116837134157 -0.00553799746103
5.1 -0.010750772756 -0.00514821735231
5.2 -0.00999762300304 -0.00480117657291
5.3 -0.0093635773798 -0.00449041774794
5.4 -0.0085791135135 -0.00421073297876
5.5 -0.00800969489164 -0.00395786968551
5.6 -0.00749851117643 -0.00372831752034
5.7 -0.00714653965579 -0.00351915096077
5.8 -0.00661969733272 -0.00332791102323
5.9 -0.00633430042087 -0.00315251501769
6.0 -0.00589316823305 -0.00299118676174
6.1 -0.00565689836476 -0.00284240196075
6.2 -0.00535987368196 -0.00270484499088
6.3 -0.00501589864828 -0.0025773743664
6.4 -0.00476811997737 -0.00245899489768
6.5 -0.00453883081871 -0.00234883505925
6.6 -0.00432617947783 -0.00224612845392
6.7 -0.0041285473896 -0.00215019852622
6.8 -0.00399623125669 -0.00206044587448
6.9 -0.00377282640026 -0.00197633765692
7.0 -0.00361237776651 -0.00189739869718
7.1 -0.00346218475302 -0.00182320397791
7.2 -0.00332137194147 -0.00175337227513
7.3 -0.0031891574218 -0.0016875607354
7.4 -0.00306893551945 -0.00162546023659
7.5 -0.00294779300552 -0.00156679140275
7.6 -0.00287128956238 -0.00151130116816
7.7 -0.00273329316806 -0.00145875980399
7.8 -0.00263486717769 -0.00140895833662
7.9 -0.00254550082717 -0.00136170629881
