0.0 -0.00664240034263 -0.00332120017132
0.1 -0.0448343349683 -0.0224171674842
0.2 -0.0347092927676 -0.0173546463839
0.3 -0.0556828759288 -0.0278414379645
0.4 -0.28603700733 -0.143018503667
0.5 -0.653465041317 -0.326732520659
0.6 -0.146749775574 -0.0733748877877
0.7 -0.104685578935 -0.0523427894674
0.8 -0.160031547991 -0.0800157739955
0.9 -0.664781253784 -0.332390626894
1.0 -1.3092494741 -0.654624737052
1.1 -0.787725039502 -0.393862519751
1.2 -0.447140906411 -0.223570453202
1.3 -0.369866180664 -0.184933090332
1.4 -0.535136989216 -0.267568494609
1.5 -1.40990574579 -0.704952872895
1.6 -0.96483419503 -0.482417097512
1.7 -0.691715786889 -0.345857893442
1.8 -0.740295577705 -0.370147788852
1.9 -0.431942664804 -0.215971332405
2.0 -0.712414980594 -0.356207490294
2.1 -0.457151438172 -0.228575719086
2.2 -0.41152181842 -0.205760909211
2.3 -0.591558913253 -0.295779456621
2.4 -0.446821182147 -0.223410591076
2.5 -0.484755688024 -0.242377844017
2.6 -0.482673344853 -0.241336672429
2.7 -0.284549984129 -0.142274992064
2.8 -0.186169123545 -0.093084561772
2.9 -0.180607527544 -0.0903037637718
3.0 -0.202232505155 -0.101116252578
3.1 -0.187983994792 -0.0939919973962
3.2 -0.220650426544 -0.110325213273
3.3 -0.0836935364194 -0.0418467682105
3.4 -0.0885662005207 -0.0442831002602
3.5 -0.0590327666731 -0.0295163833376
3.6 -0.0509489971573 -0.0254744985785
3.7 -0.0299183064732 -0.0149591532363
3.8 -0.0121028049709 -0.00605140248548
3.9 -0.00494514791475 -0.00247257395737
4.0 -0.00185607976901 -0.000928039884507
4.1 -0.00145570199801 -0.000727850999003
4.2 -0.0012373511986 -0.0006186755993
4.3 -0.00108065584849 -0.000540327924246
4.4 -0.000959250985532 -0.000479625492766
4.5 -0.000861243231888 -0.000430621615944
4.6 -0.000779987401558 -0.000389993700779
4.7 -0.00071132160438 -0.00035566080219
4.8 -0.000652443532485 -0.000326221766242
4.9 -0.000601368688508 -0.000300684344254
5.0 -0.00055663820223 -0.000278319101115
5.1 -0.000517148139877 -0.000258574069939
5.2 -0.00048204360742 -0.00024102180371
5.3 -0.000450649890861 -0.00022532494543
5.4 -0.000422425955364 -0.000211212977682
5.5 -0.000396932051817 -0.000198466025909
5.6 -0.000373806555577 -0.000186903277788
5.7 -0.00035274903533 -0.000176374517665
5.8 -0.000333507637776 -0.000166753818888
5.9 -0.000315869530433 -0.000157934765217
6.0 -0.000299653554586 -0.000149826777293
6.1 -0.000284704503526 -0.000142352251763
6.2 -0.000270888614595 -0.000135444307297
6.3 -0.000258089980297 -0.000129044990148
6.4 -0.000246207664024 -0.000123103832012
6.5 -0.000235153362054 -0.000117576681027
6.6 -0.000224849493432 -0.000112424746716
6.7 -0.000215227628142 -0.000107613814071
6.8 -0.000206227185017 -0.000103113592508
6.9 -0.00019779434646 -9.88971732298e-05
7.0 -0.000189881148689 -9.49405743444e-05
7.1 -0.000182444715053 -9.12223575263e-05
7.2 -0.000175446606698 -8.77233033489e-05
7.3 -0.000168852270069 -8.44261350347e-05
7.4 -0.000162630564738 -8.13152823689e-05
7.5 -0.00015675335822 -7.83766791097e-05
7.6 -0.000151195176933 -7.55975884667e-05
7.7 -0.000145932904413 -7.29664522066e-05
7.8 -0.000140945519473 -7.04727597366e-05
7.9 -0.00013621386829 -6.81069341452e-05
