0.0 -0.0026420021954 -0.00332120017132
0.1 0.000823167375504 -0.0224171674842
0.2 -0.00109227565462 -0.0173546463839
0.3 -0.00293375873337 -0.0278414379645
0.4 0.0099083472355 -0.143018503667
0.5 -0.00470807079353 -0.326732520659
0.6 -0.00108405912507 -0.0733748877877
0.7 -0.00239965590509 -0.0523427894674
0.8 -0.0331378152073 -0.0800157739955
0.9 -0.0407907212024 -0.332390626894
1.0 -0.0353129086606 -0.654624737052
1.1 -0.036443389856 -0.393862519751
1.2 -0.00730754571224 -0.223570453202
1.3 -0.0178441746911 -0.184933090332
1.4 -0.0238581723634 -0.267568494609
1.5 -0.0448644978735 -0.704952872895
1.6 -0.0100199083916 -0.482417097512
1.7 -0.0123784340463 -0.345857893442
1.8 -0.0230990660738 -0.370147788852
1.9 -0.0226771574454 -0.215971332405
2.0 -0.0264096752157 -0.356207490294
2.1 -0.0353609639226 -0.228575719086
2.2 -0.0362629557731 -0.205760909211
2.3 -0.025983858382 -0.295779456621
2.4 -0.0343319091187 -0.223410591076
2.5 -0.0486252768277 -0.242377844017
2.6 -0.0738411267488 -0.241336672429
2.7 -0.095379242695 -0.142274992064
2.8 -0.178968248088 -0.093084561772
2.9 -0.269565283396 -0.0903037637718
3.0 -0.564822729401 -0.101116252578
3.1 -1.38320163964 -0.0939919973962
3.2 -1.86752368378 -0.110325213273
3.3 -1.26441428197 -0.0418467682105
3.4 -0.294131510156 -0.0442831002602
3.5 -0.175691823064 -0.0295163833376
3.6 -0.0773968010709 -0.0254744985785
3.7 -0.0349614025376 -0.0149591532363
3.8 -0.012422698047 -0.00605140248548
3.9 -0.00562857758711 -0.00247257395737
4.0 -0.00395969106112 -0.000928039884507
4.1 -0.00299970627202 -0.000727850999003
4.2 -0.00308189356713 -0.0006186755993
4.3 -0.0031113342968 -0.000540327924246
4.4 -0.00426129980075 -0.000479625492766
4.5 -0.0159709157201 -0.000430621615944
4.6 -0.387494244792 -0.000389993700779
4.7 -0.0279988863088 -0.00035566080219
4.8 -0.00628360612255 -0.000326221766242
4.9 -0.00302691853492 -0.000300684344254
5.0 -0.00189505724918 -0.000278319101115
5.1 -0.00162126247668 -0.000258574069939
5.2 -0.00105079989415 -0.00024102180371
5.3 -0.0008537320778 -0.00022532494543
5.4 -0.000716645206229 -0.000211212977682
5.5 -0.000615678206405 -0.000198466025909
5.6 -0.000538108111194 -0.000186903277788
5.7 -0.000476571062245 -0.000176374517665
5.8 -0.00037257729232 -0.000166753818888
5.9 -0.000385007862727 -0.000157934765217
6.0 -0.000350043842602 -0.000149826777293
6.1 -0.000320314151548 -0.000142352251763
6.2 -0.000340360613799 -0.000135444307297
6.3 -0.000447765743003 -0.000129044990148
6.4 -0.00025353232394 -0.000123103832012
6.5 -0.000235333863381 -0.000117576681027
6.6 -0.000238824021063 -0.000112424746716
6.7 -0.000204387841481 -0.000107613814071
6.8 -0.00019191456164 -0.000103113592508
6.9 -0.000195369670199 -9.88971732298e-05
7.0 -0.000169895729927 -9.49405743444e-05
7.1 -0.0001602708604 -9.12223575263e-05
7.2 -0.000163309007261 -8.77233033489e-05
7.3 -0.000143610889342 -8.44261350347e-05
7.4 -0.00013627660331 -8.13152823689e-05
7.5 -0.000129610760345 -7.83766791097e-05
7.6 -0.000123253103062 -7.55975884667e-05
7.7 -0.000126575686289 -7.29664522066e-05
7.8 -0.000112065044411 -7.04727597366e-05
7.9 -0.000107178094581 -6.81069341452e-05
